Mistaken Identity
Custom
HailActor Kuule 6
-721.574646 2.566577 551.189758
-721.574646 52.705940 551.189758
-721.574646 102.795456 551.189758
-762.197937 105.238556 521.897644
-803.719971 105.238556 493.979523
-845.484863 105.238556 465.897980
-887.006958 105.238556 437.979645
-930.046875 95.076981 414.126526
-970.319946 70.795547 396.138794
-999.961975 34.487732 378.204590
Custom
FlyDown
-1004.059326 25.794319 375.032806
Custom
PathKill 87 50 7 1 1 1 "a Tsol Ew scarhunter" "scrawled skin etchings collected (6/6)" 1
-1004.059570 -3.823791 375.045471
-1011.560059 -3.767731 381.919556
-1020.423584 -3.427108 386.638794
-1030.752441 -3.393337 387.497925
-1040.838379 -3.412758 385.268829
-1050.991699 -3.479527 385.730865
-1060.549927 -3.601912 389.251862
-1069.816650 -3.729287 393.376343
-1074.598633 -3.908866 402.168488
-1078.806763 -3.857537 411.397369
-1083.146240 -3.278318 420.640656
-1087.156738 -2.326498 429.973663
-1090.637817 -1.030072 439.586945
-1093.810181 0.499986 449.184601
-1097.555054 2.220118 458.477417
-1102.789063 3.147979 467.001007
-1111.275269 3.323464 472.552856
-1117.573853 3.116572 480.513245
-1121.672607 3.117363 489.941528
-1125.086182 2.906084 499.424164
-1126.198120 2.582817 509.611511
-1126.402344 1.890040 519.822266
-1125.389282 0.878173 530.029358
-1121.253052 0.260784 539.152527
-1115.462158 -0.091052 547.603149
-1109.661621 -0.598709 556.028748
-1103.652100 -0.994645 564.106140
-1097.250732 -1.229545 571.795166
-1090.641235 -1.639126 579.464050
-1082.641724 -1.660009 585.901794
-1074.586914 -2.446093 592.234253
-1067.576538 -2.787308 599.469177
-1061.940552 -3.078580 608.071472
-1058.261963 -3.173968 617.583923
-1058.068848 -2.834230 627.758301
-1060.024536 -2.136035 637.584351
-1062.906250 -1.448143 647.264404
-1066.478516 -0.744532 657.046570
-1069.960693 -0.203459 666.610046
-1073.502075 -0.059387 676.335388
-1077.007690 -0.280230 685.963440
-1081.839355 -0.515005 695.083679
-1090.677979 -0.622547 700.203918
-1099.830811 -0.857736 704.238892
-1107.526733 -1.686107 710.690552
-1109.437012 -3.157740 720.719421
-1107.928101 -4.405188 730.654480
-1106.058960 -5.241983 741.079346
-1104.687134 -5.362648 751.022583
-1104.070190 -4.945597 761.163635
-1104.142822 -4.400980 771.330933
-1105.469727 -4.078168 781.298767
-1106.963501 -3.985576 791.418457
-1108.444214 -3.114495 801.452759
-1110.815796 -1.743058 811.128723
-1119.230347 -0.936838 816.941284
-1127.686646 -0.565883 822.292786
-1133.740356 0.188521 830.486389
-1137.545776 0.601284 839.976379
-1140.613892 -0.048126 849.644226
-1143.650635 -1.621034 859.213257
-1146.650879 -3.267266 868.667419
-1149.734863 -4.267935 878.384766
-1152.950684 -4.635931 887.856323
-1157.098755 -4.937908 897.167175
-1161.784790 -4.199086 906.072205
-1163.844238 -2.154824 915.656738
-1169.566040 -0.220359 923.737793
-1175.395874 1.960939 931.932495
-1182.618774 3.457632 938.815308
-1190.817871 4.108254 945.131348
-1199.863403 4.687263 950.065857
-1209.400513 4.572555 953.099609
-1218.783691 4.676890 956.632263
-1227.771362 5.213037 961.505920
-1236.891479 5.825119 966.132813
-1246.097778 6.341563 970.025269
-1256.293579 6.490404 971.714722
-1266.109985 5.606153 969.240356
-1275.350830 4.666634 965.317749
-1284.359131 3.629371 960.733215
-1293.129517 2.493993 956.030090
-1302.004150 1.770550 951.359619
-1311.120239 0.787953 946.606201
-1320.510620 -0.475514 943.169739
-1330.149658 -2.342480 940.803040
-1339.804443 -4.640544 939.502380
-1343.297607 -5.254262 939.258545
-1004.337402 -3.833932 375.253204
-1004.337402 -3.833932 375.253204
Custom
ExamineItem "a scrap of Tsol Ew writing"
-1004.337402 -3.833932 375.253204
-1004.337402 46.500595 375.253204
-958.901123 55.568104 394.530640
-911.901184 55.568104 412.204132
-865.623352 55.568104 431.745667
-827.695801 55.568104 465.053894
-789.953613 55.552338 498.199921
-756.692444 33.752975 528.825073
Custom
FlyDown
-727.489685 9.768182 551.781616
Custom
HailActor Kuule 8m
-727.092041 2.981684 555.736816
-722.048340 52.983330 552.124878
-722.048340 103.312729 552.124878
-766.543457 119.575684 535.451721
-813.489502 119.575684 517.859436
-860.544556 119.575684 500.226624
-907.380493 119.575684 482.675781
-954.419495 119.575684 465.049774
-1001.439575 119.575684 447.430450
-1048.441162 119.575684 429.817749
-1095.387329 119.575684 412.225922
-1142.278687 119.575684 394.654510
-1189.315674 119.575684 377.028503
-1235.859985 119.575684 358.741333
-1282.464355 119.575684 340.479034
-1329.104858 119.575684 322.202576
-1375.464722 112.040504 304.906494
-1411.455688 77.172798 303.296600
-1447.723755 43.593719 312.474426
Custom
FlyDown
-1452.378296 36.859016 313.442474
Wait
50
-1452.586670 -4.372395 313.740173
Wait
50
-1477.359985 -5.115418 318.740479
-1452.586670 45.665112 313.740173
-1403.611694 54.264622 307.464294
-1353.721436 54.264622 301.071320
-1306.893066 56.047070 319.028809
-1264.753296 58.210438 346.067963
-1217.456787 60.762463 362.790253
-1169.874146 63.856094 378.588104
-1122.051270 66.965286 394.465790
-1074.560669 70.052811 410.233154
-1026.719849 73.163193 426.117126
-978.897034 76.272385 441.994904
-931.166382 79.375565 457.842041
-884.924866 82.461838 476.672241
-838.957825 85.570831 497.172791
-797.240540 62.301167 513.085632
-759.015930 35.117298 531.528320
-722.554810 7.020806 551.770325
Custom
FlyDown
-717.711060 3.605390 554.423279
Custom
HailActor Kuule 2
-720.944763 2.617841 552.307190
