Shades of Drinal: Puzzle Pieces
Custom
HailActor "Drinal's Steward" 20
-2395.943848 200.405563 733.087341
-2375.701904 245.877426 738.057983
-2344.663574 263.190125 773.282471
-2313.445068 262.359924 812.374146
-2282.208252 261.529083 851.490540
-2250.957764 260.698975 890.620850
-2219.742920 259.868988 929.706726
-2189.688232 273.410797 967.338074
-2160.520752 290.740479 1004.176331
-2129.250977 289.909058 1043.328247
-2098.029053 289.078644 1082.421143
-2048.467041 289.700836 1075.550293
-2001.401245 289.712341 1058.612549
-1954.246094 289.723755 1041.642700
-1907.142944 289.735107 1024.691528
-1859.964600 289.746307 1007.734985
-1812.903687 289.757416 990.822144
-1767.122803 289.765503 970.660889
-1729.084106 289.765503 938.142029
-1693.227295 295.429840 903.678589
-1652.358276 295.564423 874.693604
-1611.825073 301.918610 845.946289
-1570.962280 301.918610 816.965088
-1530.177124 301.918610 788.038879
-1489.301392 301.918610 759.050110
-1448.412598 301.918610 730.107483
-1403.165039 301.918610 708.446594
-1357.978760 301.918610 686.822144
-1312.947632 305.070404 665.271667
-1267.782471 305.070404 643.657471
-1224.499878 319.258789 622.943176
-1179.301514 319.258789 601.313049
-1134.074341 319.258789 579.668396
-1088.896851 319.258789 558.046387
-1043.781738 319.258789 536.450928
-1001.295044 305.021790 514.091553
-959.253174 285.111572 495.743195
-917.145264 265.169983 477.365784
-875.037354 245.228088 458.987427
-832.972412 225.306412 440.627167
-790.920410 205.390854 422.272430
-746.357727 193.767929 402.648315
-701.245056 185.301254 382.722992
-655.980530 176.805679 362.729004
-610.893188 168.343277 342.812775
-565.781372 162.914001 321.632782
-520.893616 158.290695 300.058685
-475.923645 153.483231 278.534882
-430.808105 151.307159 257.014801
-383.696991 137.624878 247.307617
-336.532318 123.727448 237.849457
-289.420166 109.845230 228.401855
-242.286011 95.956497 218.949738
-196.641953 78.082756 208.962692
-152.310989 58.096272 196.861069
-110.453278 33.434181 185.039474
Custom
FlyDown
-70.226135 16.023989 171.002579
Custom
ZoneDoor "To Feerrott"
-62.851986 13.707074 168.886505
-97.451569 13.723225 178.451263
-107.674995 13.723242 179.405441
Custom
HailActor "Dartain" 11
-115.652657 13.723247 180.253189
Custom
HailActor "Kabor" 11
-115.652657 13.723247 180.253189
-124.746330 13.723241 176.091064
-133.996979 13.723241 180.003784
Custom
HailActor "Rikantus" 7
-137.654099 13.723241 189.042877
-132.511993 13.723241 180.304642
-123.290657 13.723242 176.083054
Custom
HailActor "Kabor" 9
-119.805168 13.723243 178.849640
Custom
HailActor "Dartain" 9
-119.805168 13.723243 178.849640
-109.841248 13.723241 180.755829
-99.968498 13.723240 179.105011
-90.434723 13.659642 175.939926
-80.679352 13.566257 172.761215
-70.798904 14.206062 170.744431
Custom
ClickActor "Ulteran Spire Portal"
-63.894817 14.958296 168.548492
Wait
50
-63.894817 14.958296 168.548492
Custom
TravelMap "Eastern Wastes"
-63.894817 14.958296 168.548492
-935.062683 -307.120697 2375.308594
-961.356628 -307.120697 2418.144043
-943.631836 -264.233124 2436.887695
-895.962769 -253.671219 2425.255371
-847.583618 -259.282898 2413.450928
-799.204346 -264.894257 2401.646729
-754.474304 -270.690613 2423.262207
-718.721069 -276.361359 2458.006348
-686.615417 -281.989777 2496.252686
-656.563049 -263.775635 2532.059814
-616.833923 -261.277679 2562.571533
-576.848633 -266.908325 2592.516846
-536.832397 -272.543396 2622.483887
-497.498810 -262.404083 2651.940674
-467.645813 -229.074646 2674.299316
-437.683411 -195.622726 2696.739014
-397.780853 -189.313736 2726.621582
-357.888153 -194.930618 2756.496582
-317.886780 -200.562836 2786.452881
-278.009705 -206.177475 2816.315186
-238.210190 -211.781143 2846.119873
-198.426193 -217.382645 2875.913818
-172.232040 -251.606064 2901.714111
-135.106567 -251.683060 2935.399414
-99.936691 -258.660370 2970.545898
Custom
FlyDown
-98.665657 -259.249420 2972.245605
Custom
HailActor "Lady Nevedaria" 14
-98.691109 -269.307556 2972.272461
-107.950424 -271.122559 3003.118164
-98.488373 -270.845612 3006.562256
-88.911858 -271.941132 3010.003174
-79.020607 -273.715576 3008.589355
-73.064575 -275.561249 3000.451904
-76.263954 -281.196899 2992.367920
-80.914192 -287.831970 2986.317383
-84.206665 -294.549713 2979.579834
-86.687469 -302.729980 2973.960205
-89.176765 -310.818420 2968.302734
-92.006042 -317.625641 2961.234375
-93.748924 -321.602722 2951.957520
-90.797447 -328.088257 2944.803711
-84.949371 -333.463684 2938.356689
-76.698494 -337.697571 2933.530029
-67.228294 -339.915009 2929.839111
-57.182724 -339.528748 2927.818604
-47.145470 -337.984619 2925.637451
-37.827152 -337.087524 2921.664063
-28.551649 -337.032074 2917.686523
-19.203230 -335.269348 2914.479004
-10.219999 -331.274658 2912.618164
-0.484281 -327.518585 2912.353271
9.496212 -327.627350 2913.191650
19.484512 -329.685913 2914.162842
29.419750 -332.116455 2914.284912
39.228283 -334.479370 2914.179932
49.244701 -336.281555 2914.072510
Custom
ZoneDoor "door_to_sleepers_tomb" 2
54.782078 -336.897400 2914.012695
386.244659 -119.465996 -91.620552
380.507660 -119.465919 -89.835487
370.295532 -119.308708 -90.345833
360.274200 -119.600845 -90.846642
350.137634 -117.936256 -91.353218
340.013733 -116.266556 -91.691315
330.110352 -114.658020 -91.676102
320.234955 -113.062622 -91.274307
310.251251 -111.160347 -90.739395
287.901459 -111.046951 -91.355804
277.655579 -111.422607 -91.677223
267.788605 -111.419853 -94.002449
257.581909 -111.421249 -92.770851
247.357391 -111.421303 -92.688950
237.213348 -111.423164 -92.377800
226.976608 -111.421936 -91.998154
216.925385 -111.421692 -92.228409
Wait
50
214.355957 -111.421616 -92.299683
219.616562 -111.410881 -101.114304
219.357468 -111.410538 -111.156891
219.776443 -111.405022 -121.178696
220.393524 -111.045639 -131.327774
220.937973 -110.707222 -141.367798
221.886597 -112.173538 -151.535187
222.421799 -113.783714 -161.405365
222.956512 -115.399933 -171.312561
223.380051 -117.015762 -181.217545
223.644257 -118.642784 -191.190994
222.605988 -119.539124 -201.269760
221.683197 -119.409447 -211.570404
219.211426 -119.610718 -221.476486
210.557831 -119.937828 -226.698471
201.031387 -119.609337 -229.751190
190.868195 -119.544113 -230.646057
180.727814 -120.971962 -231.396698
170.681961 -122.608368 -232.143936
160.541855 -124.265038 -232.898193
150.530106 -125.899086 -233.126114
140.362442 -127.558205 -233.233337
130.384048 -129.184769 -233.357101
120.500450 -130.794617 -233.508240
110.390076 -132.441422 -233.662827
100.393074 -134.069717 -233.815674
90.244896 -135.722687 -233.970856
80.096703 -137.382080 -234.126007
70.203453 -139.007172 -234.277267
60.303493 -140.633362 -234.428574
50.311634 -142.274673 -234.378647
40.212032 -143.933701 -233.890244
30.168989 -144.910400 -233.404068
20.141308 -144.674210 -233.274963
10.129701 -144.464813 -233.604889
0.045689 -145.210434 -233.907333
-9.976220 -145.210449 -234.160400
-18.636415 -145.210602 -239.393555
-20.660482 -145.210907 -249.289490
-21.840847 -145.211197 -259.414978
-22.601313 -145.212646 -269.630341
-23.364590 -145.142319 -279.883575
-26.599297 -145.211349 -289.510590
-32.336761 -145.211060 -297.901642
-37.333900 -145.210770 -306.693542
-45.384361 -144.833313 -312.991669
-54.772709 -144.578644 -316.894165
-64.849686 -145.205826 -318.649261
-74.984749 -145.205215 -319.469025
-85.040382 -144.877625 -320.282288
-95.005859 -145.205582 -321.050964
-105.164238 -144.877625 -321.435730
-115.460693 -144.877625 -321.722961
-125.738319 -145.205322 -322.009155
-135.811340 -144.536804 -322.101868
-146.006165 -144.644470 -322.006165
-156.322693 -144.644470 -321.904541
-166.316833 -144.981445 -321.805939
-176.427780 -144.981445 -321.706177
-186.519943 -145.112976 -321.606720
-196.253036 -147.578476 -321.510803
-206.364105 -149.492737 -321.411133
-216.418457 -149.492752 -321.312073
-226.605103 -149.492752 -321.211609
Wait
50
-228.740707 -149.492752 -321.190552
-236.238144 -149.492737 -328.176147
-244.771942 -149.492737 -333.532104
-254.999573 -149.492737 -334.577118
-264.926056 -149.492752 -332.715424
-272.582977 -149.086746 -326.252625
-280.317261 -146.854736 -320.235840
-290.026733 -145.002502 -317.605194
-300.143738 -144.981934 -317.942902
-310.285583 -145.112381 -318.806305
-320.257629 -144.644470 -319.599854
Custom
ClickActor sig_key01 1
-321.179993 -144.184341 -319.723969
-310.980164 -145.008820 -319.863525
-300.968018 -144.981934 -319.965088
-290.838867 -144.981934 -320.067688
-280.652191 -146.737183 -320.170868
-270.767822 -149.492737 -320.270966
-260.732269 -149.492737 -320.372620
-250.696808 -149.492737 -320.474213
Custom
ZoneDoor "Portal Obelisk"
-236.520447 -149.492737 -320.618103
403.078613 -119.525108 -87.130867
393.679504 -119.849876 -83.159378
383.530518 -119.465652 -82.859802
373.212646 -119.307968 -82.809189
363.081085 -119.544945 -83.409409
353.133942 -118.433662 -83.907249
343.120911 -116.783577 -84.190750
333.163971 -115.154289 -84.456116
323.055908 -113.518394 -84.725510
313.117859 -111.912865 -84.990372
303.009766 -110.828056 -85.259766
292.922852 -111.046738 -85.597092
282.913818 -111.418114 -85.997070
272.847900 -111.415237 -84.102356
263.429596 -111.408997 -79.955482
253.510132 -111.411812 -77.181442
244.613281 -111.419022 -72.455086
236.873749 -111.422668 -66.054970
230.746643 -111.409912 -58.081970
226.201675 -111.045639 -49.163826
222.723679 -110.707443 -39.723526
220.987671 -111.953842 -29.793131
221.222870 -113.600075 -19.702000
220.565872 -115.227592 -9.725511
220.105606 -116.858963 0.274686
220.714218 -118.493134 10.291973
221.262268 -119.540321 20.256561
221.060150 -119.361610 30.298685
220.783142 -119.610901 40.500626
220.509689 -119.938843 50.570602
211.817291 -119.938042 55.661777
201.569809 -119.609367 55.692604
191.195297 -119.525337 55.735344
181.197296 -120.895836 55.776558
171.165817 -122.532898 55.620956
161.092987 -124.179001 54.739300
150.972046 -125.830757 54.406204
140.929428 -127.469193 54.426125
130.845383 -129.112808 54.445560
120.962608 -130.722107 54.464619
110.888969 -132.362473 54.484032
100.890900 -133.990479 54.503304
90.722717 -135.646149 54.522907
80.743553 -137.275818 54.542145
70.729218 -138.920807 54.561447
60.732803 -140.562866 54.580708
50.787708 -142.196457 54.599876
40.775986 -143.841019 54.619171
30.450481 -144.910767 54.639099
20.260433 -144.674332 54.658733
10.168302 -144.796875 54.678185
0.056832 -145.210449 54.697670
-10.111349 -145.210449 54.717278
-20.222574 -145.210464 54.736771
-19.392923 -145.210754 64.725449
-19.143021 -145.211060 74.878952
-18.914001 -145.211411 85.081505
-18.687510 -145.212280 95.171532
-18.461866 -145.211960 105.223801
-18.231556 -145.211166 115.483910
-18.321699 -145.210861 125.503227
-23.962475 -145.210602 133.979279
-33.279179 -145.210434 138.429810
-43.189907 -145.210373 139.915802
-53.413094 -144.796814 139.980316
-63.730968 -144.877625 139.802979
-73.973259 -145.205276 139.628799
-84.238457 -144.877625 139.454269
-94.443535 -145.205612 139.280823
-104.682274 -144.877625 139.106674
-114.773285 -144.877625 138.935059
-124.977776 -145.205368 138.761520
-135.012207 -144.536469 138.590866
-145.291458 -144.644470 138.376221
-155.303360 -144.644470 138.060822
-165.410690 -145.112976 137.773376
-175.578476 -145.033997 137.590363
-185.697830 -145.112976 137.416595
-195.725006 -147.432343 137.244446
-205.608017 -149.492737 137.074829
-215.623611 -149.492752 136.902908
-225.771423 -149.492737 136.728775
Wait
50
-229.116226 -149.492737 136.671387
-237.909256 -149.492737 131.261871
-246.787338 -149.492737 126.097908
-256.657104 -149.492737 124.138184
-266.914886 -149.492737 123.337555
-276.846313 -147.115723 124.474075
-285.766754 -145.112976 129.090927
-295.177460 -145.016571 132.990082
-304.853302 -145.016571 136.462402
-314.782166 -144.644470 138.302444
Custom
ClickActor sig_key02 1
-321.435730 -144.644424 140.016891
-311.586761 -144.645432 138.266479
-301.484650 -145.016571 137.249191
-291.160492 -145.112976 136.433655
-281.139679 -146.381409 135.608749
-271.608704 -149.492737 135.214172
-261.527008 -149.492737 135.682816
-251.313843 -149.492752 136.172058
-241.270584 -149.492737 136.653214
Custom
ZoneDoor "Portal Obelisk"
-238.330582 -149.492752 136.794052
405.264954 -119.189240 -94.866768
395.189240 -119.847084 -96.135002
385.190308 -119.466095 -94.196358
375.069305 -119.449905 -93.173653
365.067352 -119.543236 -92.379517
354.827637 -118.709839 -92.156982
344.718323 -117.042374 -91.949554
334.684509 -115.397217 -91.743698
324.801849 -113.800423 -91.540939
314.711334 -112.170265 -91.333908
304.620209 -110.828613 -91.178223
294.320007 -111.046799 -91.264587
284.038666 -111.057571 -91.357193
273.719604 -111.422852 -91.450165
263.684082 -111.422714 -91.540573
253.667496 -111.422569 -91.630814
243.480850 -111.422424 -91.722580
233.237473 -111.422150 -91.814857
223.031952 -111.422073 -91.906799
212.977585 -111.422005 -91.997368
202.869873 -111.421928 -92.088455
192.767288 -111.044449 -92.179482
182.733658 -111.046646 -92.269867
172.622620 -110.698669 -92.360947
162.530457 -112.196655 -92.451851
152.646179 -113.793488 -92.540901
142.591797 -115.418762 -92.631454
132.518509 -117.070114 -92.722168
122.520798 -118.719276 -92.812241
112.277397 -119.543167 -92.904533
102.204071 -119.496162 -92.995262
92.111839 -119.496155 -93.086166
81.925110 -119.496124 -93.177917
71.794983 -119.553925 -93.187119
61.721836 -120.682945 -93.083153
51.648685 -120.682732 -92.979195
41.688011 -120.682510 -91.645004
31.363588 -120.682281 -91.956467
21.341887 -120.682068 -91.832932
11.217605 -120.682182 -91.509102
1.184801 -120.682404 -91.276062
-9.083567 -120.682625 -91.612167
-19.202969 -120.682846 -91.417786
-29.237019 -120.270782 -91.274086
-39.309093 -119.496117 -91.094131
-49.532368 -119.496162 -90.911476
-59.716064 -119.496155 -91.111092
-69.825958 -119.308784 -90.930473
-80.067436 -119.550575 -90.712776
-90.401962 -117.845871 -90.433411
-100.509781 -116.178543 -90.159912
-110.696167 -114.526291 -90.067505
-120.977264 -112.865356 -90.155907
-130.969437 -111.080635 -90.497688
-141.149963 -111.046730 -90.862732
-151.793991 -111.046867 -91.244392
-161.904099 -111.046982 -91.606941
-171.804825 -111.424332 -93.215630
-180.534607 -111.424179 -98.597771
-188.929398 -111.424042 -104.232079
-197.142807 -111.423904 -110.032005
-205.482224 -111.423759 -115.948326
-213.852493 -111.423714 -121.886505
-220.491608 -111.423637 -129.756210
-230.613113 -111.423637 -130.188309
-240.540939 -111.423622 -128.372665
-250.497803 -111.423607 -126.310112
-260.491577 -111.423676 -124.239532
-270.362427 -111.423691 -121.472260
-279.592377 -111.423759 -116.899963
-288.757965 -111.423874 -112.165512
-297.064972 -111.424042 -106.448563
-305.276489 -111.424217 -100.261528
-313.252960 -109.433456 -93.883957
-320.121063 -105.446815 -87.790947
-327.388000 -102.384239 -81.365448
-335.122467 -100.425209 -74.960388
-333.858459 -107.841118 -81.791191
-340.067535 -111.083900 -93.161980
-350.099731 -112.660477 -93.354088
-360.170807 -114.287476 -93.573456
-370.372772 -115.940117 -93.780716
-380.332642 -117.580109 -93.683762
-390.292633 -119.223061 -93.586807
-400.347076 -119.327881 -93.488922
-410.571594 -119.569283 -93.389397
-420.512573 -121.464783 -93.292610
-430.585815 -123.092140 -93.194542
-440.696838 -124.734978 -93.096107
-450.864655 -126.410561 -92.997124
-460.937866 -128.072144 -92.899055
-471.370209 -127.798805 -92.797501
-481.367828 -128.016479 -92.700180
-491.516754 -128.003540 -92.601379
-501.644409 -128.383850 -92.375633
-511.713989 -128.388306 -92.089790
-521.821167 -128.392731 -91.788101
-532.019958 -128.047134 -91.400002
-542.061340 -128.042114 -91.126030
-550.719788 -128.037827 -85.860878
-556.379883 -128.037369 -77.331337
-561.990540 -128.041138 -68.876030
-567.581177 -128.040329 -60.450802
-573.161133 -128.042999 -52.041260
-581.021912 -127.944855 -45.658520
-587.620483 -127.527672 -53.442535
-588.681335 -125.495918 -63.272770
-587.876038 -121.099823 -72.221619
-584.437500 -117.988777 -81.116707
Custom
ClickActor sig_map 1
-582.038818 -117.988365 -86.976234
-572.199158 -118.082985 -84.675209
-562.133423 -118.611549 -83.477013
-552.448608 -121.595711 -82.515236
-542.969238 -125.611732 -82.130417
-533.217224 -128.046661 -82.193352
-523.144714 -128.392395 -82.761185
-485.336273 -128.015900 -84.947014
-475.406433 -127.799377 -86.883919
-465.530365 -128.035690 -88.599922
-455.405090 -127.159721 -89.679482
-445.350861 -125.501221 -89.767746
-435.352905 -123.862282 -89.836044
-425.317108 -122.240974 -89.904625
-415.262451 -120.616615 -89.973320
-405.245605 -119.308701 -90.041756
-395.077545 -119.545799 -90.111237
-385.003998 -118.350761 -90.180077
-374.854828 -116.676598 -90.249413
-364.924011 -115.055367 -90.202568
-354.831085 -113.424835 -90.034866
-344.761475 -111.798073 -89.947784
-334.812286 -110.698883 -89.861763
-324.527802 -111.046867 -89.772842
Custom
ZoneDoor "Portal Obelisk"
-317.938293 -111.046967 -89.715858
423.338318 -119.004211 -88.542587
433.375763 -119.842598 -86.995819
Custom
ZoneDoor "obliesk teleporter"
439.088837 -119.465889 -87.983734
48.285652 -336.942047 2920.637695
38.543762 -334.920959 2919.363770
28.623602 -332.290192 2918.067139
18.898016 -329.716461 2916.794922
9.032120 -328.436646 2915.578613
-0.954119 -328.798248 2914.452148
-10.659700 -332.013153 2914.032959
-20.013985 -335.691132 2913.232178
-29.654734 -337.484680 2910.997070
-39.203129 -336.593658 2907.090576
-48.421219 -336.670990 2903.171143
-73.666878 -294.999878 2890.703369
-107.486542 -261.468567 2874.660645
-139.551590 -226.888519 2858.029053
-173.197708 -194.135101 2840.500488
-216.236069 -181.728729 2818.071533
-260.679382 -184.053284 2794.906738
-304.984497 -186.370575 2771.814209
-349.289612 -188.687836 2748.721436
-393.247925 -191.016632 2724.611084
-432.540283 -193.336823 2693.655518
-470.579742 -199.425873 2661.719971
-506.561981 -201.553131 2627.004150
-542.615723 -201.555466 2592.222900
-578.781921 -201.557755 2557.335693
-614.976440 -201.560135 2522.419678
-651.170898 -201.562439 2487.503906
-687.351318 -201.564819 2452.603027
-730.850952 -217.742172 2433.811279
-775.624695 -237.358490 2422.843994
-820.519897 -257.028290 2411.849121
-865.301758 -277.046326 2400.822021
-906.648254 -302.426544 2387.525146
Custom
FlyDown
-931.862671 -326.747223 2375.967529
Custom
ClickActor "Translocator Spires"
-934.087280 -334.349548 2375.826660
Wait
50
-934.087280 -334.349548 2375.826660
Custom
TravelMap "The Feerrott"
-934.087280 -334.349548 2375.826660
-81.573318 13.571990 173.110443
-91.745232 13.653851 174.509216
-101.741104 13.723241 175.862915
-111.680992 13.723241 177.571564
Custom
HailActor "Al'Kabor" 9
-116.066803 13.723248 178.990646
Custom
HailActor "Dartain" 9
-116.066803 13.723248 178.990646
-106.114052 13.723241 177.209885
-96.227097 13.707088 175.440887
-86.331291 13.593065 173.664917
-76.383339 13.591125 171.389130
-66.619232 14.958296 169.624847
Custom
ClickActor "Ulteran Spire Portal"
-65.688599 14.958296 169.460678
Wait
50
-65.688599 14.958296 169.460678
Custom
TravelMap "Moors of Ykesha"
-65.688599 14.958296 169.460678
1764.896484 453.229370 740.254150
1763.592773 449.210175 749.410706
1762.159058 453.760895 758.228699
1760.157349 452.563965 768.061279
1758.115479 452.563995 778.169617
1755.225830 452.564026 788.008240
1752.825562 452.564026 797.905640
1758.006714 452.564026 806.562927
1764.074951 452.564026 814.756165
1767.685913 452.563965 824.196716
1771.496460 452.738922 833.636963
1777.657471 452.817963 841.692383
1784.155396 452.564026 849.691101
1789.936523 452.395355 858.397827
1795.895142 452.564056 867.007385
1801.924683 452.564026 875.521179
1807.903931 452.564026 883.932007
1813.948242 452.564026 892.435303
1819.872437 452.564026 900.769043
1825.927979 452.564026 909.287659
1831.764648 452.564026 917.498169
1837.699707 452.564026 925.847412
1843.591187 452.564026 934.135071
1849.482422 452.564026 942.422668
1855.286255 453.270081 950.587158
1861.111450 453.408020 958.782227
1867.002808 453.337463 967.069763
1873.174927 453.186584 975.289307
1880.111938 453.338440 982.587341
1887.440918 453.186584 989.662903
1894.811646 453.186584 996.694580
1902.560547 453.335236 1003.450745
Custom
ClickActor mariners_bell
1906.904053 453.338440 1007.153381
Wait
50
1906.904053 453.338440 1007.153381
Custom
TravelMap "Jarsath Wastes"
1906.904053 453.338440 1007.153381
Custom
HailActor "Brind" 3
-309.925995 -46.151260 1401.554688
Custom
WaitForZoning
0 0 0
Custom
HailActor "Erus Dal'viv" 14
-753.462036 -49.657040 1896.693726
Custom
HailActor "Clessi Hergravis" 3
-753.462036 -49.657040 1896.693726
Custom
WaitForZoning
0 0 0
-1130.493042 124.055275 2009.463745
-1139.987549 124.254066 2013.109985
-1149.604126 124.060997 2017.078491
-1159.276489 124.117691 2020.336304
-1168.215820 123.932808 2024.904541
-1175.567261 123.000214 2031.763672
-1181.884277 122.677132 2039.657349
-1188.384277 120.903801 2047.348267
-1195.710327 118.385719 2054.035156
-1203.386841 116.178780 2060.205566
-1212.956909 114.007683 2062.518555
Custom
ZoneDoor "Wurmbone Crag" 2
-1217.254395 113.205696 2062.659180
90.000542 13.010589 265.058716
83.724106 12.893935 257.005737
77.721657 12.418051 248.577362
71.944130 11.478999 240.464828
66.117943 9.917325 232.283966
60.349854 7.808963 224.184662
54.666176 5.552114 216.203934
48.501167 3.470221 208.290680
42.493980 1.589929 200.485855
36.871288 0.503795 192.197311
30.874567 0.011544 184.081009
24.460772 -0.065952 176.362503
14.219585 -0.598161 176.990097
8.154755 -0.659570 185.055603
2.762105 0.252079 176.672119
3.953300 -0.160615 166.665756
3.211100 -0.604331 156.448959
1.437809 -0.281891 146.475052
-0.358309 0.023488 136.447540
-1.632648 0.379346 126.458199
-1.242283 0.747652 116.288277
0.383849 1.233706 106.107124
1.927664 2.886328 96.126564
3.601631 3.082067 86.078560
6.083259 2.945210 75.982758
8.411462 3.376440 66.104034
10.048612 4.116971 56.020348
11.065153 3.637036 45.694248
12.929989 3.734730 35.613102
16.501190 3.741782 26.195515
20.328087 2.622102 16.877041
24.103374 1.129139 7.654560
27.176098 0.658077 -1.987370
29.580715 1.097292 -11.717975
32.319416 2.262921 -21.377180
35.164894 2.678406 -31.178036
37.135826 2.885398 -41.030407
37.583496 2.384339 -51.235474
35.841362 1.587834 -61.082951
32.116184 1.061329 -70.615555
25.893232 1.540857 -78.443283
17.662344 2.650805 -84.116135
9.475758 3.545328 -89.953308
0.908926 3.432000 -95.385254
-7.726737 2.525040 -100.859795
-15.639882 1.718494 -107.390137
-17.238026 1.373450 -117.454964
-15.234780 1.001334 -127.257698
-10.050335 0.285582 -135.830139
-5.587885 0.524703 -144.835938
2.566936 -0.873805 -150.923508
9.778547 -2.164962 -157.986694
15.620074 -2.720075 -166.130188
16.917986 -2.103731 -176.150497
14.831178 -1.064885 -186.124130
13.098438 -0.078823 -196.152771
8.509199 0.683123 -205.015686
-0.676345 0.811465 -209.609863
-10.491517 0.761763 -213.012802
-20.022118 0.696951 -216.548889
-24.693468 0.096021 -207.474075
-22.227695 -0.461015 -197.770706
-17.986526 -0.949060 -188.624847
-27.985100 0.932022 -187.803894
-37.103992 5.950427 -188.150436
-46.250614 10.468170 -188.173996
-54.865280 15.636379 -188.415039
-63.431896 21.277048 -188.888626
-71.429794 27.357573 -189.282104
-81.398895 26.591291 -189.608047
-84.368607 27.831757 -180.013641
-83.899071 30.569021 -169.942062
-82.896141 32.160892 -160.093018
-81.313293 32.257732 -149.897522
-78.432381 32.537304 -140.280228
-76.115288 32.464256 -130.249496
-75.431610 32.255795 -120.156586
-77.032875 32.255795 -110.135284
-78.315979 35.468613 -100.316177
-76.941002 39.857861 -91.195053
-76.222412 43.151745 -81.732323
Wait
20
-76.663223 42.712292 -78.054146
-76.147339 40.684124 -67.968719
-76.175804 37.650444 -58.208035
-76.332832 33.618458 -48.684639
-76.055916 33.631382 -38.381847
-75.399353 36.117306 -28.557140
-71.343529 37.369423 -19.472466
-70.085457 41.058975 -10.059833
-68.584564 43.779152 -0.286336
-67.157921 43.585110 9.769107
-70.394104 43.585110 19.428373
-73.877487 45.835701 28.794418
-77.444252 48.609371 37.848991
-80.469940 51.888241 47.098114
-83.018623 52.176350 57.084839
-80.686340 52.010036 66.974716
-78.991325 52.173637 76.959198
-70.971817 52.661987 83.021927
-61.146130 50.566345 84.252045
-51.376411 48.678085 85.587120
-41.649654 47.598759 87.811119
-31.989950 46.749290 90.662727
Wait
20
-24.717585 46.500492 91.664307
-14.777717 46.360859 93.502335
-5.900425 50.843739 94.591530
2.957725 56.518463 94.873436
12.498643 60.533627 95.495544
20.371807 63.181786 101.521400
21.512129 59.395767 110.913757
22.132271 55.643200 120.466331
Wait
20
23.558813 52.617428 129.428802
Custom
Target Errlik
30.953136 52.617428 136.682831
Wait
50
30.953136 52.617428 136.682831
41.215660 52.617428 135.363556
Wait
20
44.635376 52.617428 127.317360
54.515015 52.325844 125.675560
64.516098 54.615517 124.816643
74.137222 57.694569 123.790726
83.253189 61.785038 123.035721
93.244484 61.059597 121.752831
95.477837 61.059597 111.819672
94.084122 62.767399 102.007355
92.651390 65.657501 92.180061
91.433449 69.158119 82.698036
91.829796 69.281929 72.682755
94.256302 67.727814 62.949909
95.910652 64.350044 53.430988
97.117989 60.374039 44.116459
98.067131 56.398041 34.771660
98.823776 57.527733 24.738306
99.268715 57.397476 14.731736
99.189644 57.185909 4.716812
99.350113 57.384525 -5.320071
98.913773 57.185909 -15.567371
98.071205 59.118801 -25.441257
96.367447 62.843861 -34.761280
95.166710 68.130836 -43.541340
94.479088 68.083122 -53.537182
84.541283 67.962280 -55.041428
74.449951 67.494354 -54.296070
64.261459 66.276344 -53.257065
54.102287 65.649567 -51.943764
43.850628 66.047668 -50.607876
33.767643 67.505699 -49.293976
23.578396 67.306709 -48.833309
13.771923 67.385345 -51.104630
Custom
Target Merg
5.176995 67.376007 -54.321831
Wait
50
5.176995 67.376007 -54.321831
Wait
50
-2.648722 67.393158 -52.202816
-12.750605 67.417427 -53.103142
-22.490376 69.849335 -53.684414
-32.248508 72.335724 -54.392872
-41.972054 75.069916 -55.139759
-51.460381 78.266151 -55.723736
-61.122204 81.262299 -56.261150
-71.256523 81.413399 -56.807713
-85.446838 81.589996 -52.901638
-76.839508 81.413399 -58.098736
-78.851273 81.413391 -67.965477
-81.640030 81.658005 -77.653038
-84.012474 81.971489 -87.536308
-85.854286 82.539040 -97.670280
-87.606163 83.759239 -107.628845
-88.980469 85.599037 -117.454582
-96.194077 84.926514 -124.472443
Wait
50
-99.455864 84.926514 -124.750832
-99.911964 86.260490 -134.975662
-100.271011 87.699364 -144.938919
-100.601456 90.002975 -155.119781
-100.859062 90.998474 -165.398041
-100.941422 89.833923 -175.357910
-100.493195 89.833923 -185.432816
-98.779968 90.127495 -195.291977
-93.031235 89.833923 -203.756577
-83.185791 89.833923 -201.176376
-73.137413 89.833923 -200.993820
-63.374985 92.341026 -200.904984
-53.357723 94.630196 -201.804276
-43.431534 97.495270 -202.993240
-33.936062 100.971199 -203.618057
-24.158661 103.959465 -203.469513
-15.057938 102.810402 -198.841660
-10.627372 102.919296 -189.591507
-1.058310 102.879776 -185.640396
Wait
50
0.586942 102.706650 -185.157440
Custom
Target Krelgrek
0.586942 102.706650 -185.157440
Wait
50
0.586942 102.706650 -185.157440
10.544751 102.674194 -186.414139
Custom
ClickActor "Zone Out Portal"
14.772865 102.674194 -187.197159
Wait
50
0 0 0
Custom
Zone 103 270
98.791328 12.982146 268.106140
-1130.274902 124.049057 2008.757080
-1083.409790 136.270737 1995.716431
-1035.279785 136.270737 1981.465820
-991.731812 114.918625 1968.618286
-950.457520 88.662979 1957.201172
-909.343445 62.509224 1945.829224
-868.053162 36.243214 1934.409424
-827.878723 9.161118 1921.943115
-788.665161 -19.129436 1908.277466
Custom
FlyDown
-754.533569 -46.585831 1896.751099
Custom
HailActor "Erus Dal'viv" 12
-754.533569 -49.658627 1896.751099
Custom
HailActor "Clessi Hergravis" 3
-754.533569 -49.658627 1896.751099
Custom
WaitForZoning
0 0 0
-1124.000000 123.714386 2006.998779
-1133.225342 124.186150 2011.142456
-1142.811035 124.255646 2015.014771
-1152.520874 123.868782 2017.723755
-1162.475586 123.968658 2019.235962
-1172.431274 122.356384 2020.155640
-1182.513184 123.358597 2020.738037
-1192.573242 124.309753 2019.313110
-1202.596313 125.479340 2018.607422
Custom
ZoneDoor "Wurmbone's End" 2
-1206.345215 125.962059 2018.908081
-16.204628 -130.200134 307.160828
-7.979942 -129.940567 312.871613
-3.500416 -127.262405 303.777679
-1.821674 -123.891792 294.207428
-0.231970 -118.906616 285.545898
0.986813 -115.069450 276.226074
1.871508 -113.910706 266.097748
2.350813 -113.910706 255.942657
2.611700 -113.772171 245.929047
Wait
50
2.797274 -113.910706 238.806183
1.814919 -113.143356 228.808044
1.414500 -113.076561 218.655472
1.384679 -112.742256 208.546402
1.397117 -111.603889 198.320313
1.311582 -110.353416 187.983612
0.923524 -110.174240 177.728424
0.523413 -110.243668 167.558456
0.191095 -104.992577 158.851883
-0.150748 -100.216896 149.540466
-0.345628 -98.216377 139.355316
Wait
50
-0.541099 -98.265068 132.539581
0.671250 -88.388893 133.607727
-3.189937 -97.617599 132.939102
-7.217229 -98.378723 123.614136
-11.087011 -95.881172 114.391609
-13.648236 -91.455666 105.454834
-15.598755 -87.141968 96.346619
-16.490543 -86.134583 86.132568
-16.156588 -85.373833 75.933876
-16.621481 -84.937904 65.854950
-18.563179 -85.286789 55.957550
-22.124466 -85.305397 46.337017
Wait
50
-25.585711 -85.089951 38.610229
-40.009140 -86.033691 38.123306
-50.057026 -85.759644 37.616810
-60.422520 -85.459366 37.163063
-70.472931 -85.070297 36.934875
-80.886459 -84.329926 37.558651
-91.182739 -83.602798 38.248802
-101.391411 -82.710121 37.592686
-110.794930 -82.222321 33.994392
-120.353760 -81.414200 30.393143
-129.961151 -81.089546 27.413412
-139.991776 -81.389641 27.216200
-142.987244 -82.114845 37.145729
-142.794556 -83.510773 47.282860
-142.396912 -85.471695 57.556538
-143.199554 -87.941956 67.372566
-150.186127 -90.347206 74.157394
-160.053024 -91.642303 75.946030
-169.960693 -92.665779 77.499977
-179.700226 -95.659470 77.662315
-189.171158 -97.598000 74.579971
-198.090256 -98.698219 69.674393
Wait
50
-205.221664 -99.744225 65.326447
-213.810532 -101.609329 59.973907
-223.104980 -102.729706 56.098907
-225.060104 -102.576012 46.003803
-227.970444 -101.420967 36.495071
-233.234039 -101.049217 27.954367
-238.636398 -103.215919 19.588774
-243.287888 -103.490082 10.549292
-247.694565 -99.958641 2.119693
-254.807983 -97.796661 -4.662913
-262.797089 -97.857491 -10.917406
Wait
50
-269.513123 -97.966835 -15.493698
-261.815247 -97.416634 -22.035778
-253.920731 -99.780777 -28.152716
-245.972900 -103.644180 -33.316498
-237.151459 -104.462753 -38.446571
-228.638458 -104.378098 -44.102879
-220.897980 -104.095322 -50.882408
-214.699188 -103.833450 -58.784977
-207.250931 -103.599525 -65.550049
-197.611389 -103.969025 -69.177292
-188.664734 -104.232941 -73.646202
-179.588654 -101.964882 -78.458557
-170.520248 -99.469467 -82.183281
-161.145920 -97.967804 -86.033691
-151.384735 -95.778656 -85.204659
-142.949173 -92.902908 -79.979904
-134.283173 -90.316872 -75.605461
-124.815804 -88.718170 -71.644768
-124.684769 -87.686646 -61.646759
-125.145462 -86.956619 -51.521904
-125.314255 -86.396706 -41.302650
-124.363571 -84.695366 -31.291225
-116.963821 -82.078064 -24.776260
-107.705795 -79.265633 -21.891600
-98.564659 -77.900841 -25.814476
-89.422203 -75.300659 -29.251522
-79.704216 -73.236458 -31.793615
-69.878944 -72.267464 -33.743740
-60.054195 -71.989937 -36.125393
-50.312519 -70.880272 -38.690327
-40.451012 -70.082199 -40.740650
-30.398031 -70.021873 -41.441887
-21.222639 -69.929550 -45.746750
-11.314657 -70.021828 -49.279812
Wait
50
-7.171977 -70.062698 -50.639141
-8.680305 -60.189335 -51.208961
-7.818995 -70.088455 -52.562683
-5.297924 -67.032021 -62.131939
-4.614418 -62.894264 -71.365578
-4.330152 -59.671726 -80.867424
-3.682657 -59.567940 -90.847778
-3.248144 -51.963997 -97.442650
-0.578054 -59.428818 -103.802826
3.066650 -59.671726 -113.298935
6.532601 -59.671726 -122.956581
Wait
50
7.696911 -59.671726 -126.520370
6.578365 -49.755627 -127.267952
7.230602 -59.671726 -126.103508
8.479123 -59.930695 -136.104126
9.482881 -63.183426 -145.568100
10.490957 -66.042587 -155.172241
11.515607 -68.724388 -164.965698
12.584129 -72.134003 -174.392227
16.367668 -72.396965 -183.883316
Wait
50
19.311224 -72.296944 -186.744843
9.042904 -72.737312 -186.920303
-0.887839 -72.655281 -188.217209
-10.793368 -72.538376 -190.497681
-21.014162 -72.040947 -191.604187
-30.877209 -71.595520 -189.717651
-40.785576 -69.964691 -188.491776
-48.054413 -63.241032 -189.901184
-51.152618 -72.036385 -193.638947
-52.155296 -73.821556 -203.681961
-46.609791 -75.523880 -212.353760
-42.230618 -76.760757 -221.481766
-41.720688 -78.022644 -231.652878
-46.377365 -77.140167 -228.770401
-55.739868 -74.233269 -231.280396
-64.570244 -70.219498 -234.144470
-74.057198 -69.051193 -237.470505
-83.657150 -70.789040 -240.121063
-93.619682 -72.564934 -242.658981
-103.436920 -71.637505 -245.128143
-109.582710 -70.567467 -253.098526
-112.552650 -69.987366 -262.825500
-117.525017 -71.632553 -271.428802
-123.127960 -74.199837 -279.638245
-129.862411 -73.861954 -287.603088
-136.794983 -73.230835 -295.144104
-144.214417 -73.230835 -302.313232
-154.279633 -73.230835 -304.067230
-164.426239 -73.230835 -305.546509
-173.610916 -68.871696 -306.848969
-180.958710 -61.522846 -307.852875
-188.203568 -54.276970 -308.984467
-198.556946 -53.181610 -310.050598
-208.850876 -53.167984 -309.325012
-219.034760 -54.109718 -308.094116
-228.936768 -52.024708 -308.163483
-237.104095 -46.273140 -309.563751
-245.721985 -45.025562 -314.721863
-249.767242 -44.452065 -323.892273
-248.971542 -43.931465 -333.887085
-247.898682 -43.564663 -343.829956
-250.662735 -43.146343 -353.688538
-256.273438 -42.613087 -361.993927
-264.037872 -41.853252 -368.583740
-273.993896 -41.562149 -370.669983
-284.105896 -40.951782 -368.581848
-293.931152 -39.425919 -366.566467
-303.923798 -38.290508 -366.270172
-313.775299 -37.445538 -368.943939
-323.495941 -37.379749 -372.338379
-334.742828 -37.353981 -371.824341
-344.913818 -37.479790 -370.200409
-354.399963 -35.862511 -366.961609
-363.405273 -33.718224 -362.630188
-372.305389 -33.148899 -357.871033
-381.083252 -34.412186 -353.124817
-389.521820 -35.363148 -347.306244
-387.035919 -33.728168 -337.518494
-382.217224 -32.069931 -328.514221
-377.360413 -28.245699 -320.563904
-372.371704 -23.098118 -313.462311
-364.563599 -20.676117 -307.522827
-355.077271 -18.699024 -304.086731
-344.953888 -17.337709 -303.422333
-334.834625 -14.834844 -303.385681
-325.202515 -11.889939 -304.294189
-315.654083 -8.858391 -305.558289
-306.015411 -7.359357 -307.780762
Wait
50
-302.078308 -6.979539 -308.372833
Custom
Target Necromunger
-302.524750 -7.024317 -308.430817
Wait
50
-302.524750 -7.024317 -308.430817
-314.706787 -8.441935 -324.842194
Custom
ClickActor sig_monolith 1
-314.994202 -9.184849 -333.437317
-314.722992 -8.450346 -325.328186
-302.524750 -7.024317 -308.430817
-312.127533 -8.259664 -311.534668
-321.538208 -11.104495 -313.822327
-331.028503 -14.466179 -315.706818
-340.655334 -17.447453 -317.588928
-350.356384 -19.167694 -319.485413
-360.261475 -20.444221 -321.421936
-369.480255 -24.246508 -323.224274
-378.791809 -27.527199 -325.044617
-387.608582 -31.519197 -328.112152
-389.945831 -34.474979 -337.459198
-385.852966 -35.559258 -346.613953
-380.058380 -34.043926 -355.008606
-370.625916 -33.020767 -358.561554
-361.059692 -34.510056 -361.221985
-351.994537 -36.552643 -365.947388
-343.019165 -37.643208 -370.364777
-332.889465 -37.028934 -371.271393
-322.753174 -37.405132 -370.120819
-312.732178 -37.483242 -368.513336
-302.684082 -38.400585 -367.317780
-292.501282 -39.686703 -367.564789
-282.400391 -41.146847 -368.026245
-272.412720 -41.805355 -368.482422
-262.276794 -41.891872 -368.226379
-253.283936 -42.099373 -363.427856
-247.388321 -42.840267 -355.290710
-247.146286 -43.523529 -345.172699
-247.878677 -43.947254 -334.841461
-248.253052 -44.657990 -324.514587
-246.517883 -44.935467 -314.264038
-238.661530 -45.877659 -307.966736
-230.126740 -51.186703 -306.900604
-220.419373 -54.096313 -306.526764
-210.268799 -53.321301 -306.906403
-200.243347 -53.236240 -306.185394
-190.098877 -53.214569 -305.875824
-182.501114 -59.980228 -305.881683
-175.321304 -67.161079 -305.746399
-167.952255 -74.254089 -305.588257
-157.917267 -73.230835 -305.540192
-148.052124 -73.230843 -308.151154
-141.973923 -73.230835 -316.260651
-139.173065 -73.230835 -325.912292
-139.154678 -75.194260 -335.966736
-139.145798 -75.362137 -346.418457
-139.137268 -75.982857 -356.473236
-139.128693 -77.293686 -366.546875
-139.081207 -77.897598 -376.658142
-137.896439 -79.293434 -386.541962
-132.927307 -81.706123 -394.987549
-122.779564 -82.343987 -395.992035
-112.931862 -84.364220 -395.198883
-102.981941 -86.430099 -394.697906
-93.552498 -89.015892 -397.524567
-84.101387 -92.163193 -399.883423
-74.745239 -95.479263 -401.919098
-66.256790 -98.334190 -407.293549
-58.566124 -100.376572 -413.562988
-50.899139 -102.905304 -420.038452
-42.563519 -105.269333 -425.807800
-33.174221 -106.786568 -428.941559
-23.334253 -109.292992 -427.436371
-13.383816 -111.654846 -425.517853
-4.550300 -113.749695 -421.293030
3.456851 -115.920410 -415.044128
9.239302 -119.477837 -407.276672
12.354836 -121.185616 -397.790741
15.351514 -123.365906 -388.417633
18.347025 -125.770660 -379.077362
22.476494 -129.509338 -370.751190
29.400684 -131.620712 -363.777496
39.040779 -133.110458 -360.442627
48.806923 -134.372437 -362.733337
57.096313 -135.737244 -368.653839
64.871513 -135.924561 -375.262390
72.239899 -139.429657 -381.350769
80.159157 -144.045471 -385.836853
88.851677 -149.157700 -388.610291
98.101723 -153.456238 -390.607269
107.214020 -157.505676 -392.033295
116.887154 -161.454834 -393.542755
126.454277 -164.767502 -394.648560
136.564255 -165.713684 -395.581909
145.082367 -171.807312 -396.037018
154.186722 -176.482620 -396.869354
163.713593 -180.191101 -398.061035
173.850601 -180.774414 -399.399353
183.893875 -182.388535 -400.725250
192.756653 -186.901276 -401.895325
201.959122 -190.860703 -403.227814
211.297607 -194.150116 -404.997070
220.692169 -197.141022 -406.781647
230.441010 -199.992126 -408.630005
240.105347 -202.783340 -410.516205
249.989746 -205.037048 -412.555420
259.804108 -206.223434 -414.559448
269.789459 -207.577209 -416.266785
279.758698 -208.820618 -417.956818
289.765137 -209.650681 -419.653107
299.846191 -210.601715 -421.362030
309.776794 -211.435349 -423.053680
318.893036 -212.084854 -427.420807
328.908691 -213.293625 -425.870667
339.202606 -214.281937 -426.757965
349.430023 -214.833252 -428.093323
359.649048 -215.538742 -429.370148
369.869995 -216.197037 -430.647308
380.037628 -216.340637 -432.352966
390.054565 -216.406891 -434.833527
400.034821 -216.401505 -437.304993
409.996613 -215.650955 -439.771759
419.662476 -214.687820 -442.165192
429.862244 -213.593353 -444.402863
439.665863 -211.888382 -445.422333
449.567627 -209.924164 -446.268433
459.604614 -207.901749 -447.126129
469.655273 -206.604141 -447.758057
479.854889 -205.255447 -449.123291
489.855530 -203.934647 -450.435730
499.929138 -202.611786 -451.871765
509.967621 -201.597305 -453.345032
518.399719 -201.634811 -459.261261
523.356201 -201.590805 -468.080200
527.964966 -201.386414 -477.144043
532.696472 -201.771896 -486.271790
537.770874 -202.206924 -495.167908
543.452942 -202.579208 -503.663696
549.629700 -200.930771 -511.764191
556.093201 -199.347977 -519.241760
563.210754 -197.930786 -526.447266
570.375854 -195.570786 -533.419983
577.526733 -192.842514 -540.297913
585.230652 -190.249054 -546.359192
593.595337 -185.206711 -550.031006
602.709900 -180.157288 -551.443604
611.871460 -175.907104 -551.208435
621.185120 -170.978821 -549.615906
629.728455 -166.118088 -546.874878
638.335754 -161.633713 -543.361023
646.522278 -158.862869 -537.928345
653.458313 -158.862854 -530.442871
659.696777 -158.862854 -522.300415
663.656860 -158.862854 -512.558411
664.951843 -158.862854 -502.562103
663.179504 -158.862854 -492.566559
Wait
50
661.955200 -158.862854 -488.771301
Custom
Target Prime
661.955200 -158.862854 -488.771301
Wait
50
661.955200 -158.862854 -488.771301
Custom
ClickActor "Zone Out Portal"
670.113220 -158.862854 -486.848022
Wait
50
0 0 0
Custom
Zone -17 321
-16.463099 -130.200134 313.533905
-1145.364868 124.194405 2016.926147
-1135.670166 124.211227 2013.832886
-1087.375977 129.597153 2001.187866
-1041.901611 113.997864 1987.419189
-999.018677 91.327065 1974.147339
-956.031372 68.801224 1960.817383
-913.093872 46.301556 1947.503418
-870.290161 23.871737 1934.229248
-827.336304 1.363340 1920.908813
-786.057068 -23.476507 1907.275024
Custom
FlyDown
-759.113281 -41.348713 1898.449951
Custom
HailActor "Erus Dal'viv" 9
-753.813538 -49.655415 1897.521240
Custom
HailActorMultiOption "Clessi Hergravis" 2 1 1
-753.813538 -49.655415 1897.521240
Custom
WaitForZoning
0 0 0
-835.102112 -54.051678 1258.915039
Custom
SwimUp
-835.102112 -52.373287 1258.915039
-818.050659 -52.195919 1231.520508
-815.141174 -52.169403 1221.695068
-811.857544 -52.151005 1212.105347
Custom
ZoneDoor "enter ancient vault zone" 2
-811.264832 -52.195679 1210.390503
-44.119999 10.392988 -16.180000
-44.260075 12.023501 -26.244635
-44.249649 11.259200 -36.496128
-43.856934 9.973512 -46.485115
-43.741226 7.095623 -56.236801
-43.623135 5.246984 -66.215302
-43.502811 3.833337 -76.382767
-34.013062 3.830777 -79.617279
-24.415295 3.668482 -82.504494
-16.226479 2.567832 -88.409981
-10.558796 1.547930 -96.656082
-7.365739 1.038057 -106.120338
-5.507361 0.057793 -116.001808
-7.375459 -0.422287 -125.823929
-11.810789 -0.416353 -134.845474
-17.361166 -0.380430 -143.491470
-24.272505 -0.331724 -150.897354
-28.863026 -0.117826 -160.085114
-29.158201 1.897223 -170.029251
-27.597143 1.964001 -180.254135
-22.403376 1.249211 -188.808899
-16.789585 -0.686139 -196.915787
-11.142442 -1.813837 -205.343811
-5.863322 -2.128846 -213.945602
-0.650105 -3.065345 -222.454834
5.585289 -4.336956 -230.370117
12.882343 -5.739738 -237.287415
20.449165 -6.958762 -244.191269
27.916470 -7.951623 -250.811279
36.249931 -9.221134 -256.408295
45.652409 -10.588907 -260.221680
55.470253 -12.566459 -263.337830
64.999870 -13.607272 -266.362427
74.379959 -15.210856 -269.588257
83.790909 -16.143284 -274.248322
91.999893 -16.578987 -280.145325
99.251900 -16.776361 -287.486694
105.587769 -18.228643 -295.522949
105.622963 -18.449917 -305.736816
101.948799 -17.963579 -315.266022
99.693886 -17.413958 -325.286407
101.016312 -16.459747 -335.373962
104.240280 -15.803751 -345.138428
109.016579 -14.223301 -353.914642
116.127563 -14.441643 -360.943542
125.720734 -14.350245 -363.937683
135.543594 -14.438790 -360.421356
Wait
50
136.868927 -14.438725 -360.867157
Custom
HailActor "Tarag the Lost" 7
136.868927 -14.438725 -360.867157
146.923401 -14.438945 -361.042603
157.214447 -14.350245 -360.613800
166.860687 -14.348043 -357.160706
173.927048 -15.253116 -349.888031
177.487762 -16.354694 -340.402649
180.141861 -16.863245 -330.657684
182.194626 -17.963579 -320.601013
184.407944 -18.561995 -310.737091
193.569275 -17.205029 -306.346771
203.277222 -17.679522 -308.916687
213.047150 -18.096985 -311.871185
221.254242 -18.288622 -317.798157
228.912781 -18.305616 -324.334991
235.834747 -18.402588 -331.600677
243.287109 -18.950958 -338.308044
252.701660 -19.749523 -342.223663
263.219604 -21.016411 -342.938568
273.260071 -23.088116 -342.430115
283.172150 -25.538944 -340.927460
292.506683 -27.732597 -337.716888
301.849976 -29.557697 -333.851105
311.256500 -29.830601 -329.991577
321.060089 -29.625246 -326.667786
331.179230 -29.789934 -325.400330
341.619293 -29.724913 -325.181061
351.490509 -28.643530 -327.797760
360.975891 -28.148901 -331.511292
370.127075 -27.570160 -335.669495
379.933777 -26.612562 -339.021912
389.548523 -26.028807 -341.751831
399.275482 -25.750313 -344.513702
409.092651 -25.091885 -347.304230
418.742401 -24.344206 -350.825165
428.024841 -23.069427 -355.152832
436.154114 -20.907005 -361.246216
444.047119 -19.757261 -368.039490
450.584656 -19.108458 -375.587982
455.113922 -18.639116 -384.764099
458.913055 -19.154341 -394.188599
462.654846 -19.501842 -403.479706
466.548706 -19.557011 -413.076965
470.765594 -17.446190 -421.980957
475.081665 -17.416651 -431.041321
Wait
50
479.839600 -17.419001 -444.576019
479.564850 -17.418964 -434.224304
476.673737 -17.418968 -424.259491
472.469513 -19.186268 -415.050415
467.754547 -19.506411 -405.849976
463.134033 -19.524752 -396.856018
458.548065 -18.377474 -387.929260
453.815277 -18.868385 -378.716705
447.272766 -19.542307 -371.069397
438.748657 -20.015759 -365.382843
430.511597 -21.787659 -359.888336
421.933533 -23.522888 -354.604645
412.853546 -24.465782 -349.986908
403.306366 -25.525888 -346.548798
393.728088 -25.882210 -343.349304
384.120483 -26.361509 -340.139893
374.460541 -27.165894 -336.905365
365.145996 -27.948172 -332.937134
356.302063 -28.290724 -327.525818
347.763428 -29.740446 -322.076508
339.246826 -29.480640 -316.827637
329.330139 -29.380373 -319.306732
326.300751 -29.380373 -309.727448
330.248749 -29.409508 -300.436035
334.486847 -29.672020 -291.027588
338.616974 -28.868324 -281.860260
341.763184 -28.961021 -271.909058
339.822174 -29.570969 -262.007019
336.038544 -29.752214 -252.661850
329.369354 -28.824192 -237.348663
324.912720 -28.423058 -228.028412
321.738739 -27.713348 -218.297150
323.307770 -27.049723 -208.378586
327.325836 -26.690666 -198.873093
331.721375 -26.002178 -189.874130
336.217072 -25.710575 -180.776810
342.297882 -26.901308 -172.705093
349.756500 -27.410143 -166.021881
357.640015 -27.385029 -159.753387
366.375916 -26.984085 -154.554871
374.856506 -28.856377 -149.459396
382.524048 -28.842485 -142.375870
389.833832 -28.848570 -135.389938
393.591461 -28.848442 -125.886520
395.946625 -28.849033 -115.938942
402.844971 -28.848177 -108.378471
409.819214 -28.270229 -115.965088
415.188843 -27.544073 -124.693848
420.583008 -25.288271 -133.088486
425.990479 -24.348267 -141.475449
Custom
ClickActor "overseer coffin" 1
430.404327 -24.199499 -147.649399
Wait
50
428.342621 -24.251007 -143.951492
423.641113 -24.846691 -134.867432
421.671112 -26.724712 -124.949532
426.417908 -28.846380 -116.229965
432.830353 -28.847759 -108.511742
438.953796 -28.845747 -100.299828
445.000275 -28.845457 -92.124710
450.936157 -27.347456 -84.056107
456.119110 -26.628702 -75.196068
459.549530 -25.745398 -65.730774
461.810944 -25.319946 -55.440418
462.250336 -25.373253 -45.222591
462.476166 -25.059147 -34.985237
462.749146 -24.911640 -24.935837
465.585510 -23.845860 -14.913207
471.010681 -22.488279 -6.621055
478.212738 -21.355030 0.641217
485.727112 -20.277128 7.236372
493.143341 -18.131540 13.742719
500.715942 -17.106503 20.386177
508.105835 -16.053192 27.372456
514.421326 -15.588156 35.458141
522.966309 -14.672437 40.613220
531.722351 -15.045275 45.439655
540.643982 -15.859402 50.357330
550.377136 -15.952434 53.197094
560.434265 -15.948952 53.834858
570.449219 -15.896768 51.941380
580.448730 -16.980715 49.629177
590.302124 -16.879211 47.637630
600.157410 -16.415703 45.645664
610.068481 -15.969642 43.643566
620.049255 -14.631112 41.801739
629.737976 -15.792611 39.345409
639.079407 -17.673330 35.957027
648.431396 -18.956005 32.061108
657.492920 -20.860929 27.671076
666.146362 -23.403852 23.173689
674.976074 -25.625908 18.525925
681.083557 -28.076399 10.942418
686.848267 -30.794487 3.026746
691.588440 -33.432926 -5.601929
Custom
ClickActor "Teleport Down"
696.168396 -35.785133 -13.941177
Wait
50
0 0 0
680.159973 -120.779999 -106.809998
677.961304 -122.981010 -116.605789
673.969788 -124.830544 -125.862793
668.552002 -126.387733 -134.141937
662.695251 -127.993103 -142.310471
657.112122 -129.775894 -150.561783
651.652771 -130.902222 -158.916992
644.219421 -130.470764 -165.821091
653.491028 -130.470764 -179.460449
653.848633 -130.470764 -189.507675
653.927979 -130.564713 -199.925797
654.008057 -130.678757 -210.319626
656.856323 -129.276810 -219.881927
662.838806 -130.509781 -227.870270
670.969177 -130.995132 -234.093536
679.095947 -131.571014 -239.982010
687.327087 -132.373657 -245.919708
695.618469 -133.088516 -251.903168
703.870544 -134.163086 -257.908478
712.060730 -134.741272 -263.870544
720.196289 -135.498550 -269.811157
728.054932 -136.265869 -276.067871
733.875732 -137.650146 -284.325623
738.261292 -139.291290 -293.456207
742.149231 -141.114731 -302.973938
745.875000 -142.095596 -312.272308
750.200745 -142.483124 -321.489716
755.174744 -142.435349 -330.287720
760.482300 -144.047256 -338.827515
765.789734 -145.373108 -347.367310
771.117188 -144.922653 -355.939209
776.527466 -144.760605 -364.593140
782.117065 -144.810242 -373.513214
785.903809 -144.932068 -383.173065
784.247437 -143.800964 -393.011169
780.236511 -142.799911 -402.422241
773.796753 -142.035828 -410.271271
766.358093 -140.765945 -417.202820
758.756714 -140.752213 -423.927887
751.517273 -140.290344 -430.847931
746.201050 -139.148010 -439.423065
744.677307 -137.461136 -449.166382
745.145081 -136.697281 -459.172150
745.778748 -136.612488 -469.377289
746.413696 -136.413559 -479.601440
746.891235 -136.363556 -489.852661
747.247986 -136.366119 -500.109070
747.481323 -136.367081 -510.142242
747.495361 -136.380783 -520.290588
Wait
50
747.952942 -136.121658 -528.365601
748.054260 -136.371277 -504.328217
748.096924 -136.373840 -494.228210
748.139893 -136.364746 -483.984863
747.970154 -136.512146 -473.876099
748.042725 -136.671600 -463.844513
748.820496 -136.898514 -453.685730
750.013123 -138.585754 -443.899292
753.260803 -139.712143 -434.469696
758.345215 -140.677673 -425.452881
764.449890 -140.763382 -417.051361
770.695984 -141.401657 -409.172150
776.973145 -142.624695 -401.341705
783.055542 -143.800964 -393.223877
787.221924 -144.932068 -384.154327
784.899780 -144.945770 -374.188416
779.298218 -144.803146 -365.900055
772.396118 -144.860138 -358.279633
765.610168 -145.142273 -350.808929
758.968750 -144.107590 -342.746613
753.647461 -142.509811 -334.337067
749.235657 -142.605621 -325.073486
745.216614 -142.353973 -315.508057
741.411804 -141.578888 -306.078552
737.720154 -139.727463 -296.929352
733.915161 -137.964844 -287.520233
729.411987 -136.544693 -278.619019
722.778442 -135.705780 -271.069458
714.587158 -134.930435 -264.720886
706.411621 -134.375717 -258.835480
698.174622 -133.403030 -252.905777
690.014343 -132.564728 -247.031296
681.807983 -131.792542 -241.123688
673.525085 -131.008713 -235.160904
665.331726 -130.634491 -229.235672
657.561707 -129.603287 -222.498108
651.939148 -129.823029 -214.174088
648.604858 -130.985886 -204.511780
648.554749 -130.145248 -194.468460
649.048279 -129.159775 -184.522308
651.256287 -130.470779 -174.780579
654.854919 -130.470764 -165.068970
659.047241 -130.774597 -155.854019
663.093384 -128.344666 -146.940414
667.229065 -127.104446 -137.829834
671.390076 -125.273033 -128.655899
675.291626 -123.610023 -119.287849
678.530579 -121.429604 -109.831184
Custom
ClickActor "Teleport Up"
679.971619 -120.486511 -105.269913
Wait
50
0 0 0
695.539978 -35.590000 -13.220000
691.216431 -33.116154 -4.359704
686.789856 -30.431383 4.590007
680.493469 -27.733906 12.236893
672.387146 -25.189114 18.467802
664.337158 -22.882645 24.331573
656.337891 -20.234833 29.876520
648.074402 -18.244541 35.604507
639.435486 -17.050840 40.509617
630.273071 -15.155967 44.316895
620.703186 -15.283175 47.395294
610.981445 -16.138376 49.618011
600.496277 -16.454082 49.916027
590.010437 -16.951326 50.187023
579.977966 -16.697407 50.446301
569.964355 -15.836578 50.705090
559.742920 -15.865350 50.969254
549.389954 -15.952433 50.735237
540.131287 -15.954226 46.651993
532.466309 -15.046584 39.946426
524.001526 -14.315670 34.495495
515.571777 -15.486477 28.743401
507.569580 -16.449390 22.534756
499.777161 -17.526152 15.972979
491.854736 -18.978319 9.301576
484.134705 -20.846701 2.800609
476.532471 -21.652140 -3.799795
470.734192 -22.725426 -12.223582
466.784485 -24.224669 -21.469696
464.417847 -24.766474 -31.277565
462.681061 -25.386169 -41.217766
462.095551 -25.214594 -51.236244
461.532867 -25.447454 -61.388870
460.813171 -26.282797 -71.355568
456.646423 -26.797138 -80.456200
450.879669 -28.093718 -88.665344
442.556732 -28.833982 -94.690285
434.035187 -28.847868 -100.375130
425.647675 -28.848185 -105.954407
417.228699 -28.691530 -111.554626
408.904419 -28.285059 -117.092514
400.901031 -28.847557 -123.628265
393.695496 -28.848099 -131.094513
386.652740 -28.849062 -138.402634
379.003571 -28.835468 -145.172043
371.020966 -28.625597 -151.409088
362.778137 -27.078114 -157.065964
354.396973 -27.379040 -162.722565
345.718262 -27.505276 -168.580093
337.573761 -26.528811 -174.605698
332.199463 -25.716101 -183.539154
328.837799 -26.308405 -193.033859
325.602234 -26.801517 -202.753250
322.733246 -27.287140 -212.629822
323.157471 -27.912506 -222.865234
326.106415 -28.682285 -232.592178
330.306396 -29.014725 -241.683762
335.184662 -29.574745 -250.539246
339.452179 -29.669622 -259.871857
343.483337 -29.365118 -269.182434
345.951874 -28.747044 -279.035797
344.359009 -29.594814 -289.110535
339.753876 -29.380373 -298.028992
332.489532 -29.383604 -305.026123
324.957642 -29.501238 -311.913177
317.362579 -29.633434 -318.815277
309.781494 -29.759029 -325.704590
301.937164 -29.742874 -332.551208
293.337677 -27.833130 -337.803864
284.322998 -25.842352 -342.229126
274.982910 -23.475143 -346.151154
265.630859 -21.325020 -349.107849
255.591980 -20.322664 -348.092499
247.149460 -19.420816 -342.780792
239.419464 -18.675856 -336.137573
232.041290 -18.451218 -329.334564
224.493652 -18.325617 -322.687256
216.235245 -17.911877 -316.859650
207.602554 -17.627047 -311.753235
197.870773 -16.955812 -309.358978
187.987015 -18.238468 -307.316742
177.973694 -18.598032 -305.247742
168.004913 -17.963579 -303.149994
157.778473 -17.963579 -300.991669
147.792450 -17.963579 -298.884033
137.714142 -17.525078 -296.756134
128.083115 -17.963579 -293.905243
118.480591 -17.963581 -290.010132
109.451530 -17.547277 -285.297119
100.346489 -16.829121 -280.986664
91.138947 -16.617487 -276.627686
81.828926 -15.916658 -272.220184
72.604225 -14.999020 -267.853302
63.349197 -13.345753 -264.344727
53.336681 -12.235440 -260.972717
43.861504 -10.173012 -257.781647
34.261677 -8.818320 -254.546219
25.188368 -7.680502 -249.767578
17.166195 -6.646058 -243.489136
9.207382 -5.355588 -237.221542
2.104305 -4.058668 -230.072723
-4.112766 -2.959108 -221.815460
-10.081715 -2.133148 -213.606903
-15.703977 -1.582978 -204.785461
-20.726097 0.097784 -195.922379
-25.262417 1.389337 -187.003403
-27.627275 2.175217 -177.312607
-27.065201 1.815555 -167.029007
-23.893486 -0.142002 -157.630280
-20.505919 -0.344745 -148.203522
-17.073612 -0.450819 -138.652252
-13.622127 -0.587356 -129.047623
-10.129439 -0.592059 -119.326508
-10.717252 0.566033 -109.332947
-13.359157 1.547930 -99.562111
-19.420208 2.567832 -91.405045
-26.448563 3.670375 -84.354729
-34.060528 3.833337 -77.785591
-41.100250 4.682606 -70.479149
-44.444897 5.809234 -61.052589
-45.010525 8.157829 -50.924477
-45.295483 10.888921 -41.308590
-45.594994 12.182878 -31.201517
-45.891132 10.672194 -21.207804
-46.189526 10.392988 -11.138528
-46.493507 10.392988 -0.880332
Custom
ZoneDoor "exit ancient vault zone"
-46.284943 10.767293 7.815552
-838.875061 -50.570168 1198.756226
-838.373596 -4.973473 1219.655396
-833.681274 42.197239 1235.845459
-826.698669 88.614471 1253.150757
-826.698669 138.748764 1253.150757
-826.253052 188.230484 1261.856567
-826.253052 238.364609 1261.856567
-813.211731 272.552917 1248.775269
-774.949829 264.809326 1217.413208
-812.516602 268.381775 1199.811890
-826.039001 273.406128 1223.921631
-847.930298 281.262146 1190.991577
-873.799438 292.330414 1149.335815
-875.635864 342.459961 1149.999390
-861.963379 364.298126 1193.027466
-849.881470 361.624084 1241.606201
-842.632813 337.913544 1285.192505
-836.417603 312.745483 1328.540039
-830.229431 287.715118 1371.649170
-824.067993 262.791595 1414.575195
-817.877686 237.751358 1457.705933
-811.687561 212.711151 1500.832275
-805.526184 187.787430 1543.760620
-799.364990 162.863708 1586.689453
-793.174866 137.823410 1629.819336
-787.015869 112.909485 1672.731445
-780.767578 87.327354 1715.607178
-774.278503 58.559189 1756.265991
-768.782959 29.515821 1796.785522
-763.283020 0.449941 1837.336548
-758.693359 -29.992926 1876.793579
Custom
FlyDown
-756.716675 -45.709877 1896.730591
Custom
HailActor "Erus Dal'viv" 5
-755.030029 -49.658264 1897.835938
Custom
HailActorMultiOption "Clessi Hergravis" 3 1 1
-754.234497 -49.657368 1897.019897
Custom
WaitForZoning
0 0 0
-310.296478 -48.701126 1370.655396
-307.547516 -47.703514 1384.195435
-308.260406 -46.590462 1394.510986
Custom
ClickActor "mariners_bell"
-309.532684 -46.033623 1404.781128
Wait
50
-309.532684 -46.033623 1404.781128
Custom
TravelMap "Greater Faydark"
-309.532684 -46.033623 1404.781128
458.631500 91.708923 177.079803
461.832275 116.494141 176.268631
504.382538 97.632706 157.637634
545.996948 82.767929 133.650696
577.937988 66.613464 98.438370
Custom
FlyDown
591.949402 58.937805 82.579582
598.055481 51.951180 86.325035
606.848083 52.125347 91.607750
615.772583 52.881313 96.396614
624.666931 52.880318 101.245010
633.492310 52.868221 105.998978
642.083923 52.561264 111.186424
650.593506 51.584255 116.610123
659.913879 51.584255 120.906334
670.125671 51.584255 121.293167
Custom
HailActor "Al'Kabor" 6
670.421021 51.584255 121.116653
Custom
HailActor "Dartain" 6
670.421021 51.584255 121.116653
Custom
ZoneDoor "To Obol from Eidolon" 
673.466858 51.584255 122.958427
Custom
HailActor "Drinal's Steward" 1
-723.187622 -3.875552 22.871500
