Allu'thoa Abduction
Custom
HailActor "Corrith Midner" 5
-1404.146973 8.942090 926.292664
-1404.146973 59.111897 926.292664
-1404.146973 109.169128 926.292664
-1355.067993 119.256615 926.201233
-1309.131714 136.213852 937.005615
-1267.630371 142.908829 964.116760
-1221.173462 137.727646 982.799377
-1180.364136 125.894638 956.241028
Custom
FlyDown
-1169.800781 121.642021 952.673340
Custom
PathItemKillApplyVerb 33 25 12 1 1 1 "an Allu'thoa high shaman" "I captured an Allu'thoa high shaman using the barbed grasp spell Corrith provided" 1 100 "Corrith's Barbed Grasp" "Capture the Barbed Allu'thoa"
-1169.824219 97.966446 952.682617
-1160.336548 100.148285 949.831970
-1150.531128 100.962082 947.981750
-1149.126831 101.429031 950.144165
-1154.856934 100.209106 943.986511
-1146.466431 100.209106 938.241455
-1142.038818 100.145462 928.594788
-1137.402954 98.477615 919.876770
-1128.623413 96.135201 915.295044
-1119.725098 93.028046 911.859009
-1109.992065 92.005814 909.138916
-1099.729858 91.927734 906.619324
-1089.646851 91.927734 905.436218
-1080.369629 91.927734 909.426697
-1073.789673 91.725861 917.576599
-1067.457397 91.020271 925.352844
-1058.703613 91.032326 930.477539
-1058.721313 91.411186 940.626953
-1050.829468 92.203880 943.696655
-1056.942261 91.200172 939.836426
-1060.689209 91.875923 949.404968
-1057.346558 91.982460 958.938843
-1056.868164 92.566887 969.002808
-1059.105713 93.529152 979.174988
-1061.098511 96.068382 988.959534
-1061.788208 99.638046 998.702820
-1061.263672 102.980049 1008.124023
-1062.486694 106.293968 1017.742310
-1066.835938 109.007149 1026.687500
-1068.953369 111.726425 1036.345581
-1070.171997 117.633270 1044.777100
-1070.746338 123.115540 1053.284668
-1073.566895 125.495789 1062.683472
-1074.157837 125.808655 1065.321411
-1169.084595 98.293159 952.208618
-1169.084595 98.293159 952.208618
-1169.084595 148.413849 952.208618
-1218.006104 157.320068 957.817322
-1268.299072 157.320068 956.736633
-1313.406860 136.284500 951.875427
-1344.492676 97.649323 943.251709
-1375.860840 59.096745 934.947754
-1402.364502 16.946653 928.338318
Custom
FlyDown
-1403.676514 12.818451 926.903076
Custom
HailActor "Corrith Midner" 8
-1404.208130 8.942090 925.887878
