Shattered Seas: Temple of Doom
Custom
HailActor "Captain Greymast" 5
-158.340866 6.949456 -908.206116
Custom
HailActor "Researcher Aillena Belzia" 4
-158.415680 6.897185 -906.464600
-159.201523 57.120808 -905.809631
-183.804565 100.272354 -912.894226
-218.226868 135.483887 -922.997864
-258.399353 163.657013 -933.707520
-306.747284 163.651245 -946.596558
-355.555084 163.645462 -959.608643
-404.109436 163.639679 -972.553101
-452.899353 163.633911 -985.560242
-500.451874 172.604172 -998.237732
-549.132507 172.598465 -1011.216003
-597.849731 172.593063 -1024.026245
-647.952209 172.593063 -1022.670959
-698.143677 174.873474 -1021.863403
-748.328674 178.174774 -1022.892761
-798.399841 178.174774 -1023.919556
-848.526123 178.174774 -1025.341797
-898.551819 178.174774 -1029.439453
-947.905518 178.174774 -1038.099976
-996.552551 169.071869 -1047.410889
-1033.029541 135.103012 -1052.711670
-1058.919800 92.498329 -1058.655640
Custom
FlyDown
-1077.643188 59.896439 -1061.562500
Custom
ZoneDoor "To Ssraeshza Temple" 6
-1077.639893 51.559921 -1061.561401
469.155701 -116.161865 42.928520
460.624573 -116.161865 37.353649
453.196594 -116.161865 30.649412
446.494415 -116.161865 22.979197
437.295410 -116.161865 18.236185
428.055695 -116.161865 13.791595
417.918182 -116.161865 13.081028
408.350128 -116.161865 16.875711
398.880615 -116.161865 21.387524
389.563049 -116.161865 25.741728
380.457092 -116.161865 29.990784
371.322723 -116.161865 34.860573
363.610901 -116.060493 41.378090
355.312805 -116.161865 47.480690
345.588104 -116.161865 50.633327
335.682312 -116.161865 49.146744
325.383850 -116.161865 46.704750
315.323456 -116.161865 46.003281
305.142792 -116.161865 46.707523
294.900879 -116.161865 47.943790
284.770325 -115.702888 49.182865
274.764954 -114.080101 50.406662
264.678772 -113.058571 51.854012
255.708832 -108.810066 53.088284
246.954819 -103.614105 53.649521
237.216797 -101.081787 53.511883
Wait
50
227.285416 -100.903809 53.159679
232.370621 -101.081787 44.436325
234.479187 -100.928543 34.261593
236.094498 -98.858521 24.312527
237.247375 -95.318451 14.647769
228.659790 -90.231308 15.526404
219.820404 -84.739021 15.931332
214.809662 -83.431358 15.799849
219.099350 -83.364990 25.224977
229.485886 -83.372726 25.035677
239.373001 -83.495499 27.687500
Wait
50
245.570343 -83.491829 29.556971
237.676910 -83.371597 36.063660
229.542099 -83.501335 42.841843
223.891800 -83.342354 51.591106
223.569336 -83.504860 61.817364
227.457352 -83.365044 71.177017
234.202347 -83.498596 79.157089
241.529846 -83.365013 86.395615
247.776016 -83.157906 94.650398
238.946152 -79.274269 97.629326
230.228119 -73.400597 98.016670
222.265274 -67.247971 98.334808
216.506851 -65.456482 90.226311
219.541565 -65.456451 80.232437
218.109253 -65.516724 70.130104
213.931000 -65.505226 60.899246
222.740082 -65.311188 55.706261
233.026733 -65.258102 56.784309
242.360535 -65.208748 60.800232
248.566528 -65.571457 68.861557
255.249100 -65.583740 76.402679
262.062134 -65.595177 83.870537
269.396179 -65.572990 91.125717
Wait
20
269.564148 -65.608032 91.291870
264.944824 -65.456490 82.404770
259.529480 -65.590248 73.636528
253.611145 -65.378654 65.150467
247.604584 -65.208740 56.821442
241.616409 -65.208763 48.517952
235.646637 -65.456482 40.240009
229.557114 -65.547829 31.795994
Wait
20
225.411469 -65.562035 26.047422
222.062622 -65.456482 35.864220
218.597214 -65.513443 45.701332
211.890793 -65.310616 53.392380
201.909348 -63.500557 55.809715
192.302322 -60.091278 55.901958
182.523895 -56.621288 56.093254
172.746170 -53.151482 56.336533
163.079483 -49.879459 56.280010
153.041840 -50.217117 55.815247
142.911713 -50.215260 55.249435
132.800308 -49.674290 54.816898
Wait
50
127.180412 -49.674290 54.631203
116.903496 -48.851658 54.290394
Wait
50
114.341331 -48.839573 54.291119
Custom
HailActor "Researcher Aillena Belzia" 7
125.532654 -49.376080 51.872803
Custom
ShatteredSeasTempleofDoom
119.581146 -49.246723 47.089516
Custom
HailActor "Dargan Greymast" 4
119.581146 -49.246723 47.089516
108.670418 -48.839573 49.982300
98.747276 -48.910049 52.072075
88.619537 -49.674290 53.141335
78.520920 -50.216167 53.989750
68.410683 -50.216805 55.264191
Custom
ZoneDoor "Zone Exit"
63.285236 -50.218521 55.910282
-1071.563110 51.639580 -1062.618164
-1071.563110 102.028473 -1062.618164
-1057.971069 150.245255 -1061.542725
-1015.431335 174.750244 -1052.031616
-967.127808 188.252426 -1049.516968
-916.733765 188.253448 -1047.011597
-866.639404 188.253693 -1044.520508
-816.151855 188.253693 -1042.009766
-765.814026 188.253693 -1039.507446
-715.663086 188.253693 -1037.013916
-665.624817 188.253693 -1034.526123
-615.548523 188.253693 -1032.036621
-565.864441 195.492722 -1029.567017
-516.523987 205.237579 -1027.114014
-467.403473 197.143753 -1020.255920
-425.670990 176.584991 -1001.906799
-383.714020 157.726349 -982.248596
-341.049377 136.614258 -965.580261
-298.256195 113.512169 -952.131104
-255.399246 90.375771 -938.661743
-214.725601 61.871822 -931.400696
-179.979294 27.924404 -917.843811
Custom
FlyDown
-159.955383 9.091254 -911.637390
Custom
HailActor "Captain Greymast" 3
-158.962296 6.956739 -911.364868
