Kunark Ascending: Seeking Reassurance
Custom
HailActor Jarrakas 4
627.144897 253.778381 1337.053833
631.314819 252.840881 1327.591675
635.909119 250.589417 1318.779053
641.414368 249.439728 1310.141724
650.551758 249.072800 1306.043335
660.722351 249.030685 1306.965698
667.066162 249.389923 1314.702271
669.718933 249.399048 1324.355103
672.167053 249.468811 1334.108154
674.622009 249.668594 1343.888916
677.117798 250.009293 1353.832764
679.599487 250.708939 1363.938354
678.007507 251.258362 1374.000000
673.508057 251.369873 1383.035400
668.753784 251.035645 1391.986206
664.960022 250.691345 1402.889160
Custom
HailActor Tazthas 5
673.877991 253.436829 1406.752563
665.096802 250.682999 1402.527100
666.527466 251.111633 1392.578247
674.019714 251.087784 1385.619629
680.623169 250.783447 1377.970947
682.401794 250.657547 1368.012329
679.802307 250.096893 1358.250122
675.264465 249.891235 1349.202393
670.046326 249.628372 1340.630493
664.337463 249.762894 1332.403076
658.636597 249.544205 1324.187256
652.795471 249.380249 1315.830444
645.173157 249.261581 1309.284546
635.953430 249.793472 1313.585449
632.853638 252.611969 1322.814575
629.332703 252.840881 1332.371948
Custom
HailActor Jarrakas 4
627.393799 253.778381 1337.139893
630.027161 252.840881 1324.982666
636.873047 250.152466 1318.119751
644.371033 249.382309 1311.334717
653.967651 249.109940 1308.283569
664.045532 249.218948 1309.095703
674.175232 249.382217 1309.980713
684.207031 249.363297 1310.857178
694.504578 249.298935 1311.756836
704.718140 249.312210 1312.649170
714.889709 249.552704 1313.537842
725.033325 249.418808 1314.424072
734.995544 249.102631 1315.294434
745.041443 249.068665 1316.172119
755.157471 248.972366 1317.055908
765.288818 248.907776 1317.923340
775.309265 249.351395 1317.528564
785.312378 249.647583 1315.660278
795.162231 249.932816 1313.498657
805.105652 250.031097 1311.188721
813.084961 250.683517 1304.726685
816.086914 250.558624 1295.072510
817.161682 251.941895 1285.022461
817.693115 254.686249 1275.317627
Custom
Zone 820 1259
818.259216 256.517029 1265.310547
-1216.952759 -16.267441 -658.220276
-1216.952759 33.599022 -658.220276
-1166.875732 33.599022 -655.685730
-1129.528931 27.764387 -622.811462
-1101.979126 27.760191 -580.795532
-1074.507202 27.756004 -538.899597
-1047.087402 27.751810 -497.081360
-1019.606445 27.747625 -455.168945
-992.125488 27.743441 -413.256714
-965.589722 41.634068 -372.785828
-938.655945 52.369167 -331.708221
-911.184692 52.364979 -289.811432
-883.764771 52.360802 -247.993088
-856.170898 52.356594 -205.908142
-843.604065 52.355701 -157.212631
-839.474609 52.355701 -107.076172
-866.737732 79.777206 -75.213974
-892.073669 115.799835 -51.449413
-925.946960 127.657333 -16.446327
-960.531677 128.761490 19.691513
-969.360779 140.938690 67.380386
-956.245300 166.903610 108.262962
-926.811340 173.380142 148.241287
-908.789063 203.632065 184.092728
-900.827271 239.455490 218.188492
-891.573547 254.556076 265.237885
-891.209961 247.928680 314.962219
-934.292786 244.860321 340.758514
-973.971436 262.896698 365.742462
-1008.015869 264.067230 402.817535
-1041.354736 264.074951 440.363068
-1082.395752 259.977539 468.753571
-1130.989380 250.516663 460.725433
-1179.712158 241.450500 453.353851
Custom
FlyDown
-1201.407593 237.509125 450.204803
ClickActor
Blessed
-1201.408325 230.773636 450.203217
Wait
50
-1201.408325 230.773636 450.203217
Custom
TravelMap "Kunzar Jungle"
-1201.408325 230.773636 450.203217
-151.995544 1.861307 -84.332108
-151.995544 51.877983 -84.332108
-102.428055 60.296741 -83.870682
-52.311543 60.296741 -83.404099
-1.988669 60.296741 -82.935562
48.221687 60.296741 -82.468079
94.171570 60.296741 -102.834473
132.058594 60.296741 -135.815506
169.790222 60.296741 -168.661133
199.752777 77.748215 -204.864380
209.573090 108.360634 -243.456985
217.774887 107.093567 -292.776367
213.468781 116.791512 -294.352264
211.777679 130.346161 -342.800110
210.335419 132.749466 -392.733246
206.717133 136.526535 -442.626129
202.561676 136.526535 -492.590942
158.890488 136.526535 -517.475525
109.055412 136.526535 -522.372864
58.736179 136.526535 -523.135742
8.679435 136.526535 -523.894409
-41.600613 136.526535 -525.678040
-90.301552 147.689987 -528.703369
-131.664078 147.689987 -557.242310
-154.503937 147.689987 -601.950562
-173.063507 147.689987 -648.425659
-190.429443 165.509033 -691.911682
-208.996002 165.509033 -738.404236
-227.583450 165.509033 -784.949402
-246.184753 165.509033 -831.528931
-250.098511 165.509033 -881.428406
-254.218719 165.509033 -931.433899
-258.336151 165.509033 -981.401917
-262.451996 165.509033 -1031.351440
-266.566345 165.509033 -1081.282715
-262.549774 165.509033 -1131.229248
Custom
FlyDown
-257.379791 165.188232 -1169.341187
ClickActor
Entrance
-257.379791 151.763733 -1169.341187
Custom
DoorOption "Lost City of Torsis: Reaver's Remnants [Solo]"
-257.379791 151.763733 -1169.341187
Custom
WaitForZoning
0 0 0
Custom
Instance LostCityofTorsisReaversRemnants
0 0 0
ClickActor
door
0 0 0
-257.514954 149.459335 -1142.313110
-257.514954 199.466904 -1142.313110
-258.623230 202.354385 -1092.021484
-259.729675 202.354385 -1041.820923
-254.017151 202.354385 -991.582947
-245.613525 202.354385 -942.135864
-237.212952 202.354385 -892.707336
-220.859192 201.564636 -845.312317
-201.201462 201.563309 -798.877747
-181.567841 201.562119 -752.499573
-161.948914 201.560822 -706.156494
-142.337219 201.559601 -659.830200
-117.329178 200.399170 -615.954407
-87.836426 198.441437 -575.478821
-53.913563 184.047058 -541.071533
-4.904394 193.369415 -535.954895
45.236851 188.317764 -536.338623
94.184868 176.188339 -539.250793
143.134903 163.297684 -542.197937
192.253922 151.487015 -543.538574
223.392593 153.835190 -503.921356
249.731445 152.692200 -461.140533
276.526398 147.294174 -419.044678
303.294617 140.107040 -377.328156
331.358948 133.854675 -336.253021
358.495697 123.879333 -295.375610
388.485229 115.477760 -255.883560
418.635010 108.910591 -216.438232
450.680786 101.123512 -178.772034
487.219788 97.381432 -144.375061
535.866943 90.406425 -134.127472
586.212708 85.091949 -132.758728
636.092468 79.826706 -131.402710
686.083984 74.549652 -130.043625
735.851929 69.296227 -128.690536
786.018555 64.861534 -126.407166
836.089661 63.073353 -122.047638
885.664551 68.394257 -118.301346
935.746704 67.055756 -113.175262
Custom
FlyDown
970.208679 65.262421 -109.607040
978.539978 59.293613 -108.598053
Custom
Zone 988 -107
981.336853 59.534420 -108.728043
-1518.517456 -8.302814 -415.018921
-1501.118042 38.722065 -416.699310
-1452.481812 50.545658 -419.123779
-1402.412231 50.545658 -420.883179
-1352.352417 50.545658 -421.547241
-1303.178223 41.405704 -420.718658
-1253.248169 35.681889 -419.415894
-1203.692627 28.342075 -418.122620
-1153.717285 26.324068 -416.818420
-1107.318604 36.371555 -400.569550
-1070.730103 49.467628 -368.966736
-1037.912598 72.402550 -338.958069
-1000.894348 73.922455 -304.266113
-966.077393 75.412506 -267.960052
-931.803894 89.651047 -233.689789
-895.715454 88.775276 -198.545639
-857.371399 84.814888 -166.647537
-818.704285 72.046928 -136.754852
Custom
FlyDown
-808.759888 68.652794 -129.143051
-807.842896 62.183174 -121.418488
-807.164001 64.031921 -110.957069
-807.136597 64.031921 -100.820076
-807.340271 67.151077 -91.173302
-807.599243 67.221985 -80.746040
-809.239258 67.221985 -70.816666
-811.087158 67.221985 -60.933979
Custom
HailActor Dominus 5
-811.087158 67.221985 -60.933979
