Menace in the Mine
Custom
QuestStarter 547.761169 125.018372 442.055084 25 "Thalumbra" "Greater Faydark" 35
0 0 0
456.631500 91.708923 181.079803
447.499329 115.046379 224.631607
413.338043 119.593719 261.123932
376.221252 124.725807 294.446899
335.316589 127.708817 323.526337
307.519409 133.781921 320.050934
298.099884 138.510269 310.470001
Custom
FlyDown
296.134369 137.452637 302.698761
ClickActor
Portal-Gate
296.134369 126.875061 302.698761
Custom
WaitForZoning
296.134369 126.875061 302.698761
489.320007 95.700470 57.217098
498.165375 131.345795 91.234116
508.439575 143.142929 138.804565
513.029236 156.274994 187.320847
516.787170 157.658234 237.470428
520.456482 159.177261 287.721771
519.292786 158.913635 338.052856
509.679108 154.103989 387.334747
Custom
FlyDown
504.201019 156.082581 427.195007
513.607910 131.115952 431.004578
522.973938 130.915497 435.082123
532.312988 129.096542 439.175659
541.032593 125.775780 442.997772
Custom
HailActor Brytthel 5
547.761169 125.018372 442.055084
537.223816 127.171532 441.368469
528.230835 130.252609 437.624390
518.739502 130.977142 433.896698
508.583252 131.859848 431.667816
498.784729 131.240463 429.765564
454.875946 155.474472 425.897308
405.518982 162.039383 431.857056
355.914764 159.890305 437.970093
306.148010 157.649292 444.399628
Custom
FlyDown
277.432312 155.252869 469.454742
271.294342 149.167542 474.815369
263.520355 150.945221 480.896393
ClickActor
Entrance
260.352539 150.945221 483.229279
Custom
WaitForZoning
260.352539 150.945221 483.229279
-222.143555 -6.925875 -1.309536
-211.947739 -6.832972 -0.960766
-201.932190 -6.711115 -0.479505
-194.884796 -6.832972 7.179055
-188.165466 -7.691724 14.890124
-181.353256 -7.565768 22.404367
-174.472137 -7.612559 30.008591
-167.870483 -7.390678 37.748375
-162.064041 -7.545222 46.329407
-156.874100 -7.718031 55.043575
-151.617004 -7.718248 63.811512
-146.279388 -8.008001 72.625130
-140.933456 -7.624911 81.452553
-135.612427 -4.041328 89.382294
-127.971558 -2.980701 95.905792
-120.153748 0.443176 101.495369
-111.964035 3.045334 107.285027
-103.326385 5.106599 112.502121
-94.290016 7.937944 117.716263
-85.562637 8.715461 122.787766
-78.144035 8.815668 129.729279
-76.811447 9.307764 139.876419
-76.046852 10.275479 150.082031
-76.209564 11.729777 160.002686
-77.924759 11.613986 170.077087
-79.495163 13.091138 179.958160
-80.816162 13.381159 189.914108
Custom
HailActor Brumley 6
-81.260590 13.295679 194.074829
-79.440651 13.356744 184.231155
-77.895996 12.780918 174.220657
-76.285759 11.774100 164.203232
-74.955238 11.676816 154.220276
-74.731651 9.811398 144.355179
-76.752739 8.910918 134.417450
-82.580566 8.595542 125.822922
-89.785683 8.854467 118.640053
-97.672264 5.619426 113.070007
-106.339478 5.060410 107.557892
-114.447403 1.592288 102.428268
-122.776207 -1.699532 97.105385
-130.982819 -2.980702 91.509926
-138.610352 -6.219894 85.433594
-146.271713 -7.821085 78.790108
-150.871597 -7.718424 69.720055
-155.430420 -7.718311 60.679962
-160.048264 -7.561111 51.522976
-164.586197 -7.545402 42.524330
-169.230591 -7.545886 33.453514
-174.110352 -7.938521 24.323515
-178.840576 -7.697812 15.515795
-183.721588 -7.510914 6.441332
-187.771133 -7.097260 -0.845604
-198.126587 -6.752385 -0.539276
-208.286514 -6.892780 -0.801996
-218.418747 -6.925875 -1.257293
-228.426819 -6.925875 -1.569960
ClickActor
Door
-231.900345 -7.034506 -1.671855
Custom
WaitForZoning
-231.900345 -7.034506 -1.671855
293.840912 149.167542 459.785248
332.404449 156.718521 428.532593
382.269196 149.525604 425.330536
432.156708 146.085083 427.762573
482.200714 142.135895 430.244934
Custom
FlyDown
501.643677 137.580658 431.232941
509.992737 131.735443 431.851593
520.047302 130.975647 432.812592
ClickActor
Scanning
523.233093 130.937241 433.117157
Wait
20
523.233093 130.937241 433.117157
478.614105 153.754257 430.771027
428.711029 157.128021 431.766327
378.863983 161.382690 433.076538
328.904724 164.005600 437.357910
Custom
FlyDown
287.667480 159.306763 462.587830
279.724670 149.167542 468.926605
271.816772 149.167542 475.180054
263.976013 150.945221 481.143616
ClickActor
Entrance
260.550262 150.945221 483.589050
Custom
WaitForZoning
260.550262 150.945221 483.589050
-216.659149 -6.925875 -1.204238
-206.476227 -6.774238 -0.776573
-196.047791 -6.785650 -0.338595
-185.978683 -7.106960 0.084292
-178.913101 -6.921866 7.450726
-174.642548 -7.608757 16.549503
-170.243561 -7.845358 25.937994
-165.912811 -7.566774 35.180824
-161.575195 -7.545267 44.438263
-157.244446 -7.702981 53.681099
-152.886307 -7.718297 62.982349
-148.630844 -7.903565 72.064560
-143.765564 -7.624911 81.094849
-135.682068 -4.812686 86.630806
-127.637032 -2.980701 92.518631
-120.058624 -0.269905 98.839592
-112.430649 2.452467 105.201843
-104.097191 5.106600 110.886673
-95.497833 7.257428 116.533714
-87.006325 8.741453 122.109947
-78.366554 8.789595 127.783539
-73.350899 9.206703 136.449432
-74.509315 9.913389 146.611069
-75.929184 11.496008 156.582291
-77.545822 11.754926 166.595078
-78.947479 13.272679 176.541870
-80.048622 13.389063 186.624451
Custom
HailActor Brumley 3
-81.172440 13.285929 194.109604
