More Ore of Yore
Custom
QuestStarter 913.846741 -274.459412 122.744667 25 "Thurgadin" "Great Divide" 63
0 0 0
1351.183105 -540.248962 483.366272
1314.819458 -505.581543 481.854523
1279.159180 -469.928619 480.180573
1229.536621 -464.175262 477.658295
1179.396729 -464.171021 475.109985
1132.288086 -470.756165 459.057526
Custom
FlyDown
1121.502930 -470.757324 453.692291
1116.588867 -474.093689 448.330292
1115.309448 -473.469391 447.268005
1114.485107 -472.844666 446.363281
1113.265503 -471.535065 445.065552
1111.601685 -470.308258 443.295410
1109.623413 -468.889587 441.184662
ClickActor
thurgadin_entrance_from_dock
1109.278320 -468.889587 440.806488
Custom
WaitForZoning
1109.278320 -468.889587 440.806488
985.615356 -308.355896 349.503082
985.310608 -308.197296 333.319305
985.381714 -308.355927 321.339600
985.417725 -308.355896 315.296997
975.300964 -308.311035 315.726257
965.163269 -306.280457 316.105591
955.318054 -304.428528 316.473938
945.247253 -303.558990 316.850708
935.302795 -301.654694 317.102936
925.192810 -299.787842 317.013153
914.970032 -298.692413 316.919983
905.037415 -296.917480 316.829468
895.072571 -294.913818 316.738647
885.059387 -294.235413 316.647430
874.836365 -293.664734 316.554352
864.678345 -294.125671 316.435669
855.330078 -294.125671 312.652893
849.979004 -294.125671 303.913177
848.518127 -294.125671 293.832611
848.128052 -293.144745 283.844910
848.420776 -293.144714 273.674225
848.712341 -292.030945 263.568054
849.497437 -290.054901 253.520798
852.124878 -288.079590 243.745728
854.894958 -286.050751 234.039169
857.070923 -284.002533 224.481567
858.749084 -282.161194 214.759201
859.834167 -277.240875 205.875885
861.691406 -274.704498 196.169296
864.092468 -274.702881 186.433212
867.573486 -274.705261 176.789291
872.257019 -274.458679 167.669525
877.895508 -274.705017 159.317200
883.989380 -274.705017 150.869171
890.957153 -274.705017 143.449219
898.597717 -274.705017 136.877075
905.899475 -274.459412 129.979019
913.450073 -274.459412 123.129433
Custom
HailActor Gert 4
913.846741 -274.459412 122.744667
906.443176 -274.459412 129.840790
899.324829 -274.705017 137.052917
891.632263 -274.496490 143.721725
884.094971 -274.705017 150.562241
877.159851 -274.705017 158.171188
871.013062 -274.458679 166.399506
866.553467 -274.705261 175.495697
863.856262 -274.702820 185.195831
861.458679 -274.703888 195.083969
859.781982 -276.634644 204.791183
858.478638 -281.548553 213.661453
857.091064 -283.797180 223.431854
855.570557 -285.959473 233.263947
853.851318 -287.928650 242.948761
852.124695 -289.896545 252.648758
850.398315 -291.881073 262.348663
848.968750 -293.145020 272.387482
848.255920 -293.144745 282.584900
847.718262 -294.125671 292.551941
847.782043 -294.125671 302.632568
850.393494 -294.125671 312.487213
858.246216 -294.125671 318.984802
868.198120 -294.125671 321.207153
878.202576 -293.664734 320.571930
888.231934 -294.468933 319.580109
898.146729 -295.590759 318.760132
907.983582 -297.484711 318.209015
918.115723 -299.300018 317.741150
928.218323 -300.528320 317.366150
938.263916 -302.148682 317.308380
948.293457 -303.779144 317.285065
958.271851 -304.983643 317.442291
968.083069 -306.927979 317.847290
978.168274 -308.151062 318.263611
986.034607 -308.200134 324.622742
985.850647 -308.355896 334.816284
985.843445 -308.230286 345.054413
985.844360 -308.355896 355.358185
985.696472 -307.828796 365.499573
985.552795 -303.608551 374.834686
ClickActor
exit_to_thurgadin_harbor
985.499023 -301.988525 378.272430
Custom
WaitForZoning
0 0 0
1138.562134 -474.731628 476.559631
1138.326416 -475.366150 486.634186
1133.803345 -475.366150 495.919708
1126.383545 -475.366150 503.113739
1118.275879 -475.444397 509.018341
1110.111816 -475.821075 514.982422
1100.971313 -475.821442 519.194092
1090.967773 -475.447693 516.602417
1081.486328 -475.447632 512.609436
1072.270020 -475.447601 508.613190
1063.058960 -475.447510 504.709381
Custom
HailActor Einva 5
1060.377319 -475.447510 504.176147
1070.212158 -475.447571 506.151154
1079.871338 -475.447632 508.742096
1089.823364 -475.821167 511.411652
1099.563599 -475.821167 514.000488
1109.577881 -475.821075 513.910461
1118.192627 -475.431824 508.551422
1125.919922 -475.366150 501.936554
1133.140991 -475.366150 494.657257
1140.083008 -475.366150 487.352478
1146.817383 -474.731628 479.752686
1143.679565 -474.731628 473.062714
1136.576538 -475.366150 465.954651
1129.202271 -475.366150 458.839966
1121.874878 -474.731628 451.820770
1114.652466 -472.149017 445.394501
ClickActor
thurgadin_entrance_from_dock
1109.522339 -468.889587 440.564209
Custom
WaitForZoning
0 0 0
985.073242 -308.355896 348.082916
985.102661 -308.217316 337.864441
985.131836 -308.185760 327.847687
985.161560 -308.355896 317.650940
975.028259 -308.261414 316.593414
965.098267 -306.236816 316.825073
955.215576 -304.409698 316.909210
945.167419 -303.544739 316.994751
935.119019 -301.690338 317.080322
925.120239 -299.771271 317.165466
915.104919 -298.702515 317.250732
905.106140 -296.930725 317.335876
895.305359 -294.915161 317.419342
885.290161 -294.387634 317.504700
875.241821 -293.664734 317.590271
865.243042 -294.125671 317.675476
855.394897 -294.125671 315.150665
848.465027 -294.125671 307.810883
846.922974 -294.125702 297.797668
847.242859 -293.144745 287.672882
847.654663 -293.144745 277.566650
848.068970 -292.912689 267.394623
848.560303 -290.721893 257.574738
850.762085 -288.930664 247.935806
853.656677 -286.846588 238.485641
856.539246 -285.087555 228.963150
858.466858 -283.094727 219.133789
859.170532 -279.278534 209.540665
858.589661 -274.809052 200.486832
855.548889 -274.101746 190.877319
850.349060 -274.101746 182.299393
844.698975 -272.628326 174.040466
838.133484 -269.161316 166.884384
830.631042 -269.322266 160.228027
822.828918 -269.141571 153.843018
814.962036 -269.068542 147.406784
807.054443 -269.367126 140.968796
798.333740 -269.367126 135.618179
788.781189 -269.367126 131.899048
778.899902 -269.137634 129.786331
768.654968 -269.139587 128.509872
759.401733 -265.165649 128.374710
749.903259 -261.828064 128.687897
739.747009 -260.649292 129.077484
729.936951 -257.798370 129.453751
720.423584 -254.688751 129.818665
710.696045 -252.328583 130.191788
701.033569 -249.540787 130.536072
691.022827 -249.190643 130.298065
681.577515 -249.641052 126.798767
675.214111 -249.143860 118.762550
673.791626 -249.641052 108.846809
673.417358 -250.264847 98.724243
673.461060 -250.444260 88.428436
673.460144 -251.326523 78.462578
673.390076 -250.833923 68.282326
674.203857 -247.516937 58.796909
ClickActor
exit_to_great_divide_north
674.752441 -244.992004 53.087048
Custom
WaitForZoning
0 0 0
795.313171 -181.768250 47.614895
785.312866 -181.418793 45.682137
775.263062 -181.231277 44.285404
765.295471 -181.293396 42.682037
755.493530 -182.572830 40.628162
751.700439 -183.337524 41.029110
751.666992 -179.905899 41.023411
703.568115 -159.336502 28.683250
Custom
PathHarvest 4 100 1 1 1 0 "Spiceleaf bush" "I gathered plant leaves to make paper for Einva" 1
690.113708 -159.597641 28.398262
643.253906 -159.039322 13.130580
596.472290 -159.854919 -3.104944
551.147888 -159.131989 -23.867172
544.933838 -159.963577 -27.775284
690.113708 -159.597641 28.398262
703.568115 -159.336502 28.683250
Custom
FlyDown
751.666992 -159.905899 41.023411
751.700439 -183.337524 41.029110
755.493530 -182.572830 40.628162
765.295471 -181.293396 42.682037
775.263062 -181.231277 44.285404
785.312866 -181.418793 45.682137
795.313171 -181.768250 47.614895
802.328186 -181.557571 51.143364
811.497925 -180.909973 55.307930
ClickActor
thurgadin_entrance_from_gd
813.627319 -180.909973 56.312286
Custom
WaitForZoning
0 0 0
675.789307 -251.075851 82.952515
675.040405 -250.142059 92.952469
674.746216 -250.019730 103.299477
675.070251 -249.641052 113.391983
677.322083 -249.641052 123.374771
683.318420 -249.641052 131.629532
693.170288 -249.641052 134.149216
703.402649 -250.207260 133.484711
713.150146 -253.022430 132.634964
723.064392 -255.473022 132.043015
732.614685 -258.552704 131.788818
742.230713 -261.382629 131.533112
752.292175 -262.395416 131.265579
761.842285 -266.228516 131.011673
771.409058 -269.137634 130.757294
781.470642 -269.137634 130.489761
791.697205 -269.134521 130.317444
801.420227 -269.367126 133.114944
810.099915 -269.367126 139.076019
817.742737 -269.068542 145.668518
825.728577 -269.141541 151.821060
833.313782 -269.041565 158.433334
840.393066 -269.444702 165.586548
846.739563 -272.714508 172.613892
852.410095 -274.101746 180.741776
856.198181 -274.101746 190.226669
857.812195 -274.816833 200.328537
857.850403 -279.236511 209.550323
857.146301 -283.008911 218.809967
856.021606 -284.911987 228.562729
854.730957 -286.770691 238.411606
853.450134 -288.686096 248.145325
851.393250 -290.610779 256.176910
849.479797 -292.638275 266.054962
847.947510 -293.144714 276.259125
849.398926 -293.144714 286.358887
851.199158 -294.125671 296.261353
853.665100 -294.125671 306.222900
861.142273 -294.125671 313.060699
870.642639 -294.125671 316.239014
880.925171 -293.664734 317.350769
890.996399 -294.468933 317.816193
900.985229 -295.970551 318.277374
910.897522 -298.037262 318.560455
920.909851 -299.300018 318.807037
930.922119 -300.840912 319.053558
940.802551 -302.615417 319.296875
951.012817 -303.570984 319.548279
961.074524 -305.721619 319.796051
971.054077 -307.313965 320.041870
981.022522 -308.355896 321.749664
985.700500 -308.243896 330.868134
985.979675 -308.211609 340.957825
985.848145 -308.208679 351.103851
985.632935 -307.828796 361.298615
985.666626 -305.541626 371.082947
ClickActor
exit_to_thurgadin_harbor
985.747070 -301.988129 378.325653
Custom
WaitForZoning
985.747070 -301.988129 378.325653
1127.819702 -475.366150 467.054688
1136.744019 -475.366150 471.955841
1145.557861 -474.731628 476.987152
1140.740234 -474.731628 478.325684
1135.477783 -475.366150 486.979279
1128.971191 -475.366150 494.970428
1122.028809 -475.366150 502.317841
1114.836060 -475.695190 509.306519
1107.250122 -475.821136 515.994751
1097.193604 -475.821228 517.504822
1087.472290 -475.447693 514.209656
1077.919678 -475.447632 510.859467
1068.137573 -475.447571 507.422241
1059.134155 -475.447510 502.925873
Custom
CraftIt "Sheaf of Spiceleaf Paper"
1059.134155 -475.447510 502.925873
Custom
HailActor Einva 4
1059.134155 -475.447510 502.925873
Custom
ToggleWalkRun
1068.298462 -475.447571 507.454712
1077.805176 -475.447601 503.981232
1085.899902 -475.821045 498.065521
Custom
ClickNoNameActor 15
1086.405762 -475.597137 496.235291
1082.402100 -475.571136 505.738068
1087.950928 -475.447693 514.158508
1088.781494 -475.447632 514.822632
1094.405762 -475.821167 506.271149
Custom
ClickNoNameActor 15
1095.936646 -475.821136 503.634308
1089.896606 -475.821167 511.620026
1079.665039 -475.447632 511.265778
1069.968750 -475.447601 508.804596
1060.698364 -475.447510 513.199951
Custom
ClickNoNameActor 15
1058.206299 -475.447540 513.972168
1065.486816 -475.447601 521.142639
Custom
ClickNoNameActor 15
1068.210693 -475.447601 524.040344
1077.564209 -475.447693 528.239624
1086.956421 -475.821320 531.908203
1096.799683 -475.821564 534.915649
1106.480469 -475.821960 538.100037
1114.828369 -472.191040 533.928528
1121.604492 -467.745392 527.809753
1128.076294 -466.694031 523.057800
1131.987671 -466.694031 530.802795
1125.114380 -464.070709 537.733826
1118.828979 -460.749908 544.767822
1112.179077 -457.331268 551.771240
1102.238525 -456.931580 553.088684
1095.905884 -456.931580 545.206787
1089.125488 -456.931580 537.565063
1081.799683 -456.931580 530.483093
1073.241943 -456.862000 525.073547
Custom
ClickNoNameActor 15
1067.213501 -455.918915 522.610535
1060.117554 -456.862000 515.309631
Custom
ClickNoNameActor 15
1056.763306 -456.576233 512.934753
1062.197388 -456.862091 504.225128
1071.069702 -456.862183 499.211853
1081.120361 -456.862183 498.163849
Custom
ClickNoNameActor 15
1085.198486 -456.624359 493.812286
1080.978271 -456.862091 503.036194
1083.839355 -456.862061 507.484802
1090.138550 -456.862152 499.695587
Custom
ClickNoNameActor 15
1091.064209 -456.862183 498.500122
1085.058105 -456.862061 506.598724
1087.812378 -456.862030 512.680664
1093.698486 -456.862091 504.468781
Custom
ClickNoNameActor 15
1094.718140 -456.862122 503.265350
1089.615601 -456.862030 511.969421
1092.088013 -456.862000 515.758423
1098.667847 -456.731232 507.885468
Custom
ClickNoNameActor 15
1099.816895 -456.862030 506.662567
Custom
ToggleWalkRun
1092.709106 -456.862000 513.859741
1085.466187 -456.862000 521.192810
1083.910156 -456.931580 531.090820
1090.893188 -456.931580 538.537720
1097.986328 -456.931580 545.941833
1105.240967 -456.931580 553.029968
1114.725586 -458.470917 549.758850
1121.440430 -461.820953 543.090576
1128.411865 -465.159576 536.668640
1135.088745 -466.694031 529.467468
1127.228760 -466.694031 523.194336
1127.015625 -466.694031 523.024292
1119.486450 -469.023376 529.397095
1112.335449 -473.479797 535.172485
1104.734131 -475.821899 541.312317
1096.747681 -475.821564 535.049561
1089.602295 -475.821320 527.870544
1082.369141 -475.447662 520.600403
1075.243164 -475.447632 513.473694
1067.127808 -475.447571 507.491150
1059.015015 -475.447510 503.171051
Custom
CraftIt "Transcribe Notes on Maldura"
1059.041992 -475.447510 503.157440
Custom
HailActor Einva 4
1059.041992 -475.447510 503.157440
