Ore of Yore
Custom
QuestStarter -231.879105 214.444885 -190.378937 25 "Butcherblock Mountains" "Butcherblock Mountains" 41
0 0 0
740.495300 24.002501 524.312927
701.813538 54.707443 516.128967
662.593994 57.066208 484.792755
631.181824 83.444908 456.053894
604.969727 118.972900 432.072296
578.767700 154.485962 408.100586
552.523743 190.055008 384.091125
526.424683 225.427292 360.214722
490.726807 238.412582 327.556396
453.597137 238.412567 293.588196
416.720154 239.958435 259.850830
379.707916 239.958435 225.989655
342.666351 239.958405 192.101578
305.610107 239.958405 158.200104
268.612427 239.958405 124.352089
228.977020 239.958405 93.235191
188.439758 239.958405 63.617584
148.014954 239.958405 34.082062
106.492355 239.958405 5.604247
63.424435 239.958405 -20.503635
20.645588 239.958405 -46.436378
-22.116287 239.958405 -72.358749
-65.982552 239.958405 -96.847733
-110.904526 239.958405 -118.996170
-156.078033 238.796371 -140.943726
-201.070999 226.218842 -158.894836
Custom
FlyDown
-223.675079 215.128250 -169.297974
-225.144882 213.079376 -179.080353
Custom
Door
-225.726151 214.250244 -182.143204
Wait
10
-225.726151 214.250244 -182.143204
-225.867279 214.444885 -185.230118
Custom
HailActor Ironstein 2
-231.879105 214.444885 -190.378937
Custom
HailActor IronStein 4 1 FALSE
-231.879105 214.444885 -190.378937
Custom
Door
-225.640366 214.431213 -183.702347
Wait
10
-225.640366 214.431213 -183.702347
-225.652222 214.428177 -182.799850
-225.661224 214.225998 -182.113525
-225.694244 213.231445 -179.596649
-208.092117 251.999496 -158.840637
-158.674881 248.076553 -151.346069
-128.505569 236.163422 -189.783661
-108.096230 235.997040 -235.473373
-114.849983 235.997040 -285.075470
-126.160576 235.997040 -333.886597
-137.323608 224.461075 -381.559448
-148.225662 207.811462 -427.694214
-159.101288 190.854813 -473.717346
-169.652802 168.628830 -543.319763
Custom
FlyDown
-169.652802 168.628830 -543.319763
-169.468231 165.002502 -552.709595
-169.522476 165.002502 -562.897400
ClickActor
"To Kaladim"
-169.580536 165.002518 -568.119934
Custom
WaitForZoning
-169.580536 165.002518 -568.119934
4.180204 -0.096310 46.003399
4.288352 -0.096310 35.805111
4.373975 -0.096310 25.692703
4.378449 -0.096310 15.437431
4.351370 -1.008323 5.262593
4.324425 -2.465869 -4.862864
4.297058 -2.237383 -15.146954
4.270196 -1.366291 -25.239985
3.880014 -0.441250 -35.291454
3.683966 -0.097790 -45.350174
3.094091 3.490447 -54.958179
2.291824 7.533015 -64.340927
2.221419 11.153751 -73.901009
0.890380 14.399244 -83.401108
-0.141689 19.666161 -91.901054
-1.335471 22.931898 -101.485672
-3.938057 26.357601 -110.645905
-7.370453 26.565992 -120.155029
-10.389883 26.565992 -129.786957
-7.499219 26.565992 -139.579788
-6.725527 26.565992 -149.552414
-9.615908 26.565992 -159.134476
-12.896844 26.565992 -168.778244
-17.711723 26.565992 -177.686737
-22.439837 26.565992 -186.531830
-24.799885 26.565992 -196.402969
-23.365543 26.565992 -206.681213
-21.738234 26.565992 -216.561768
-20.068993 26.565992 -226.696899
-18.441679 26.565992 -236.577469
-9.857762 26.565834 -242.196243
-3.797207 26.355955 -246.991104
-1.671005 26.565992 -257.029510
1.629258 26.565992 -266.585907
7.142870 26.355955 -275.097198
12.620609 26.397512 -283.553070
14.382770 26.395535 -286.273224
14.519020 26.584215 -296.414368
14.608089 26.655973 -306.510590
14.698986 26.655973 -316.813812
13.817335 26.918531 -326.795288
13.907528 27.627989 -337.018158
13.997293 28.446928 -347.192657
14.086344 28.446928 -357.286530
14.176107 28.446928 -367.460999
14.198655 27.831450 -377.618958
13.622042 28.066694 -387.873932
12.977396 28.082624 -398.254730
12.344744 28.082624 -408.442291
12.210772 28.641844 -418.513641
12.389772 28.641844 -425.687164
22.486290 28.641844 -427.101685
24.299423 28.641844 -427.355713
24.404648 28.641844 -437.584686
21.783098 28.097563 -447.334564
19.127686 27.008986 -457.006073
16.395502 27.008986 -466.819519
13.722957 27.008986 -476.553589
16.478455 28.566023 -486.256622
23.132172 28.634108 -493.850464
25.788158 28.633282 -496.881775
25.716478 27.114811 -506.993591
25.510300 27.009062 -517.038940
25.477297 27.009062 -518.086487
25.477297 59.067616 -518.086487
24.964121 51.285110 -541.649536
Wait
20
24.329134 47.951645 -544.788696
ClickActor
"great hammer"
24.329134 47.951645 -544.788696
Wait
20
24.329134 51.951645 -544.788696
ClickActor
"great hammer"
24.329134 47.951645 -544.788696
Wait
20
24.329134 51.951645 -544.788696
23.785192 38.656975 -493.019714
23.491796 29.854675 -444.221191
Custom
FlyDown
23.491796 29.854675 -444.221191
23.542362 28.641844 -433.968414
23.411514 28.641844 -426.554657
13.307197 28.641844 -425.542725
7.832476 28.641844 -424.994415
9.138610 28.641844 -414.897797
9.771584 28.607765 -404.821167
10.370718 28.545940 -394.631866
10.962287 28.367338 -384.570892
11.554804 28.367338 -374.493835
12.145426 28.446928 -364.448975
12.747405 28.446928 -354.210968
13.348437 28.446928 -343.989044
13.507203 27.627989 -333.979462
13.441734 26.918531 -323.966125
13.375001 26.655973 -313.759216
13.308581 26.655973 -303.600708
12.870506 26.590256 -293.552917
9.834714 26.392525 -283.785156
6.111732 26.355955 -274.352081
1.719930 26.565992 -265.191681
-2.626407 26.565992 -256.134766
-6.958793 26.355955 -247.106873
-11.298150 26.398281 -238.064453
-15.742158 26.355955 -228.803909
-20.109428 26.565992 -219.703278
-23.360466 26.565992 -212.928711
-22.402121 26.565992 -202.957672
-21.439293 26.565992 -192.939987
-20.458830 26.565992 -182.796539
-18.134846 26.565992 -172.719559
-15.325221 26.565992 -163.041000
-12.524896 26.565992 -153.259247
-10.273466 26.565992 -143.474792
-9.495896 26.565992 -135.645340
-9.270250 26.565992 -125.515282
-8.809841 26.618227 -115.380920
-8.137618 24.840940 -105.261574
-7.256321 21.378626 -95.416328
-6.344628 17.264006 -86.302849
-5.450650 12.303122 -77.527916
-4.474957 9.296233 -67.950890
-3.509068 5.626625 -58.470097
-2.566060 1.443413 -49.213879
-1.551142 -0.367709 -39.251816
-0.529686 -0.983334 -29.225584
-0.016203 -1.891614 -19.214144
1.002251 -2.521572 -9.090432
1.749564 -1.740252 0.927543
2.253630 -0.096310 10.815239
2.691962 -0.096309 20.932220
2.949759 -0.096309 31.168180
2.968641 -0.096309 41.213940
2.946800 -0.096309 51.275913
3.002275 -0.096309 61.337742
ClickActor
zone_to_butcherblock_mountains
3.034861 -0.089824 64.701668
Custom
WaitForZoning
3.034861 -0.089824 64.701668
-168.653931 164.992233 -549.462463
-165.477478 203.910706 -517.796753
-158.630173 226.267334 -473.338684
-150.389282 248.772903 -429.274475
-141.164505 248.772903 -379.946747
-131.939346 248.772903 -330.616882
-122.743423 248.772903 -281.443390
-113.492653 248.772903 -231.977127
-133.148178 248.772903 -185.836792
-178.693390 248.772903 -165.016830
-223.154526 225.472198 -164.141632
Custom
FlyDown
-226.720551 215.107925 -174.692886
-225.780228 213.325333 -179.865250
Custom
Door
-225.422852 214.267593 -182.143188
Wait
10
-225.422852 214.267593 -182.143188
-225.756546 214.444885 -184.000504
-225.919144 214.444885 -185.739410
Custom
HailActor IronStein 8
-231.909088 214.444885 -190.368866
