Subtunarian Subterfuge
Custom
QuestStarter 1101.616943 -295.125275 3384.984375 25 "Roekillik Den" "Sundered Frontier" 40 2
0 0 0
2199.003906 -208.446564 2470.271484
2165.893799 -174.748215 2486.956787
2136.962891 -140.137375 2508.776855
2108.623291 -104.766357 2530.096191
2068.727295 -102.214905 2560.287598
2028.534058 -102.211456 2590.702881
1988.509888 -102.208046 2620.989014
1948.376099 -102.204697 2651.357910
1908.335571 -102.201447 2681.658691
1868.232788 -102.198273 2712.008301
1828.131714 -102.195007 2742.356689
1788.573364 -94.760269 2772.300781
1751.915283 -74.875450 2800.050537
1715.764038 -79.948097 2834.264893
1682.748535 -76.205750 2871.824951
1649.701416 -76.208832 2909.427490
1616.563721 -76.211899 2947.132568
1583.542358 -76.215050 2984.705811
1549.838867 -76.217957 3022.161621
1505.677124 -76.217957 3045.755127
Custom
FlyDown
1483.662964 -75.218384 3054.571289
1483.694946 -116.941261 3054.550293
1475.628052 -116.244720 3060.813232
1470.000244 -116.108955 3065.129395
1460.513184 -119.837875 3064.775146
1451.171265 -124.029305 3064.355957
1441.360596 -126.167992 3064.033936
1431.049438 -126.945557 3064.140137
1420.866211 -128.091446 3064.677979
1410.879272 -129.830826 3065.130615
1400.958130 -131.348892 3065.639648
1391.107788 -132.789063 3064.449951
1381.603516 -134.331284 3061.041016
1374.827271 -134.159988 3057.939209
Custom
HailActor Elder 4
1101.616943 -295.125275 3384.984375
1110.849243 -292.981598 3388.480225
1120.196777 -290.886200 3391.972168
1129.934448 -288.815094 3393.730225
1133.187500 -287.533417 3394.310059
1134.050171 -288.287842 3384.342285
1128.646118 -288.695282 3375.808838
1120.329224 -288.974182 3370.189941
1111.886475 -289.066986 3364.605713
1102.042725 -289.104126 3362.686768
1091.968994 -289.066986 3362.177490
Custom
PathHarvest 22 15 1 0 0 0 "School of Juicy Fish" 0 1 "Cluster of Fungi" 0 1 "Tangle of Kelp" 0 1
1092.254761 -289.070190 3361.865479
1085.572021 -289.171783 3354.308594
1078.778198 -289.186310 3346.876221
1068.656616 -289.131653 3346.088379
1062.708252 -290.154053 3354.111328
1054.319214 -290.278107 3359.697266
1044.301880 -288.449463 3360.172607
1034.617554 -286.819824 3358.011963
1028.268188 -285.128082 3350.349609
1020.112732 -284.118011 3356.168213
1015.008118 -283.396362 3364.921143
1015.535034 -283.545135 3375.021240
1020.930969 -285.324921 3383.428467
1029.606323 -287.535828 3387.992188
1039.631836 -287.662201 3388.453613
1045.958008 -290.816742 3381.337646
1043.611572 -289.519684 3371.572754
1053.186279 -288.559906 3374.712402
1059.971436 -287.128113 3382.175049
1069.808350 -288.936401 3382.059814
1070.854492 -290.600159 3372.231689
1077.182861 -288.316498 3364.625000
1087.539185 -288.889069 3362.529785
1097.523926 -289.132172 3361.901855
1107.322632 -289.062958 3364.223633
1116.511963 -289.023987 3368.330566
1125.429199 -288.871094 3373.040283
1132.622314 -288.771729 3380.268799
1135.630615 -287.474915 3389.062256
1130.375122 -288.743683 3393.179443
1120.946045 -290.580109 3390.152588
1111.882935 -292.766113 3386.343750
1102.863037 -294.905060 3382.138672
Custom
CraftIt "Juicy Fish Roll"
1094.798462 -295.235840 3378.016602
1102.582764 -294.936768 3384.431396
Custom
HailActor Elder 7
1103.690186 -294.707489 3385.331055
ClickActor
Parchment
1109.798584 -292.823090 3378.480957
Wait
20
1109.798584 -292.823090 3378.480957
Custom
HailActor Elder 4
1102.902100 -294.866364 3384.990479
1112.310059 -292.649139 3388.188232
1121.806763 -290.422302 3390.905762
1131.729614 -288.519135 3391.343262
1141.343262 -285.670197 3389.748779
1151.206421 -283.665955 3389.854492
1160.923706 -281.260010 3390.359619
1170.651855 -278.804871 3390.433838
1179.944214 -275.715942 3388.285156
1189.015259 -272.249847 3385.616699
1198.314819 -268.768250 3383.655029
1207.748779 -265.390961 3382.299072
ClickActor
Den_Entrance
1211.869019 -263.992981 3382.065186
Custom
WaitForZoning
0 0 0
1382.461426 -134.104568 3057.022217
1379.317261 -134.373764 3065.772705
1389.272949 -132.919769 3065.579590
1399.255127 -131.624405 3065.536377
1409.268555 -130.100388 3064.988037
1419.117432 -128.370056 3064.365479
1429.240601 -127.126137 3063.732422
1439.242188 -126.219902 3063.232666
1449.380371 -124.525673 3062.987793
1458.702271 -120.708855 3063.271973
1467.924683 -116.806496 3063.567139
1478.186890 -116.314873 3063.894775
1515.552246 -83.714455 3070.777832
1557.767578 -70.301331 3093.997803
1599.931763 -79.767487 3119.550049
1642.242554 -88.924507 3145.254395
1684.569336 -98.085114 3170.969971
1716.945557 -125.921768 3197.354492
1742.189697 -161.247009 3222.403076
1767.483398 -196.642258 3247.501221
1792.827026 -232.107681 3272.649170
1818.149658 -267.545624 3297.778564
1843.403809 -302.886658 3322.837891
1869.141357 -335.941254 3350.731934
1890.511719 -365.717651 3385.027832
Custom
FlyDown
1894.324219 -370.560822 3399.024658
1894.297852 -373.578064 3408.748779
1889.413818 -373.578064 3417.717773
1882.428345 -373.578064 3424.956055
1875.404907 -373.578064 3432.537109
1868.576172 -373.578064 3440.230713
1861.249390 -373.578064 3447.136230
1851.491089 -371.900848 3450.306396
ClickActor
Hole_Entrance
1849.438477 -371.650879 3450.385254
Wait
10
1849.438477 -371.650879 3450.385254
Custom
DoorOption 3
1849.438477 -371.650879 3450.385254
Custom
WaitForZoning
0 0 0
672.579041 131.155212 -133.153580
662.340759 131.155212 -133.200623
652.307190 131.155212 -133.246796
642.051941 131.155212 -133.293961
631.888489 131.155212 -132.077667
623.475830 131.155212 -126.333221
615.596863 131.155212 -119.972038
607.734863 131.155212 -113.746063
599.571167 131.155212 -107.592354
594.760925 131.821655 -104.062607
590.894958 130.093079 -101.227982
581.450867 130.093094 -104.532875
571.909729 130.093079 -107.780373
562.027710 130.093079 -110.315491
552.363708 130.093079 -107.276260
543.225098 130.093079 -102.695503
535.614441 130.093094 -96.069237
530.332214 130.093094 -87.287666
Custom
HailActor nokillnpc 3
526.104797 130.093079 -84.510780
