7.279079 180.673920 184.078308
Custom
CheckZoneVersion "door entrance"
7.278978 180.673798 187.646744
7.764279 179.777527 198.833771
-1.964563 179.779144 201.807709
Wait
50
-12.155179 179.781662 203.724472
-18.253176 179.782516 211.875076
-21.625721 179.782166 221.599121
Wait
50
-25.237082 179.780380 231.501755
-35.217628 179.780258 230.985428
Wait
50
-43.394440 179.779938 230.890152
-45.157925 179.783264 220.954269
-47.178810 179.787918 210.288864
-49.106697 179.791214 200.115967
Wait
50
-49.543686 179.791672 193.954315
-55.614571 179.798035 201.904739
-64.355392 179.792358 207.149796
-74.360168 179.803543 207.071701
-84.354996 178.066986 206.400131
-94.493187 176.128494 205.644089
-104.493416 175.677063 205.084595
Wait
50
-114.675102 175.677063 204.547852
-105.879967 175.677063 199.146286
-96.848076 175.677063 194.147858
-88.032379 175.677063 189.269073
Wait
50
-88.825081 175.745956 188.207809
-92.150917 175.693649 180.565506
-99.828415 175.689026 174.027740
Wait
50
-115.028969 175.680695 165.516083
-123.268700 175.681488 159.329697
-133.180161 175.729477 161.377457
-140.576981 175.682327 168.495987
-147.463455 175.681442 175.770889
Wait
50
-154.294922 175.680862 181.097198
-150.318588 175.682434 171.755859
-146.182983 175.684082 162.040253
-149.506485 175.683090 152.384949
-157.634247 175.834641 146.152100
Wait
50
-165.242081 178.995209 140.318344
-169.028976 179.760056 130.822922
-168.486176 179.821594 120.540894
Wait
50
-167.708923 179.777542 113.151466
-177.947540 179.812057 114.624260
-188.114609 179.793961 115.840881
-198.448196 179.794434 116.752510
Wait
50
-202.011856 179.792114 117.066895
-203.590485 179.796387 106.935944
-210.704178 179.789749 99.824814
-204.958420 179.794403 91.387909
-195.848358 179.799866 86.540337
Wait
50
-187.814529 179.777527 82.012421
-194.528000 179.903748 63.764740
-188.561707 179.828461 54.763245
-181.044174 179.808975 48.086384
-173.737671 179.830765 40.986870
-166.291763 181.823334 34.206360
Wait
50
-163.607437 182.915939 30.573366
-172.551651 181.461166 35.280910
-180.703888 179.777573 40.974411
-190.719315 179.777542 42.474361
-200.027344 179.816895 47.444939
-196.940796 179.777527 56.995781
-195.280029 179.903748 66.948036
-195.340012 179.790146 76.958527
-195.606262 179.801117 87.449112
-195.803192 179.808456 97.480560
-190.162064 179.808029 105.998962
-183.949936 179.797668 113.976128
-178.362320 179.798935 122.646782
-172.498932 179.768112 130.788666
-165.318085 179.563599 137.991272
-157.320526 176.002686 143.242645
-148.205185 175.676117 147.985458
-139.036911 175.760941 152.755753
-129.541153 175.683014 156.214020
-120.218544 175.755066 159.888870
Named
Buffo
CustomNamed
-113.622383 176.016907 158.098969
-87.509956 177.695663 153.496094
-97.686523 177.066589 155.003784
-107.723671 176.436707 156.310333
-117.748077 175.680878 157.074600
-128.121063 175.682632 157.173553
-138.259033 175.760452 155.135559
-147.782318 175.684326 151.328568
-156.833145 175.676498 146.582184
-165.424347 178.589127 142.034576
-174.172485 179.757187 136.663788
-181.794830 179.777527 128.889313
-186.497330 179.787872 120.024071
-191.062485 179.801743 110.619621
-195.781448 179.807419 101.674995
-199.206390 179.801682 91.954735
-197.281250 179.793457 82.101166
-194.730850 179.821594 72.263092
-194.680679 179.830933 62.100773
-197.459702 179.777527 52.242794
-203.371704 179.821594 44.086155
-210.717712 179.763611 36.708317
-218.010574 179.766754 29.554998
-224.926315 179.762039 22.301750
-227.563095 179.833588 12.453042
-224.736008 179.765869 1.931448
-224.112244 179.854935 -8.380274
-223.937149 179.765747 -18.907482
-222.126450 179.770584 -28.777132
-220.141266 179.777527 -39.142227
-212.350220 179.777527 -45.527363
-203.639969 179.777527 -50.461231
-194.830460 179.777908 -55.710514
Wait
50
-188.938675 179.777832 -59.265518
-200.141602 179.803604 -59.683880
-207.325470 179.763000 -67.059006
-208.602203 179.820404 -77.283638
-209.892075 179.777527 -87.613838
-211.172577 179.777527 -97.869095
Wait
50
-210.529770 179.777527 -96.820755
-200.845276 179.777527 -97.025291
-190.817886 179.777527 -95.004669
Wait
50
-185.862640 179.807556 -94.043358
-185.541962 179.777527 -104.392487
-183.914291 179.777527 -114.791763
-189.501831 179.777527 -123.480698
Wait
50
-199.597153 179.777527 -132.915237
-187.945740 179.837143 -125.866341
-178.098938 179.777527 -122.886215
-168.234177 179.804153 -119.743637
Wait
50
-165.567703 179.777527 -118.819023
-169.730011 179.869385 -128.125168
-173.039764 179.892181 -138.128860
Wait
50
-175.104980 179.566650 -145.941269
-167.315826 175.671143 -150.964111
-159.622009 175.671799 -158.005569
-152.395538 175.680878 -165.498535
Wait
50
-148.267792 175.682343 -171.279343
-141.403030 175.683243 -163.869553
Wait
50
-135.552109 175.759567 -158.774551
-127.160873 175.683105 -153.183701
Wait
50
-121.238831 175.682739 -148.553864
-113.121727 175.680435 -154.547073
-105.330360 175.683273 -160.919357
-96.091835 175.688416 -165.444595
Wait
50
-91.197990 175.690216 -164.115540
-100.762421 175.686874 -167.286743
-109.449303 175.684799 -173.392685
-118.016579 175.681808 -179.186646
Wait
50
-118.016579 175.681808 -179.186646
-120.075287 175.759857 -189.046204
Wait
50
-117.887772 175.682938 -193.526901
-112.191681 175.685532 -191.103622
-102.826088 175.689774 -186.175858
-91.706284 175.695618 -188.067459
-81.466354 177.064896 -188.905411
-71.550697 179.370605 -189.799866
-61.498058 179.773560 -190.933136
Wait
50
-57.213577 179.793900 -191.427231
Wait
50
-31.152496 179.786789 -196.947220
Named
Typhenon
CustomNamed
-33.319767 179.787155 -202.385468
Wait
50
-44.099987 179.781326 -225.932831
-26.286400 179.784332 -213.806641
-17.176434 179.782730 -209.069672
-8.100803 179.780640 -204.350555
0.855051 179.833542 -199.693085
10.099243 179.777542 -195.835938
19.333118 179.777527 -191.807541
27.797731 179.777573 -186.260620
19.554226 179.777527 -192.268494
10.940422 179.856277 -197.353394
2.212039 179.834442 -202.505981
-6.414064 179.819153 -207.598206
-15.194215 179.781799 -212.781387
-24.416483 179.783508 -216.936981
-34.032452 179.784241 -213.558807
-43.947403 179.786652 -212.056091
-53.199253 179.790237 -207.565674
-62.452068 179.869247 -203.008179
-71.531982 179.685898 -198.156097
-80.244644 177.362076 -193.462463
-89.080978 175.698227 -188.702164
-98.532562 175.691772 -184.764023
-107.989006 175.686981 -181.275238
-118.013855 175.681870 -180.013016
-128.034317 175.679749 -182.129791
-134.754562 176.709900 -189.563400
-140.300247 178.092224 -198.027603
Custom
UseItem "Horn of the Fallen"
-142.782288 178.437805 -200.962051
Wait
50
-142.782288 178.437805 -200.962051
Custom
HailActor "Unhilynd" 2
-142.782288 178.437805 -200.962051
Custom
WaitForMob "Unhilynd" 100 1 0 300
-131.601151 176.018738 -185.315826
Named
Unhilynd
CustomNamed
-131.601151 176.018738 -185.315826
-127.916954 175.756683 -163.750412
-136.016006 175.759781 -157.760544
-143.921143 175.761993 -151.133682
-151.494400 175.956940 -144.548737
-158.714050 178.291489 -137.957230
-165.526993 179.894608 -130.641724
-172.407974 179.777527 -123.171959
-179.450531 179.777527 -115.526772
-186.417419 179.777527 -108.274918
-193.499298 179.777527 -101.050873
-199.780563 179.777527 -92.871391
-203.890839 179.777527 -83.656631
-207.466782 179.763000 -74.026772
-210.466156 179.763000 -64.419975
-213.125534 179.777527 -54.457199
-215.478729 179.777527 -44.459148
-217.814667 179.777527 -34.534595
-220.406830 179.767822 -24.754866
-221.976913 179.767441 -14.871597
-217.350784 180.496765 -5.814777
-208.388336 182.116058 -0.803266
-198.507706 183.220154 0.739053
Custom
ClickActor "Door to Arx Seru"
-195.839951 183.220154 0.025217
Wait
50
0 0 0
-205.772400 182.411148 -1.000317
-215.940704 181.187912 -0.143187
-225.888931 179.765472 0.603530
Custom
WaitForMob "Prysmerah" 100 1 0 600
-235.021988 179.759079 -0.059676
Named
Prysmerah
CustomNamed
-235.021988 179.759079 -0.059676
Wait
20
-196.542938 183.220154 0.223206
Custom
ClickActor "Door to Arx Seru"
-196.542938 183.220154 0.223206
Wait
50
0 0 0
Wait
50
-93.295357 78.122375 3.198785
-77.188736 78.119759 3.801591
-66.985641 78.122375 4.100935
-59.560658 78.122375 -3.066134
Wait
50
-55.715408 78.122375 -6.829804
Wait
50
-43.969975 78.122375 -7.550839
Wait
50
-30.507523 78.122375 -6.754264
Wait
50
-18.386940 78.122375 -5.939276
Wait
50
-5.209045 78.122375 -6.243135
Wait
50
8.290914 78.122375 -6.790087
Wait
50
1.717139 78.122375 3.445464
7.280998 78.122375 -4.985240
13.758051 78.122375 -12.936662
21.111572 78.122383 -20.145042
Wait
20
25.627455 78.122375 -23.719828
36.285652 77.971558 -23.369949
46.389702 77.967453 -23.557764
Wait
20
49.789299 77.960587 -23.626957
51.771961 77.969238 -13.680002
53.759247 77.969238 -3.757057
55.349937 77.969238 4.163880
65.589523 77.969238 3.788574
75.707390 77.969238 3.521651
85.841751 77.969238 3.557160
95.877556 77.969238 3.700247
105.870628 79.059753 4.051911
116.026978 79.128601 3.991425
Wait
20
123.813255 79.128601 3.966725
Wait
100
103.831772 79.059753 4.154907
Named
Triskian
CustomNamed
103.831772 79.059753 4.154907
Wait
20
51.930023 77.969238 4.372139
