104.633102 28.153503 -115.530182
106.986237 29.000950 -105.726051
106.073311 30.163889 -95.794357
Wait
20
103.275475 31.271004 -82.338654
93.311188 31.562534 -83.755692
82.988380 31.482430 -85.145950
72.829536 31.133432 -85.729004
Wait
20
65.017189 30.823326 -86.062668
61.272324 28.884781 -76.817795
56.830868 26.017698 -67.525650
52.491867 22.930981 -58.709766
47.802334 20.329258 -50.184063
43.207111 17.077822 -41.917973
37.922379 15.517460 -33.316746
28.960539 15.488037 -28.637560
19.066864 14.164204 -27.482649
8.877060 12.510306 -27.138475
-1.035759 10.386526 -26.522051
-8.920682 8.332576 -32.466118
-15.901354 6.364506 -39.649086
-24.738871 4.597678 -44.554211
-34.926289 3.634804 -44.985767
-44.589272 0.580578 -43.974434
-53.299828 -1.621698 -38.991863
-56.599152 -4.659628 -29.806948
-59.462959 -12.543684 -23.910471
-64.528450 -12.813134 -15.261691
-65.507797 -13.825967 -5.279637
-62.609669 -13.800218 4.409688
-60.277431 -13.692484 14.222540
-59.641972 -13.254802 24.818462
-60.297192 -13.185679 35.087219
-62.010277 -13.482379 44.981739
-64.011284 -13.091534 54.940609
-64.948151 -12.753781 64.928535
-65.838135 -11.417849 75.339989
-68.476250 -8.572156 84.644981
-71.122543 -5.528946 93.842743
-72.706886 -3.660485 103.543968
-74.526199 -2.928777 113.420334
-76.348076 -1.972155 123.253105
-77.896065 -2.759799 133.115936
-78.317360 -4.319682 143.037170
-76.528473 -5.745670 152.986603
-72.567558 -7.057178 162.077789
-67.284050 -7.204331 170.612732
-60.475147 -7.979622 177.927383
-52.204426 -8.306931 183.548355
-45.354355 -9.347269 190.819901
-37.839375 -10.500663 197.736191
Wait
20
-36.821751 -10.626760 198.491837
-27.938654 -11.563493 203.393005
-18.818832 -12.140819 207.923523
-9.781612 -12.672933 212.426682
-4.137335 -13.096718 220.714554
3.641773 -13.335676 227.234680
13.190601 -13.474184 230.208130
Custom
Target clockwork
5.251265 -13.352086 226.343002
Wait
20
5.251265 -13.352086 226.343002
Named
Widow
CustomNamed
5.251265 -13.352086 226.343002
11.495319 -13.421803 218.014648
2.281549 -13.657937 213.918304
-6.844853 -12.664105 209.860779
-16.002409 -12.117945 205.789459
-25.374834 -11.503839 201.622528
-34.515656 -10.662128 197.558578
-43.603714 -9.703962 193.287598
-52.212738 -8.767505 188.152878
-59.689175 -8.204370 181.463577
-65.966225 -7.482214 173.708740
-71.293442 -6.960272 165.167191
-75.137672 -6.223603 155.771606
-77.526016 -4.588743 146.123764
-78.626854 -3.481231 136.111191
-78.408249 -2.100731 126.115166
-77.267120 -2.571956 116.080498
-75.638306 -3.592781 106.151550
-73.303246 -5.343243 96.409790
-70.479439 -7.285240 86.752182
-67.770950 -11.075645 77.772316
-64.841728 -12.706221 68.187065
-62.767639 -12.844561 58.088997
-61.317772 -13.298409 48.112877
-60.103241 -13.231822 38.183395
-59.372799 -13.058168 28.002554
-59.927917 -13.637629 17.706730
-61.499596 -13.998827 7.740718
-63.714581 -13.925406 -2.145931
-67.505325 -12.948933 -11.370809
-73.106117 -13.928469 -19.721802
-79.972710 -13.411041 -27.411274
-88.642151 -13.398182 -32.591045
-97.659576 -15.369686 -37.086594
-106.629623 -17.898245 -40.769669
-116.415497 -20.720194 -41.117298
-126.364937 -22.880699 -41.620827
-136.345978 -23.845617 -42.163155
-146.464462 -23.714338 -42.762974
-156.721237 -23.441746 -43.380711
-166.627747 -21.866961 -45.130085
-176.687897 -20.769733 -47.065689
-186.240524 -21.303131 -50.708729
-195.904694 -21.365595 -55.244041
-204.052261 -21.152634 -61.334641
-207.573486 -22.383209 -70.683052
Custom
ClickActor "boulder sign"
-208.801376 -22.342293 -73.500748
Wait
10
-208.801376 -22.342293 -73.500748
Wait
50
-200.305283 -21.883062 -61.872128
Wait
20
-212.700378 -22.007936 -79.090019
-220.707382 -22.417311 -85.177910
-227.290680 -25.460217 -92.229866
-232.093231 -26.899841 -101.022186
-234.307510 -27.245813 -110.905556
-233.214127 -26.673985 -120.926323
-229.936111 -27.113888 -130.527878
-223.797485 -27.487209 -138.765640
-214.232040 -27.005762 -142.351059
-205.058380 -26.968206 -138.236984
-196.180481 -27.865231 -133.443039
-187.293503 -29.367193 -129.100113
-177.435120 -30.950535 -126.542046
-167.812759 -32.487053 -123.764633
-157.800613 -33.750202 -123.858330
-147.805130 -33.972149 -124.592705
-137.614288 -34.076675 -126.189400
-127.617920 -34.143982 -127.232864
-117.598747 -34.178360 -127.023270
-107.574211 -34.204964 -126.582222
-97.412971 -34.194298 -126.303474
-87.241997 -34.182137 -125.265732
Custom
Target invading 0 30
-80.024200 -34.160423 -123.274620
Wait
20
-80.024200 -34.160423 -123.274620
Named
Novinctus
CustomNamed
-80.024200 -34.160423 -123.274620
-78.509178 -34.148647 -121.769005
-88.321251 -34.182037 -124.622787
-98.348831 -34.194820 -126.145676
-108.513885 -34.205173 -126.296234
-118.772545 -34.180630 -125.717812
-129.086472 -34.143066 -125.822998
-139.329803 -34.058525 -126.230911
-149.652222 -33.945213 -127.050423
-159.929764 -33.663017 -127.927399
-169.941299 -32.594948 -128.879822
-179.788864 -30.553526 -129.649658
-189.938660 -28.950144 -130.376938
-199.805893 -27.140787 -131.154785
-209.732605 -25.844614 -131.936447
-219.773453 -26.018007 -130.844925
-229.164810 -26.479647 -126.848686
-236.995743 -27.420029 -120.261032
-244.357452 -28.607782 -113.354622
-253.008514 -30.295706 -108.571350
-262.566956 -32.659012 -105.962456
-272.013672 -36.395729 -106.430511
Wait
20
-277.404755 -38.194698 -110.055496
-278.896088 -38.897221 -120.195068
-279.374115 -39.811226 -130.184616
DontStopForCombat
-280.665924 -40.371979 -145.973831
Named
Vezarra
CustomNamed
-280.108429 -40.466694 -159.652176
StopForCombat
-295.517517 -40.275482 -164.106537
-305.767212 -40.230659 -163.281952
-314.351898 -40.126934 -157.654953
Wait
20
-320.624359 -40.298973 -151.005569
Custom
ClickActor elevator_mine_switch_2_top
-320.624359 -40.298973 -151.005569
Wait
200
0 0 0
Wait
20
-322.074829 -185.032257 -143.057251
-307.779358 -184.966476 -130.382370
-306.380829 -184.966888 -120.225754
-305.012482 -185.029648 -110.060410
-303.159698 -185.259644 -100.197289
-301.013245 -185.291092 -90.169228
-298.527954 -184.872040 -80.488235
-295.359924 -184.522324 -70.986694
-293.790619 -184.809891 -61.095165
-291.619324 -183.776978 -50.935860
Wait
20
-290.890503 -183.838745 -48.128010
-295.571747 -187.753403 -39.861351
Wait
20
-299.055389 -191.102325 -33.983681
-308.622406 -194.141220 -34.389507
Wait
20
-317.709503 -195.847900 -35.072903
-326.755859 -197.911713 -38.837147
-335.860535 -200.414978 -42.282772
Wait
20
-344.428497 -203.552643 -45.425900
-348.109924 -205.513748 -36.075356
Wait
20
-350.956116 -207.691040 -28.846548
-343.387726 -212.147247 -23.275766
Wait
20
-336.419312 -215.417908 -19.091711
-326.499146 -218.319092 -18.574429
-316.332916 -218.701035 -18.146675
-306.240417 -217.808655 -17.361259
-297.018433 -217.755692 -13.333283
Wait
20
-294.498535 -217.635895 -12.087019
-286.877472 -217.800827 -5.586685
Wait
20
-283.306000 -217.726318 -2.540354
-274.045807 -219.420563 -7.908356
-266.064728 -221.653778 -13.652996
Wait
20
-256.494568 -224.172424 -24.573233
-263.250641 -225.428436 -31.972839
Wait
20
-272.446625 -227.026093 -40.407326
-280.075500 -228.927414 -33.988285
-286.974091 -231.535019 -26.899723
Wait
20
-292.987396 -233.473999 -18.964588
-289.444305 -235.166092 -9.683941
-285.549774 -236.248001 -0.263409
Wait
20
-282.972321 -237.496002 5.507033
Wait
20
-268.991455 -240.184235 5.500702
-262.396362 -240.693069 -2.351545
Wait
20
-259.234192 -241.084320 -6.047872
-253.324203 -240.375839 -14.477559
Named
Babagoosh
CustomNamed
-251.344879 -239.754150 -25.983946
-251.912643 -240.178238 -15.391294
-254.997406 -241.025970 -5.895706
Wait
20
-256.529449 -241.301804 -0.286237
-248.321060 -242.189362 5.835161
-248.657974 -243.812576 15.790488
-254.565674 -244.824631 23.903315
-262.485229 -245.516739 30.354883
-271.188660 -246.276245 35.703037
Wait
20
-277.041962 -246.310394 41.946590
Wait
20
-272.949005 -246.455688 52.565521
Wait
20
-251.659805 -241.600067 67.871613
Wait
20
-228.950806 -236.698975 50.826214
-220.795273 -233.437088 59.743832
Wait
20
-205.833252 -229.192612 90.027153
Wait
20
-186.344925 -226.812729 86.699890
Wait
20
-192.140427 -227.100601 61.028656
Wait
20
-170.713593 -225.757309 47.211380
-160.765503 -224.774429 46.817616
-150.609726 -224.997498 46.838406
-140.455078 -224.997498 46.834026
-130.202881 -224.997498 46.585205
-119.859642 -224.997498 46.232475
-109.756432 -224.895569 46.052185
Wait
20
-101.621376 -224.997498 46.870831
-101.214417 -224.997498 36.785358
-101.047089 -224.997498 26.689358
-101.200150 -224.997498 16.610407
-101.620987 -224.997498 6.431942
-100.877838 -224.997498 -3.865968
-99.391502 -225.214630 -14.073039
-97.618317 -225.285309 -24.012598
-96.141747 -226.441391 -33.838081
-94.956581 -226.603348 -43.838287
-93.587677 -227.150070 -53.829399
Wait
20
-93.171867 -227.315262 -56.821953
-83.501930 -227.799744 -59.898384
Wait
20
-77.412079 -227.675751 -61.495075
-72.143074 -227.271027 -52.754066
Wait
20
-59.184338 -227.022141 -31.631313
Wait
20
-35.326225 -234.899017 -25.834045
Wait
20
-16.182283 -238.547180 -31.702639
Wait
20
-18.288416 -241.335052 -18.446161
Named
Sickleclaw
CustomNamed
-16.978561 -240.824417 0.803463
17.424152 -247.999741 19.901245
27.094925 -248.527603 22.776136
Wait
20
38.273243 -249.202637 33.317348
33.771122 -249.233765 42.927418
30.090359 -249.597794 52.406715
27.094219 -251.103104 61.874123
24.464851 -253.244537 71.327156
Wait
20
22.812801 -254.717957 77.266563
Wait
20
43.699474 -262.187469 89.673767
Wait
20
29.628702 -264.410400 108.650833
Wait
20
38.359413 -263.982666 128.610016
Wait
20
63.032333 -269.304993 139.355942
Wait
20
60.267067 -272.102600 158.849747
Wait
20
39.331707 -277.356018 161.622574
Wait
20
16.988180 -283.039520 142.106888
Wait
20
-29.137449 -305.434052 143.775970
Wait
20
-34.782841 -310.650635 157.455643
Wait
20
-26.894564 -312.227081 178.056168
Wait
20
-33.620182 -312.169189 191.852356
Wait
20
-15.046320 -321.757233 211.580261
Wait
20
2.282161 -333.592041 199.505402
Wait
20
1.688873 -345.083649 179.036255
Wait
20
17.512114 -355.715454 175.860962
Named
Izeroth
CustomNamed
17.512114 -355.715454 175.860962
65.870262 -358.803162 148.908722
75.896690 -358.803162 148.847168
86.233810 -358.803162 149.427353
96.347122 -358.803162 150.084641
Custom
ClickActor 04_door_left_01
105.663124 -358.619812 150.397690
115.745430 -359.005707 150.600845
125.712311 -359.014832 149.192978
132.975143 -359.014709 141.932419
136.613098 -359.009857 132.511902
137.054077 -358.950745 122.310036
135.691483 -358.846954 112.230621
133.253998 -358.650330 102.376198
128.293747 -358.037994 93.536423
121.563461 -356.536133 85.909615
113.138550 -354.410339 80.909401
103.843468 -351.887726 77.606888
94.044548 -349.355652 76.122856
84.069763 -346.861877 75.790092
74.225281 -344.577484 76.787117
64.364700 -342.150055 78.535782
54.888847 -339.635498 80.861710
45.340946 -337.520874 83.384460
35.209522 -336.311371 84.524406
25.341833 -335.860840 82.093651
16.290274 -335.997864 77.500923
12.970804 -336.009705 68.032349
12.538458 -335.940155 57.911156
13.565787 -336.005371 47.732800
14.799846 -336.005554 37.672035
Custom
ClickActor 04_door_left_02
15.830281 -336.005341 29.108849
Wait
20
17.804211 -336.657257 18.217562
7.823446 -336.601257 19.077477
-2.319561 -336.687378 16.194695
-11.787458 -336.816406 12.462032
-21.198416 -336.820740 8.623601
-30.050032 -336.820251 3.437997
Wait
20
-37.567104 -336.820068 -2.892566
Named
Surtaug
CustomNamed
-37.567104 -336.820068 -2.892566
-56.449841 -336.818787 -39.701008
-57.473843 -336.818726 -49.695728
-58.295097 -336.818268 -59.859131
-57.870895 -336.818054 -70.036407
-53.909424 -336.817688 -79.467026
-49.724804 -336.817291 -88.566681
-44.391903 -336.816864 -97.318291
-38.843197 -336.816681 -105.729538
-29.838018 -336.816437 -110.437263
-21.416861 -336.815948 -116.141769
-12.638426 -336.816620 -121.136986
-3.441421 -336.712128 -125.171211
5.854863 -336.570953 -129.067490
Custom
ClickActor "04_door_right_03"
15.626420 -336.152771 -134.738510
15.684086 -336.412689 -145.019653
14.450329 -336.636169 -155.232300
9.514787 -336.674591 -164.286133
1.994205 -336.901398 -171.662750
-7.673780 -338.101318 -174.667938
-17.598553 -340.751526 -174.503571
-27.058630 -344.044525 -173.308701
-36.446510 -347.332062 -171.728134
-46.155418 -350.593201 -170.279160
-55.607193 -353.851624 -169.321777
-65.338013 -357.474731 -168.357437
-74.732620 -361.137024 -167.426468
-84.386429 -364.522430 -166.492737
-94.164398 -366.899597 -165.861542
-104.260429 -368.296417 -165.220444
-114.475456 -368.974152 -164.571808
-124.477135 -369.450836 -164.035507
-134.689148 -369.643890 -163.859680
-144.720657 -369.593231 -164.766815
-154.766983 -369.653564 -166.163589
-162.382690 -369.658417 -172.766663
-165.230469 -369.592651 -182.507919
-166.919189 -369.656921 -192.585205
-167.289169 -369.656616 -202.815598
-167.353363 -369.654266 -212.894608
Custom
ClickActor 04_door_right_04
-166.626419 -369.535675 -219.647751
-170.188766 -369.401947 -229.266251
-173.675507 -369.426270 -238.851212
-177.104568 -369.683929 -248.472961
Wait
20
-185.179611 -368.005096 -257.416321
Named
Onakoome
CustomNamed
-184.373505 -368.260529 -258.238739
-172.533386 -368.906647 -276.472839
-177.533951 -369.166138 -267.637695
-181.970917 -368.976227 -258.462585
-183.062546 -368.257202 -248.537445
-176.950226 -369.340210 -240.587128
-168.936462 -369.826447 -234.288849
Custom
ClickActor 04_door_left_04
-163.709274 -369.131775 -223.752258
-163.021515 -369.653748 -213.539337
-162.774246 -369.656525 -203.495438
-162.640976 -369.656921 -193.377533
-162.277130 -369.592590 -183.220093
-158.314224 -369.658173 -173.951080
-150.824234 -369.651947 -167.053619
-141.216965 -369.662415 -163.646576
Wait
20
-128.321457 -369.550385 -161.779709
-129.060501 -369.603271 -151.588531
-130.003098 -369.609100 -141.493378
-130.984818 -369.610535 -131.366104
-131.962723 -369.546570 -121.297195
-134.425766 -369.611023 -111.568878
Wait
20
-136.163071 -369.611023 -105.830162
-146.228821 -369.610962 -105.115814
-156.352112 -369.610931 -104.550362
-166.365677 -369.610870 -104.112373
-176.500656 -369.546570 -103.953415
-186.774002 -369.610870 -103.931526
-197.068710 -369.610840 -103.842979
Custom
ClickActor 04_door_right_05
-205.709091 -369.213806 -103.900826
-215.756088 -370.040314 -103.965675
-225.838272 -369.623505 -103.326393
Wait
20
-232.840347 -368.385925 -106.659988
Named
Galadoon
CustomNamed
-244.273544 -368.029205 -106.954102
-234.649246 -369.186462 -103.848091
-224.449493 -369.633759 -105.082611
-214.452454 -369.936829 -104.782181
Custom
ClickActor "04_door_right_05"
-207.971924 -369.213806 -104.032753
-197.938446 -369.610779 -103.253761
-187.663315 -369.610779 -102.955994
-177.418167 -369.610779 -103.701302
-167.128876 -369.610962 -104.074387
-157.131882 -369.610931 -104.436859
-146.842560 -369.611023 -104.809921
-136.738831 -369.611023 -104.054779
-130.920105 -369.611023 -95.742760
-127.258789 -369.611023 -86.185677
-122.127220 -369.611023 -77.560936
-116.825600 -369.610870 -69.032051
-112.251244 -369.547028 -60.078773
-110.641586 -369.610901 -49.355888
-110.079758 -369.610199 -39.173000
-109.678215 -369.407532 -29.158054
-109.288612 -371.159241 -19.162128
-108.898224 -373.041931 -9.146734
-108.507828 -373.041931 0.868658
-108.192184 -373.041931 10.963982
-108.331062 -373.041931 21.102362
-108.446808 -373.041931 31.338377
-108.409180 -373.041931 41.380798
-108.371552 -373.041931 51.423214
-108.333771 -373.041931 61.504639
-108.386070 -372.921356 71.507851
-107.938889 -375.240356 81.524071
-104.894020 -378.265442 90.830177
-95.900558 -380.906799 94.646278
-85.860634 -382.092865 94.649529
-75.868073 -381.689545 93.673019
-65.946304 -382.001556 92.146416
-58.516521 -381.347107 85.383224
Custom
HailActor "Lady Najena" 2
-54.764381 -380.819885 76.947029
Wait
20
-40.968555 -382.462189 82.340225
Custom
ClickActor "switch_elevator_magma_pit_top"
-40.968555 -382.462189 82.340225
Wait
200
0 0 0
Wait
20
-39.530178 -508.798798 91.376389
-53.053947 -508.708984 96.793694
-62.404385 -509.004303 100.769920
-72.172249 -509.484161 102.972061
-80.818222 -510.962463 108.223465
-87.965858 -513.054321 114.980179
-93.214706 -515.301086 123.288750
-100.002327 -518.628418 130.045013
-108.575249 -521.998962 134.081497
-118.064651 -524.942383 135.268372
-127.214073 -528.146240 137.885605
Custom
PreHeal 1
-133.284317 -530.754272 138.683472
Custom
Target guardian 0 50
-133.284317 -530.754272 138.683472
-141.432281 -535.269714 142.332764
-149.507233 -540.126404 146.164169
-157.506317 -544.757141 150.275818
-163.555542 -549.022583 157.040161
-169.365829 -553.059021 164.564545
-174.116379 -556.289185 172.975800
Custom
PreHeal 1
-176.612152 -558.258545 182.982285
Custom
Target Thyr 0 30
-176.607224 -558.254761 182.951965
-177.824066 -559.126648 193.125595
-179.021576 -557.380798 205.642273
Named
Hortu
CustomNamed
-197.868256 -557.344177 202.044922
Wait
20
-182.235550 -558.538635 232.395767
-185.599457 -560.852295 241.788208
-190.517761 -562.372925 250.721390
-196.288040 -565.038940 258.517365
-203.189072 -568.673340 264.911682
-210.654846 -572.944092 270.414703
-218.385071 -577.352051 275.011261
-226.774109 -581.568909 278.921448
-235.878296 -584.953857 281.896851
-245.265121 -587.192932 285.017639
Custom
PreHeal 1
-251.230301 -587.983398 285.779480
Custom
Target guardian 0 50
-251.230301 -587.983398 285.779480
-261.170868 -588.466003 287.586670
-271.204559 -588.139099 289.174103
-281.218628 -587.439270 290.594330
-291.516815 -586.872681 290.999420
-301.742126 -586.902649 290.581421
-312.566040 -587.758118 288.845154
-322.225922 -589.263672 286.062439
-331.557037 -591.418579 282.202393
-339.601135 -593.831055 276.302368
-346.356689 -595.751892 268.914246
Custom
Target guardian 0 30
-348.827393 -596.466858 261.895905
Wait
20
-348.827393 -596.466858 261.895905
-349.037354 -596.753906 251.762726
-349.761505 -594.899231 241.948456
Custom
ClickActor transport_door_02
-350.321686 -594.851135 235.056290
Wait
20
-340.520447 -593.193726 233.390823
Wait
20
-340.520447 -593.193726 233.390823
Custom
PreHeal 1
-340.520447 -593.193726 233.390823
Custom
Target efreeti 0 30
-340.520447 -593.193726 233.390823
Wait
20
-340.520447 -593.193726 233.390823
Wait
20
-331.304718 -594.786560 221.225708
Custom
PreHeal 1
-310.919067 -594.786560 230.684311
Custom
ClickActor 05_door_right_01
-310.919067 -594.786560 230.684311
Custom
Target efreeti 0 30
-310.919067 -594.786560 230.684311
Wait
20
-310.919067 -594.786560 230.684311
Custom
ClickActor 05_door_right_01
-312.221130 -594.399841 223.640671
-305.207184 -594.786560 214.747910
-307.817566 -594.786560 199.960999
Custom
ApplyVerb "elevator switch giant barracks level 2" up
-318.109161 -594.703125 188.103043
Wait
100
-318.109161 -594.703125 188.103043
Custom
ClickActor 05_door_left_02
-317.617065 -594.703064 187.861771
Wait
20
-324.180756 -640.773865 185.139481
Custom
ApplyVerb "elevator switch giant barracks level 2" up
-324.180756 -637.842834 185.139481
Wait
150
0 0 0
Custom
ClickActor 05_door_right_05
-321.401489 -511.883240 189.288971
Wait
20
-318.307312 -512.434509 192.097916
Custom
PreHeal 1
-318.307312 -512.434509 192.097916
Custom
Target efreeti 0 30
-318.307312 -512.434509 192.097916
Wait
20
-318.307312 -512.434509 192.097916
Custom
Target efreeti 0 50
-318.307312 -512.434509 192.097916
Wait
20
-318.307312 -512.434509 192.097916
Wait
20
-299.381622 -511.902008 216.500366
Wait
20
-323.987915 -512.434509 223.009293
Custom
PreHeal 1
-323.987915 -512.434509 223.009293
Custom
ClickActor 05_door_right_06
-323.987915 -512.434509 223.009293
Custom
Target efreeti 0 30
-323.987915 -512.434509 223.009293
Wait
20
-323.987915 -512.434509 223.009293
Custom
ClickActor 05_door_right_06
-324.206940 -512.305603 233.409409
Wait
20
-327.420410 -512.434509 244.839676
Custom
ClickActor transport_door_04
-358.829742 -512.345154 209.846130
Custom
Target guardian 0 30
-358.829742 -512.345154 209.846130
Wait
20
-358.829742 -512.345154 209.846130
Custom
ClickActor transport_door_04
-366.213501 -512.407410 204.701324
Wait
20
-373.301453 -512.446533 197.706543
Custom
PreHeal 1
-388.807648 -518.642090 180.606354
Custom
Target Thyr 0 30
-388.807648 -518.642090 180.606354
Wait
20
-388.807648 -518.642090 180.606354
-393.194366 -520.262207 171.523529
-396.597229 -521.232910 161.590775
-398.441956 -521.549255 151.765900
-397.953278 -520.781555 141.754578
-396.389557 -518.712402 131.886993
-393.827850 -515.955444 122.492378
-390.402008 -513.330811 113.235214
-386.318909 -511.734375 104.083389
Custom
PreHeal 1
-378.781219 -512.082214 91.673439
Custom
Target guardian 0 50
-378.781219 -512.082214 91.673439
Wait
20
-378.781219 -512.082214 91.673439
-374.815582 -513.962769 82.456520
-371.203094 -516.882324 73.345940
-366.434204 -520.469360 64.927055
-358.241364 -522.611023 59.198418
-348.531647 -522.755798 55.931522
-338.689056 -521.686584 57.889942
Custom
Target guardian 0 30
-331.500336 -520.337402 61.858463
Custom
ClickActor transport_door_05
-312.617523 -516.479065 74.238121
Wait
20
-295.550842 -513.864441 82.196541
Custom
PreHeal 1
-295.550842 -513.864441 82.196541
Custom
Target efreeti 0 30
-295.550842 -513.864441 82.196541
Wait
20
-295.550842 -513.864441 82.196541
Wait
20
-281.964111 -516.402771 80.475761
Wait
20
-282.420715 -516.404968 88.647346
Custom
PreHeal 1
-282.420715 -516.404968 88.647346
Custom
Target efreeti 0 30
-282.420715 -516.404968 88.647346
Wait
20
-282.420715 -516.404968 88.647346
Wait
20
-276.783936 -516.403259 86.811531
Wait
20
-278.627350 -516.336365 92.895370
Named
Ayquini
CustomNamed
-278.627350 -516.336365 92.895370
-282.118378 -516.515808 109.456688
-279.815796 -516.394348 99.457352
-277.545563 -516.403259 89.615677
Wait
20
-275.792328 -516.403259 82.476730
-265.506226 -516.403259 82.152298
-255.443604 -516.403259 81.289131
-247.661301 -516.403748 87.720657
-245.694946 -515.446045 97.547455
-241.726822 -512.020081 106.223473
-236.298477 -509.008179 114.226982
Custom
ClickActor transport_door_06
-236.688324 -508.961060 114.894691
Wait
20
-230.071350 -508.714264 121.966454
Wait
20
-226.654373 -508.437897 127.432907
Wait
20
-220.729584 -512.502808 134.502655
-210.729553 -513.781799 147.285889
Custom
Target guardian 0 30
-201.857132 -512.041809 154.982285
Wait
20
-201.857132 -512.041809 154.982285
Custom
ClickActor transport_door_07
-177.974167 -506.153076 168.200516
-173.842422 -506.117584 183.926758
Custom
Target guardian 0 30
-170.915955 -506.189514 188.979156
Wait
20
-170.915955 -506.189514 188.979156
-146.617050 -508.507111 208.664368
Wait
20
-146.168716 -508.552582 219.994080
Custom
PreHeal 1
-146.168716 -508.552582 219.994080
Custom
Target efreeti 0 30
-146.168716 -508.552582 219.994080
Wait
20
-146.168716 -508.552582 219.994080
-155.662506 -511.182220 221.894287
-165.598114 -512.269775 223.882904
-175.574722 -512.274170 225.879791
Wait
20
-182.454102 -512.268921 227.256683
Custom
ClickActor transport_door_08
-185.719894 -512.139038 238.425278
-188.893478 -512.126770 248.072403
Wait
20
-189.507141 -512.145447 250.543686
-185.557724 -513.993164 259.725159
-181.505463 -517.142700 268.666534
-176.570755 -519.294250 277.194244
-168.901566 -520.835205 283.509888
-160.106873 -521.614258 288.265472
-150.699570 -521.120117 292.092957
-141.355774 -519.121643 295.234100
-131.697525 -516.149963 297.015686
-122.126099 -513.189697 296.710541
-112.338264 -510.682617 295.938934
-102.179291 -509.145538 295.397705
-92.091125 -509.259399 296.704620
-82.802078 -511.020325 300.778290
-75.574921 -513.273254 307.436951
-69.952621 -514.636597 315.913635
-64.597649 -514.230896 324.566864
-59.007412 -512.586548 332.751251
-52.073658 -510.721771 339.784607
-43.579346 -509.530457 345.328857
-34.680477 -509.978638 350.386139
-25.561827 -510.293793 354.854889
-15.883761 -509.381012 358.030121
-5.719398 -508.870667 358.335938
4.412396 -509.101257 358.301056
14.367653 -508.040985 357.781097
24.537312 -506.428192 357.104431
34.571743 -504.294617 356.436676
44.368328 -501.766479 355.784729
54.659702 -500.836090 355.086029
64.852394 -500.526276 355.297119
74.615517 -499.273132 353.055359
84.090012 -498.324097 349.849792
93.410179 -497.400513 346.183167
102.615219 -496.344025 341.752441
111.574898 -495.210724 336.846069
120.325195 -494.028839 331.693176
128.635483 -494.265991 325.999969
135.267044 -493.845886 318.165344
Named
Kargurak
CustomNamed
139.703568 -494.233612 312.461639
145.647720 -494.958862 296.260345
148.981186 -495.272003 286.539612
151.545715 -495.286316 276.691040
153.949753 -494.773041 266.765503
158.334717 -494.577118 257.627380
163.815460 -494.724945 249.232697
170.631256 -494.932800 241.847565
177.723740 -497.308441 235.001831
185.183044 -500.343109 228.558853
193.152557 -502.880005 222.734940
201.305328 -505.834961 217.705368
209.721588 -508.036896 212.611160
219.446869 -509.410126 210.425430
229.605118 -510.845184 210.470123
239.498734 -511.698456 209.222122
241.962799 -511.614594 199.466675
248.388107 -515.537598 192.538589
250.217041 -518.527893 182.915161
252.080154 -522.118286 173.741348
253.934525 -526.341248 164.606384
256.185211 -528.624207 154.516327
256.639679 -530.526184 144.477417
255.118591 -532.369812 134.733566
251.893631 -534.990784 125.461815
248.485321 -536.789551 116.086418
245.493607 -539.941833 107.044029
242.423798 -541.737183 97.617035
239.259766 -543.125610 88.152596
236.103622 -545.634399 78.985680
235.470917 -548.795349 69.465599
230.867737 -552.865356 61.569382
224.075897 -556.890625 55.230049
216.492111 -559.596375 48.751537
208.615891 -562.538330 42.922180
200.800018 -565.742981 37.206806
192.933182 -569.424255 31.843647
185.327454 -573.829712 26.665161
177.950912 -578.976807 21.642960
170.349655 -583.892029 16.821001
162.024414 -588.223877 12.833676
152.285797 -590.955200 11.311988
142.706299 -593.740417 12.275887
133.057892 -595.178406 14.538225
123.484665 -596.120361 17.418398
Custom
PreHeal 1
114.524872 -596.385620 20.073988
Wait
20
86.572823 -598.052490 21.503836
Custom
PreHeal 1
78.978447 -600.072998 -8.339643
Custom
Target defender 0 30
78.978447 -600.072998 -8.339643
79.169174 -600.634949 -36.015545
Custom
PreHeal 1
75.176125 -601.390381 -53.381500
Wait
20
70.820145 -602.951477 -84.678192
Named
Qaaron
CustomNamed
63.838280 -603.276001 -77.557411
