The \"Travels\" of Yun Zi - Echoes of the Past
Custom
HailActorGetQuest -Actor "Yun Zi"
2294.484375 -199.514389 2503.730225
2286.850098 -201.212997 2497.430908
2279.165283 -203.362473 2491.023926
2271.353271 -204.749756 2484.694092
2262.421143 -206.378906 2480.015381
2252.597412 -207.973709 2477.403809
2242.709717 -209.460754 2475.593262
2232.702393 -210.252396 2474.145996
Custom
ClickActor "Ulteran Spire Portal"
2221.445801 -210.243820 2473.271240
Custom
TravelMap "Moors of Ykesha"
2221.445801 -210.243820 2473.271240
1767.237183 502.991028 738.922974
1786.755859 526.344299 778.891113
1808.407471 526.344299 824.274475
1829.956177 526.344299 869.442688
1845.380249 501.873138 910.411804
1861.153076 474.401062 949.326538
Custom
FlyDown
1867.304321 462.848938 963.724365
1869.411499 453.270081 966.000732
1875.997559 453.186584 973.700500
1882.370361 453.338440 981.467590
1889.243652 453.186584 989.492981
1896.728394 453.186584 996.484375
1904.695801 453.335205 1002.885681
Custom
ClickActor mariners_bell
1911.187012 453.186584 1007.205627
Custom
TravelMap "Butcherblock Mountains"
1911.187012 453.186584 1007.205627
740.772339 24.002501 535.974915
716.582031 67.873993 539.539307
682.236450 104.364090 539.378540
640.789368 132.801407 539.392151
596.083923 155.458176 539.407166
554.335876 183.297195 539.421692
510.057709 206.638260 536.448608
468.579163 232.956421 525.986633
422.271423 245.477249 511.559296
374.417572 245.481903 496.206207
325.112518 245.484589 486.602753
275.083862 245.484589 483.831329
225.089844 245.484589 481.789124
174.962540 245.484589 480.723267
125.297409 245.484589 474.409668
75.474365 245.484589 468.075928
42.175545 223.601563 498.532776
24.522993 195.543243 536.373413
Custom
FlyDown
22.008194 190.818710 542.412109
17.197632 180.280945 567.611633
Custom
ClickActor "Blessed Shrubbery"
0.038535 180.243561 558.500732
Custom
TravelMap "Steamfont"
0.038535 180.243561 558.500732
20.677149 101.687004 1265.713013
6.914808 148.227158 1252.805786
-29.959866 169.014694 1225.813354
-72.400230 174.530518 1199.369751
-118.498116 180.026703 1180.428833
-165.116821 185.564758 1161.760620
-211.717133 191.100662 1143.099976
-258.170746 196.619141 1124.498047
-304.770691 202.155014 1105.837158
-348.586853 219.272446 1088.290161
-397.245728 228.361862 1079.875732
-443.902924 234.073364 1062.032349
-487.641357 241.263565 1038.416870
-533.695251 230.892349 1020.871521
Wait
20
-559.759460 215.418701 1015.387695
-559.759460 265.474884 1015.387695
-513.092346 268.725769 997.296692
-465.673340 268.725769 981.358093
-418.197876 268.725769 965.400818
-370.477600 268.725769 949.361450
-322.837494 268.698944 933.349487
-276.055237 259.025635 917.798767
-230.057312 249.012390 900.266113
-188.430344 236.033981 875.506165
-145.536789 220.530533 854.824219
-110.659302 184.546051 851.701843
-77.190346 147.005081 850.728760
Custom
FlyDown
-47.036461 113.025299 849.851929
Custom
Zone -39 839
-46.704948 92.286263 849.454712
-754.302002 10.076655 247.047699
-718.329773 38.707954 227.113525
-678.329773 51.027058 199.124878
-637.362488 51.022892 170.288223
-605.300537 51.022892 131.632980
-571.584412 51.022892 94.489578
-532.570618 59.258385 64.030823
-494.568024 59.258385 31.094801
-458.752075 59.258385 -4.255720
-422.964508 59.258385 -39.578480
-387.227142 52.336231 -73.919289
Wait
20
-360.718231 25.578394 -91.124161
-330.701050 59.108917 -113.389595
-290.262878 62.501392 -142.682800
-249.597458 62.498615 -172.157867
-206.985718 62.496807 -198.348038
-162.392029 79.572159 -213.711929
-112.758255 79.572159 -220.063644
-62.604862 79.572159 -214.138824
-12.411618 79.572159 -208.210541
37.233250 81.385094 -202.347260
85.258873 95.003197 -196.674988
135.116379 95.003197 -190.786743
185.072876 95.003197 -184.886551
234.112442 95.003197 -195.172684
284.121185 95.003197 -200.218170
334.127960 95.003197 -195.776596
383.983521 95.003197 -190.910324
433.701508 95.003197 -183.129105
480.224060 109.619156 -171.735245
528.195923 109.619156 -157.518311
575.550354 109.619156 -141.100586
622.947632 109.619156 -124.668495
670.916992 109.619156 -110.401802
719.509216 103.052231 -100.381363
Custom
FlyDown
763.855652 83.958481 -110.285156
Custom
Zone 777 -117
763.085388 73.849915 -109.884766
129.869415 -23.732447 416.047699
133.682892 -22.349129 387.656525
Custom
HailActor "a stable master" 2
117.453773 -21.862547 391.084564
Custom
TravelMap "Butcherblock" -1
117.453773 -21.862547 391.084564
655.479980 80.044205 -319.189514
656.263733 77.079643 -309.373688
657.979370 73.233467 -300.288055
659.647156 68.587227 -291.586395
661.404053 65.697960 -281.859436
Wait
20
661.602295 65.334641 -280.335297
656.127075 68.380486 -288.171326
653.854858 72.455971 -297.168457
654.313843 76.328560 -306.463745
655.366821 79.388039 -316.151672
654.862549 81.737030 -326.074860
654.867249 82.174446 -327.981445
638.033142 86.040222 -392.904327
631.244080 86.012070 -400.292847
627.153503 86.012230 -409.637665
623.033081 86.012413 -418.894012
Custom
Zone 626 -433
618.858459 86.012596 -426.784760
-782.201416 101.195915 403.349396
-750.676453 136.562729 386.466675
-706.839661 144.945267 363.328583
-662.645996 144.938217 339.344696
-615.044556 144.933792 323.680878
-572.664124 171.816605 325.291992
-524.751648 186.974380 323.938782
-474.438110 186.978867 323.784241
-423.935883 186.982437 323.631409
-373.413635 186.985962 323.478607
-322.891510 186.989487 323.325806
-272.628479 186.993729 323.171906
-222.583908 186.998062 323.018219
-172.558945 187.002258 322.864594
-123.342819 196.730682 322.713837
-73.897957 196.733475 331.283569
-28.989378 196.733475 353.904999
13.282447 196.733475 380.636200
18.537745 196.733475 430.569183
13.829756 196.733475 480.352631
6.630470 189.135345 529.554138
Custom
FlyDown
5.659370 187.137238 535.556030
2.084308 180.280945 555.572998
Custom
ClickActor "Blessed Shrubbery"
-1.709091 180.280945 557.990112
Custom
TravelMap "Greater Faydark"
-1.709091 180.280945 557.990112
220.120300 32.309330 2.073872
181.123795 63.702293 6.556508
137.380371 85.941116 17.942343
98.416420 113.132278 34.056343
53.321621 109.697060 55.379910
Wait
20
53.321621 98.560249 55.379910
3.191348 98.212898 57.095684
-46.903862 98.206398 58.816597
-97.098312 98.199867 60.540882
-145.371124 98.199295 74.485718
-192.928314 98.199295 90.259293
-240.504395 98.199295 106.039177
-288.118408 98.199295 121.831604
-335.940247 98.199295 137.692871
-383.648956 98.199295 153.516632
-433.824768 98.199295 154.958328
-483.402161 98.199295 146.854813
-532.915344 98.199295 138.200317
-581.808960 89.867744 130.279358
-631.170898 86.523018 121.456299
-679.724365 83.088959 133.300705
-710.642883 83.088959 173.027908
-737.789734 83.088959 215.070541
-765.087280 83.088959 257.346985
-792.233215 83.088959 299.389069
-819.450378 84.691093 341.541626
-845.121094 101.330780 381.300415
-871.555725 101.330780 423.803284
-896.898376 101.330780 467.258087
-922.091614 101.330780 510.455841
-947.395203 101.330780 553.841797
-967.338684 94.330177 599.183350
-995.186584 84.965088 639.897705
Custom
FlyDown
-1001.442871 83.238800 642.907532
-1054.968506 89.671432 663.074036
Custom
Zone -1064 658
-1057.410889 90.000832 661.205750
171.616119 97.412491 -836.344238
168.877182 97.317436 -846.087769
166.117798 97.276520 -855.903931
163.406845 97.236557 -865.548096
160.623795 97.377930 -875.449219
157.840729 97.192146 -885.350281
155.078171 97.179749 -895.177979
152.372131 97.206161 -904.804993
149.645554 97.334312 -914.504944
146.857376 97.035904 -924.424133
144.146179 96.954376 -934.069397
141.429932 97.129509 -943.733093
138.641754 97.407104 -953.652344
133.463440 97.407104 -962.537720
126.217773 97.407104 -969.702087
118.986183 97.302216 -976.853760
111.315346 97.398247 -983.632629
103.358589 97.220581 -990.149109
95.475212 97.469070 -996.605652
86.713158 97.248421 -1001.931274
77.018204 96.771362 -1004.668152
67.104935 96.209251 -1007.406006
57.447754 95.265442 -1010.073181
47.607674 94.022766 -1012.790894
37.795502 92.649559 -1014.268738
27.888638 91.393585 -1013.142456
17.879679 89.978691 -1010.862000
7.999996 88.491272 -1008.611328
-1.542978 86.083412 -1006.156860
-9.406700 83.436371 -1000.536560
-17.270805 81.272942 -994.462830
-23.492838 79.730682 -986.540771
-29.605656 77.714836 -978.844543
-35.783085 74.551094 -971.223511
-41.876900 71.328323 -963.705688
-47.934875 68.101540 -956.232178
-54.279610 66.263725 -948.404907
-60.719940 65.504303 -940.459717
-67.028839 65.074699 -932.676453
-73.301872 64.016281 -924.937622
-78.902473 61.926071 -916.834534
-85.175514 58.878769 -909.095703
-91.520233 59.022205 -901.268372
-99.646683 59.311951 -894.959229
-109.643997 58.911110 -892.804565
-119.120247 58.507816 -888.938110
-128.138336 57.719898 -884.661316
-137.259262 55.882931 -880.335510
-146.225861 53.004440 -876.083130
-155.158218 51.161930 -871.846741
-165.093918 51.194035 -869.039734
-175.067947 51.333652 -867.915771
-185.008209 52.255482 -866.825806
-195.042709 52.514736 -865.725403
-205.001740 52.514736 -864.633362
-215.262589 52.694416 -863.508179
-225.430878 53.016750 -862.414917
-235.691116 53.016750 -862.132324
-245.709396 53.016754 -862.035278
-255.803619 53.016750 -861.948669
-266.087677 53.016750 -861.860474
-276.371643 53.016884 -861.767883
-286.500183 53.018375 -861.107910
Wait
20
-291.853821 53.019398 -860.689758
-282.223816 53.017410 -863.652771
-272.186249 53.016750 -864.141663
-261.884583 53.016750 -864.234314
-251.828247 53.016750 -864.323547
-241.525269 53.016750 -864.414978
-231.393066 53.016750 -864.504883
-220.957291 53.016750 -864.597351
-210.749207 52.514736 -864.687988
-200.692932 52.514736 -864.777161
-190.446884 52.514736 -864.868103
-180.395218 51.847130 -865.505554
-170.316223 51.207497 -868.123230
-160.704056 51.080845 -871.206787
-151.023026 51.947590 -874.324036
-141.528168 54.471275 -877.458069
-132.205994 56.916523 -881.916016
-123.407898 58.219513 -887.127441
-114.668945 58.715065 -892.727356
-106.092461 59.161854 -898.331848
-97.922203 59.123016 -904.195618
-89.886177 58.912502 -910.146851
-82.229576 61.250355 -916.575134
-75.314568 63.582840 -923.449341
-68.531982 64.926300 -931.026794
-61.775444 65.443901 -938.780640
-55.156052 66.116791 -946.377075
-48.387062 67.582031 -954.145264
-42.141632 70.927330 -961.312439
-35.894627 74.024963 -968.528625
-29.640383 77.423500 -976.086548
-23.428844 79.686165 -983.605957
-17.011864 81.179588 -991.374207
-10.703656 82.830093 -999.010803
-4.250098 85.564903 -1006.435059
4.619576 88.222122 -1010.359375
14.122964 89.782784 -1013.346863
23.820396 90.910202 -1015.850708
33.818539 91.870949 -1017.594788
43.761436 93.044754 -1017.448975
53.434010 94.477966 -1015.091492
62.685413 95.741455 -1011.248047
72.142006 96.453323 -1007.254578
81.528778 97.076088 -1003.104858
90.607536 97.357056 -998.778748
99.737511 97.309052 -994.427795
108.867493 97.212830 -990.076721
117.997467 97.340248 -985.725708
126.163155 97.212830 -979.715637
136.053192 97.351799 -977.160583
145.259933 97.471573 -972.573608
147.156708 97.407104 -962.480408
Custom
Zone 150 -941
148.310471 97.407104 -953.457947
-1036.091064 87.537888 653.865051
-1026.778076 85.939682 650.475342
-1017.521118 84.160843 647.098572
-1008.933472 81.918472 642.314880
-1001.142334 79.500549 636.418091
-991.308838 77.912170 634.905396
-971.134827 111.329170 603.167542
-946.742493 123.917351 561.088928
-921.643127 120.428230 517.791077
-896.593628 116.945992 474.582733
-871.463867 113.452759 431.237793
-846.305298 109.955299 387.841339
-819.364197 106.470161 345.766693
-791.563049 102.964294 303.870758
-764.070190 99.483238 262.197754
-736.502136 95.992661 220.409332
-708.846741 92.491043 178.488571
-678.391724 88.988182 138.619888
-645.367798 85.484840 100.978371
-601.974670 81.883812 126.210426
-566.903564 78.392212 161.682861
-540.288940 74.900185 204.101791
-513.969727 86.697861 245.056396
-486.957794 83.213974 287.088959
-464.770172 80.595703 318.225891
Custom
FlyDown
-445.615387 79.682892 327.738312
Custom
ClickActor "Ulteran Spire Portal"
-431.748566 75.992363 330.042786
Custom
TravelMap "Sundered Frontier"
-431.748566 75.992363 330.042786
2232.692871 -210.229584 2472.854980
2242.708740 -209.550446 2474.626465
2252.554932 -208.082062 2476.416748
2262.448486 -206.573700 2478.569580
2271.642822 -204.962921 2482.400391
2279.864746 -203.633896 2488.232422
2287.370361 -201.655228 2494.811035
Custom
HailActor "Yun Zi" 7
2294.654297 -199.520020 2503.565430
