The \"Travels\" of Yun Zi - Kunark or Bust
Custom
HailActorGetQuest -Actor "Yun Zi"
2294.484375 -199.514389 2503.730225
2286.850098 -201.212997 2497.430908
2279.165283 -203.362473 2491.023926
2271.353271 -204.749756 2484.694092
2262.421143 -206.378906 2480.015381
2252.597412 -207.973709 2477.403809
2242.709717 -209.460754 2475.593262
2232.702393 -210.252396 2474.145996
Custom
ClickActor "Ulteran Spire Portal"
2221.445801 -210.243820 2473.271240
Custom
TravelMap "Moors of Ykesha"
2221.445801 -210.243820 2473.271240
1767.237183 502.991028 738.922974
1786.755859 526.344299 778.891113
1808.407471 526.344299 824.274475
1829.956177 526.344299 869.442688
1845.380249 501.873138 910.411804
1861.153076 474.401062 949.326538
Custom
FlyDown
1867.304321 462.848938 963.724365
1869.411499 453.270081 966.000732
1875.997559 453.186584 973.700500
1882.370361 453.338440 981.467590
1889.243652 453.186584 989.492981
1896.728394 453.186584 996.484375
1904.695801 453.335205 1002.885681
Custom
ClickActor mariners_bell
1911.187012 453.186584 1007.205627
Custom
TravelMap "Kylong Plains"
1911.187012 453.186584 1007.205627
939.103149 50.511806 413.533569
922.575012 48.407192 366.370697
906.015442 48.407192 319.165649
888.470764 35.959885 273.842377
Wait
20
872.987732 25.333475 233.937378
897.837769 62.742321 211.767715
924.236755 97.305168 186.743362
954.970154 122.202034 155.951569
985.094055 147.729980 124.880554
1015.134949 173.187317 93.896202
1045.471313 198.897064 62.604485
1075.749390 224.556427 31.374050
1106.027344 250.215698 0.143596
1136.304810 275.875336 -31.086863
1166.594482 301.545074 -62.329590
1196.871826 327.204773 -93.560257
1226.863647 352.622009 -124.495911
1256.853882 378.038116 -155.431580
1286.855591 403.464325 -186.379654
1316.940796 428.961121 -217.413742
1346.170532 454.458099 -249.239685
1379.111328 464.478455 -285.742798
1411.613525 464.478455 -324.179260
1444.080322 464.478455 -362.575348
1458.491333 464.478455 -410.600677
1476.956299 464.478455 -457.263184
1495.508545 464.478455 -504.062469
1513.943604 464.478455 -550.565430
1536.557739 464.478455 -595.342529
1558.699829 490.253021 -632.188904
1584.561768 490.253021 -675.220947
1610.464355 490.253021 -718.321411
1636.305908 490.253021 -761.319824
1662.179565 490.253021 -804.369507
1688.094238 490.253021 -847.487427
Wait
20
1710.316406 490.492340 -884.399536
1678.917603 490.492340 -845.479431
1647.468628 490.492340 -806.496399
1615.857056 490.492340 -767.311890
1584.321167 490.492340 -728.220825
1552.734131 490.492340 -689.067078
1529.585938 487.005585 -644.607056
1503.475708 486.999878 -601.866638
1463.631470 486.997894 -571.094543
1417.664917 486.997894 -551.405212
1367.682983 486.997894 -546.908386
1317.597900 486.997894 -546.535583
1268.215820 482.489594 -553.192139
1221.372925 473.972198 -568.589417
1173.482788 465.640717 -581.231567
1123.616821 459.559174 -580.470642
1073.720825 453.687042 -579.834778
1024.021729 447.837982 -579.201477
974.174866 441.968048 -577.989502
924.579712 436.111877 -573.985840
874.620239 430.216095 -570.271118
824.602539 424.313293 -566.553650
774.860168 418.443054 -562.856628
724.802856 412.535614 -559.136230
674.804871 406.635193 -555.420227
624.787109 400.732422 -551.702759
574.788879 394.832001 -547.986755
524.770996 388.929169 -544.269287
475.147247 383.072998 -540.579407
425.406189 377.203125 -536.879150
375.625763 371.328613 -533.176086
325.722229 365.445007 -532.997620
276.414581 359.598297 -538.895569
226.957260 353.719269 -545.956787
177.461075 347.835571 -553.023499
128.238464 341.984283 -560.051147
78.839752 336.112305 -567.103943
29.675587 330.267975 -574.123108
-19.723024 324.395599 -581.175110
-68.984856 318.539734 -588.208374
-118.403137 312.665070 -595.263916
-166.291977 300.398773 -604.465149
-210.648010 281.605774 -617.948730
-255.163528 262.874390 -631.438599
-299.590668 244.180496 -644.902466
-344.088135 225.456757 -658.387695
-388.656311 206.703140 -671.893250
-433.453888 187.853027 -685.468506
-478.304382 168.980652 -699.059631
-523.137573 150.115677 -712.645325
-567.953552 131.258102 -726.225708
-612.804932 112.385529 -739.816895
-657.638550 93.520317 -753.402649
-702.048279 74.833344 -766.860413
-722.887329 75.670586 -812.589355
-744.690613 96.820313 -852.329407
-768.241089 107.100990 -895.254944
-792.282654 110.603874 -939.075928
-816.409546 114.119255 -983.052856
-840.422424 117.617981 -1026.821777
-883.575928 117.895996 -1052.312500
-929.215637 108.354027 -1070.656982
Custom
FlyDown
-937.532898 106.815536 -1073.031616
Custom
Zone -953 -1073
-937.513916 100.917229 -1072.976685
466.658020 21.101767 1510.529053
470.072266 44.631584 1466.329224
458.004944 44.627888 1417.633057
445.961700 44.624210 1369.033813
421.629028 44.622826 1325.163574
380.835541 46.084412 1296.138062
344.146576 69.174652 1271.035156
302.630951 69.174652 1242.625488
261.082428 69.174652 1214.193481
219.698502 69.174652 1185.873657
178.216064 69.174652 1157.486572
133.978012 69.174652 1133.621826
89.526581 69.174652 1110.588257
44.845791 69.174652 1087.434937
0.076803 69.174652 1064.236084
-44.445141 69.174652 1041.165161
-89.055359 69.174652 1018.048645
-128.458618 45.249035 997.735474
-166.957306 19.657578 978.683411
-161.122833 -2.596625 934.284058
Custom
FlyDown
-157.659958 5.349689 933.271851
Wait
20
-157.659958 -7.748568 933.271851
-157.659958 35.347256 933.271851
-173.714645 35.347256 885.835449
-189.777313 35.347256 838.375061
-205.871826 35.347256 790.821350
-224.274506 43.695187 744.855957
-244.544968 79.223106 715.680298
-272.918854 86.769981 674.898926
-301.625427 86.769981 633.639404
-340.553986 86.769981 601.737000
-380.853973 86.769981 571.731812
-421.169769 86.769981 541.713257
-461.294403 86.769981 511.838501
-501.673828 86.769981 481.772980
-541.845093 86.769981 451.861328
-582.128174 86.769981 421.866547
-622.395020 86.769981 391.883636
-662.757080 86.769981 361.829559
-703.135803 86.769981 331.763550
-743.418457 86.769981 301.768829
-783.542114 86.769981 271.892853
-823.760925 86.769981 241.945679
-864.011719 86.769981 211.974747
-904.390198 86.769981 181.908951
-944.497742 86.769981 152.044968
-984.669312 86.769981 122.133461
-1028.565186 85.203209 98.134727
-1078.522095 81.914841 101.282021
-1122.782715 78.493378 77.915565
-1162.038696 75.201302 46.636749
-1201.185913 71.918373 15.444419
-1211.081543 68.402786 -33.777313
-1210.341553 65.119934 -83.828911
-1209.599487 61.830612 -133.979630
-1208.856567 58.537441 -184.189728
-1208.118896 55.265095 -234.082626
-1207.377075 51.973251 -284.273071
-1206.638672 48.690540 -334.324493
-1231.144043 39.606571 -377.038544
-1279.883667 34.930096 -387.970612
-1329.814697 31.101599 -392.933655
-1379.567749 27.286654 -397.879181
-1429.380249 23.467175 -402.830475
-1479.251831 19.643166 -407.787659
-1528.906860 15.835791 -412.723358
-1576.469604 5.516943 -401.039551
Custom
FlyDown
-1618.557495 -8.249357 -381.349060
Custom
Zone -1627 -353
-1623.262573 -12.926144 -367.461884
964.483521 58.561714 -111.783836
916.360901 72.545601 -114.359604
866.334717 72.545601 -117.781731
816.207397 72.545601 -117.077797
766.189087 72.545601 -113.788719
716.364746 72.545601 -119.960472
666.361755 72.545601 -126.900040
Custom
FlyDown
645.334167 64.964676 -127.052513
Wait
20
645.334167 36.536221 -127.052513
645.334167 74.820053 -127.052513
595.453247 74.820053 -131.862228
545.640137 74.820053 -136.665222
495.498749 74.820053 -138.134201
445.678558 74.820053 -131.803146
396.060150 74.820053 -124.850273
346.382751 74.820053 -117.889275
296.705200 74.820053 -110.928268
246.928940 74.820053 -103.953476
197.288620 74.820053 -96.997993
147.766434 74.820053 -90.059097
97.665909 74.820053 -85.589806
47.503056 74.820053 -82.104340
-2.739063 74.820053 -78.613312
-52.118839 65.785179 -78.237488
-94.150284 38.985542 -84.701920
Custom
FlyDown
-139.418167 8.431543 -93.560371
-149.609375 1.861307 -90.305550
Custom
ClickActor "Blessed Shrubbery"
-150.989273 1.861307 -85.410179
Custom
TravelMap "Jarsath Wastes"
-150.989273 1.861307 -85.410179
-1199.928345 269.384674 450.250519
-1182.713745 315.760406 442.571014
-1138.518188 326.132935 421.304016
-1093.227417 326.132935 399.509125
-1047.523804 326.132935 379.017029
-1001.630981 325.132721 358.838898
-979.964233 330.220520 313.916565
-958.150696 326.100189 269.003052
-954.418884 314.546661 220.433228
-952.413818 303.200928 171.548096
-950.406372 291.841736 122.605011
-948.402100 280.500488 73.739685
-946.401794 269.181610 24.970901
-944.397522 257.840302 -23.894592
-942.389282 246.476791 -72.856812
-940.384216 235.131393 -121.741455
-938.378357 223.781494 -170.645874
-936.382019 212.485504 -219.318268
-938.093140 196.921875 -266.857391
-946.968567 173.306244 -310.653076
-955.836792 149.709274 -354.414368
-964.653015 126.251465 -397.917267
-975.093994 102.766655 -441.075775
-988.375854 76.701134 -481.883789
-1002.344360 41.114796 -514.445740
-1016.585510 5.696779 -546.851440
-1030.448730 -29.344799 -580.140869
-1048.128418 -61.560959 -614.431213
Custom
FlyDown
-1054.116089 -68.783661 -622.203918
Wait
20
-1054.113281 -97.523354 -622.202637
-1054.113281 -47.229488 -622.202637
-1018.819275 -16.693531 -603.985352
-980.959595 10.528576 -584.444092
-936.081970 10.528576 -561.280518
-891.557556 10.528576 -538.299011
-857.763672 43.231686 -520.856140
-812.449829 51.706123 -500.896423
-771.741211 77.466736 -487.448669
-723.371033 77.466736 -473.982178
-677.329224 95.427490 -464.865692
-628.333069 95.427490 -454.860168
-579.181030 95.427490 -444.822693
-530.184814 95.427490 -434.817139
-481.014832 95.427490 -424.775757
-431.962646 95.427490 -414.758270
-382.840088 95.427490 -404.047852
-334.632935 103.452209 -392.195892
-286.073700 103.452209 -380.257294
-237.495010 103.452209 -368.313904
-188.877457 103.452209 -356.361145
-140.151810 103.381409 -344.319550
-94.162155 85.393692 -334.931244
-54.050838 58.754101 -320.692352
-16.575371 29.222750 -305.396301
20.959801 -0.355080 -290.075958
Wait
20
44.179569 -18.652328 -280.598633
21.760880 20.469723 -258.949707
-17.459137 41.924839 -235.899521
-59.534386 53.002861 -211.171234
-101.576172 64.072121 -186.462585
-146.364441 74.064117 -166.551331
-189.163574 87.611496 -143.928680
-231.053513 101.775826 -120.496162
-273.109375 115.996445 -96.970421
-315.198090 130.228485 -73.426102
-357.120453 144.404709 -49.974731
-399.192627 158.631546 -26.439484
-449.615967 175.682251 1.767544
-491.721497 189.920258 25.321484
-533.594910 204.079544 48.745071
-575.485718 218.244522 72.177887
-617.542969 232.465759 95.703621
-659.467163 246.641922 119.154884
-701.324890 260.795624 142.568893
-743.298889 274.988342 166.048019
-785.223206 289.164276 189.499252
-825.809143 298.447388 217.234619
-869.929932 309.546112 238.465347
-913.928589 320.614105 259.637268
-958.119263 331.730377 280.902283
-1002.065552 342.785156 302.049713
-1046.845093 346.832886 324.537506
-1087.163696 327.985748 347.757050
-1117.447632 304.969391 380.649750
-1146.400757 275.713165 409.073547
-1174.624756 244.721512 436.571838
Custom
FlyDown
-1182.222778 237.192291 442.558502
Custom
ClickActor "Blessed Shrubbery"
-1198.830566 230.778809 449.782959
Custom
TravelMap "Moors of Ykesha"
-1198.830566 230.778809 449.782959
1757.540771 474.703735 980.129150
1757.540771 524.780273 980.129150
1760.500977 532.308289 930.699890
1764.169189 532.308289 880.710144
1764.964478 515.600403 833.410889
1765.406250 489.261932 790.764771
1765.798340 464.758118 746.942810
Custom
FlyDown
1766.604004 457.709717 733.158508
Custom
ClickActor "Ulteran Spire Portal"
1766.529785 452.628143 733.069885
Custom
TravelMap "Sundered Frontier"
1766.529785 452.628143 733.069885
2266.614258 -206.767441 2469.842529
Custom
HailActor "Yun Zi" 7
2293.699951 -199.466827 2504.707275
