Traveler's Feast – Rivervale Ratatouille
Custom
HailActorGetQuest -Actor "Mei Lan"
2280.112793 -198.922348 2520.578857
2275.411621 -204.258057 2486.038574
2265.637207 -205.470032 2484.061035
2255.929443 -207.004395 2481.856689
2246.301025 -208.585754 2479.661865
2236.614502 -210.160233 2477.454102
2226.677734 -210.237122 2475.460205
Custom
ClickActor "Ulteran Spire Portal"
2221.856445 -210.236542 2474.647217
Custom
TravelMap "Enchanted Lands"
2221.856445 -210.236542 2474.647217
-390.697937 48.677143 75.745033
-360.274231 59.538963 37.436668
-335.866180 59.538963 -6.381770
-313.727936 59.404152 -51.397430
-297.793152 56.041176 -98.927567
-281.686096 56.038494 -146.279205
-265.525299 56.035786 -193.790054
-249.338303 56.033092 -241.376190
-233.214294 56.030357 -288.773987
-240.303467 56.030308 -338.348785
-250.720184 56.030308 -387.478943
-261.112091 56.030308 -436.492401
-286.010162 56.030308 -479.897095
-323.050323 56.030308 -513.668213
-367.863037 56.030308 -536.475952
-413.439972 56.030308 -557.427124
-458.960449 56.030308 -578.353149
-504.609344 56.030308 -599.337524
-550.149170 56.030308 -620.272095
-595.339966 51.321617 -641.202576
-637.543396 30.505123 -658.606079
Custom
FlyDown
-666.970154 30.368626 -684.099487
Custom
Path -PathLines 15 -Loop -Reverse -QueryActor "-ActorName|Tanglefoot Zucchini|-Trigger|AnnounceText:Gather Tanglefoot Zucchini (3/3)|-Events|Harvest"
-672.218811 21.830372 -689.486267
-681.876404 20.045805 -692.294556
-690.706360 17.278675 -696.413635
-692.177002 16.565557 -706.623047
-701.084106 14.984689 -710.996033
-710.366882 11.881444 -707.872070
-718.937622 7.541605 -704.930969
-728.055298 3.723030 -702.566895
-737.885132 2.926613 -700.094543
-747.636414 3.355021 -697.892456
-757.360718 2.302585 -695.486877
-767.168518 0.330588 -692.585083
-776.190918 -1.651552 -688.199524
-784.834900 -1.523660 -682.694397
-792.476868 -1.379767 -676.192200
-672.542053 21.836908 -690.033936
-672.542053 21.836908 -690.033936
-672.542053 91.433815 -690.033936
-622.484497 91.433815 -687.352295
-572.454895 91.433815 -684.672180
-522.444458 91.433815 -681.993042
-472.687042 91.433815 -675.807495
-423.286163 91.433815 -664.663574
-374.002106 91.433815 -653.545532
-324.737427 91.433815 -642.432068
-275.492126 91.433815 -631.322754
-226.208221 91.433815 -620.204590
-176.943832 91.433815 -609.091064
-127.679443 91.433815 -597.977478
-78.376167 91.433815 -586.854980
-29.092291 91.433815 -575.737366
20.114040 91.433815 -564.636780
69.359138 91.433815 -553.527405
118.196304 91.433815 -542.507385
165.834671 91.433815 -526.692261
213.551086 91.433815 -510.894836
261.343445 91.433815 -495.072144
309.343445 91.433815 -479.180634
357.004517 91.433815 -463.400787
404.447693 91.433815 -447.487000
449.473572 91.433815 -425.510742
494.491699 89.000900 -403.551544
537.669067 64.025276 -397.833435
Custom
FlyDown
559.814880 26.835522 -377.462189
Custom
Path -PathLines 35 -Loop -Reverse -QueryActor "-ActorName|Berrybrook Jumjum|-Trigger|AnnounceText:Gather Berrybrook Jumjum (5/5)|-Events|Harvest"
559.821472 -0.742861 -377.464722
567.745972 -1.110042 -383.940430
575.360229 -0.762659 -390.686462
585.118958 -0.837772 -393.688965
594.918091 -0.682087 -391.569458
604.211548 -1.122226 -387.633850
613.379883 -0.474785 -383.404633
622.272705 2.042736 -378.982330
630.578735 4.893886 -373.974915
639.541809 7.861672 -370.385681
648.744873 9.810357 -366.853760
654.626892 9.427574 -358.491302
656.829773 6.474253 -349.189056
651.817139 5.561808 -340.399261
642.397827 6.910534 -337.168854
634.171631 10.173132 -332.383484
630.130798 10.661925 -323.118683
627.233398 7.381423 -313.925110
624.058472 7.404816 -304.319916
619.929749 11.244234 -295.646088
614.831726 11.567068 -287.005585
609.293823 8.616769 -278.971039
603.243958 5.449861 -271.470276
595.898560 1.792830 -265.538513
586.099731 1.306954 -268.416687
577.216187 1.743593 -273.574158
569.904846 4.565508 -280.183929
568.127075 7.461433 -290.001801
568.590637 5.905139 -300.127136
568.010864 1.776933 -309.751190
566.952637 -3.039721 -318.772064
565.339844 -4.602358 -328.931244
562.502563 -1.924450 -338.204926
560.122986 1.457584 -347.400909
558.231995 2.261431 -357.376434
557.217346 0.768957 -367.311279
559.596436 -0.698397 -377.276123
559.596436 -0.698397 -377.276123
560.122620 49.443214 -377.074585
510.642822 57.262299 -381.227661
460.751740 57.262299 -385.415558
410.722015 57.262299 -389.615601
369.649353 35.821697 -370.318085
Custom
FlyDown
360.001373 20.774984 -362.108521
Custom
Path -PathLines 27 -Loop -Reverse -QueryActor "-ActorName|Stump Squash|-Trigger|AnnounceText:I have gathered the ingredients needed to make Rivervale Ratatouille|-Events|Harvest"
360.002228 -1.514474 -362.105804
349.808197 -1.179721 -361.983124
339.721313 -0.922072 -361.624512
329.505890 -0.918997 -360.815704
319.488159 -0.976574 -359.556244
309.189056 -1.176879 -359.189819
299.267120 -0.826954 -360.935638
291.144623 0.508900 -366.632629
285.752563 0.687253 -375.156219
280.551392 0.370997 -383.971832
277.971313 1.073443 -393.791077
279.783691 2.632414 -403.558990
282.230103 3.986077 -413.290680
285.527100 3.416315 -422.975891
289.685425 3.299093 -432.109528
294.458710 2.779057 -441.092010
299.541473 1.515761 -449.769409
305.361481 -0.452939 -457.920959
314.700409 -1.242054 -461.660309
323.985291 -0.861131 -457.210510
330.681183 0.898169 -449.658447
337.185669 2.055858 -442.119415
343.753723 2.561481 -434.399200
350.092468 2.008150 -426.617615
355.857513 0.234229 -418.391541
359.223755 -0.399169 -408.667999
360.796356 0.286209 -398.705200
360.016144 0.887093 -388.670166
360.000610 -1.511912 -362.143646
360.000610 -1.511912 -362.143646
359.591125 48.634068 -362.150269
316.687408 56.067348 -337.336029
273.263336 56.067348 -312.220184
229.838776 56.067348 -287.104401
186.362732 56.067348 -261.958740
143.076233 56.067348 -236.922424
99.789063 56.067348 -211.886169
56.381325 56.067348 -186.780197
12.973722 56.067348 -161.674240
-30.347740 56.067348 -136.617874
-73.807068 56.067348 -111.482483
-117.266426 56.067348 -86.347610
-160.656357 56.067348 -61.252384
-204.080627 56.067348 -36.137138
-247.573593 56.067348 -10.982237
-290.964539 56.067348 14.112968
-333.659851 47.630951 39.180386
-369.265289 19.823532 61.096848
Custom
FlyDown
-376.827087 11.307810 65.530922
-382.958191 -0.818385 70.661018
Custom
ClickActor "Ulteran Spire Portal"
-390.257263 -1.059904 76.017235
Custom
TravelMap "Sundered Frontier"
-390.257263 -1.059904 76.017235
2251.045410 -208.163666 2477.149902
2274.401611 -204.581146 2483.945068
2279.668457 -201.264420 2501.858887
Custom
HailActor "Mei Lan" 2
2280.119141 -198.745499 2522.076904
