Yet more "Travels" of Yun Zi - Altering the Altar
Custom
HailActorGetQuest -Actor "Yun Zi"
2297.019775 -199.912201 2499.041504
2259.578613 -207.033539 2477.854980
Custom
ClickActor "Ulteran Spire Portal"
2222.135742 -210.238953 2474.196777
Custom
TravelMap Moors
2222.135742 -210.238953 2474.196777
Wait
1
1767.147339 452.628204 735.047607
1767.147339 502.942596 735.047607
1775.504272 509.481384 783.915466
1783.974243 509.481384 833.443848
1804.320313 495.255646 877.175720
1830.981445 477.686493 915.661072
1857.790161 462.881836 955.551880
Custom
FlyDown
1860.161011 461.849426 958.777283
1879.959473 453.338440 980.956299
1898.684692 453.338440 999.487244
Custom
ClickActor mariners_bell
1908.866699 453.186584 1008.863342
Custom
TravelMap "Tranquil Sea"
1908.866699 453.186584 1008.863342
923.408569 7.869761 1487.116211
927.377136 7.548753 1469.620972
907.551636 6.721536 1436.622681
Custom
PathHarvest 100 15 1 1 1 0 "901" "I have been to the Isle of Refuge in Tranquil Sea and got proof I was there" 1
907.551636 6.721536 1436.622681
898.731812 6.723310 1431.516846
889.196411 6.709121 1428.488770
880.211975 9.271056 1424.402710
872.615845 11.413673 1430.865479
864.807617 12.534171 1437.293823
857.343750 14.340207 1444.122314
849.332397 14.881195 1450.579834
841.767883 18.399128 1456.127808
849.792969 14.787293 1450.756470
858.222290 14.372227 1444.892212
865.033264 12.610069 1437.658569
867.569214 12.634995 1427.770264
859.551147 10.412456 1421.989624
849.713379 12.473468 1424.024414
840.110291 15.338285 1425.369263
830.157654 16.620029 1426.936890
820.524780 19.080587 1428.333862
812.186646 24.622503 1428.609253
805.287292 32.224598 1427.421387
803.723694 34.159492 1427.035767
810.206116 26.502935 1428.077148
818.545593 20.490356 1427.989258
828.048706 16.946680 1427.043701
838.102600 15.855856 1425.759888
847.625000 13.403625 1423.409302
857.213562 11.832161 1419.970215
865.789001 11.882225 1414.645264
873.281982 10.668818 1407.714600
878.437561 10.429999 1398.832642
869.857727 12.327724 1393.700806
860.202942 13.088520 1390.781372
850.883972 15.683134 1388.027710
841.316162 18.157537 1385.200928
832.110535 20.987991 1382.481079
822.671143 22.805878 1379.709595
813.431580 26.344738 1376.764648
805.071716 31.550194 1374.001587
802.673584 32.785198 1373.213989
811.512512 28.093924 1375.270264
820.151855 23.401730 1377.823853
829.629700 22.173189 1381.117798
838.634033 18.850048 1384.268433
847.995117 16.355478 1387.355225
857.454407 13.834469 1389.889282
867.348267 12.887250 1391.851318
877.292542 11.048718 1389.974365
886.361633 9.452629 1385.548462
889.274414 9.931307 1375.989136
888.923767 9.429626 1365.810059
886.089966 9.533644 1356.189331
881.981262 10.646782 1346.773193
877.785889 12.676498 1337.809204
873.172119 15.121543 1329.188599
868.271057 16.143932 1320.293335
862.915833 19.124302 1312.331909
857.802490 24.822218 1305.509033
853.183716 32.001976 1299.661133
849.700195 40.552792 1295.494751
849.553711 41.097023 1295.310913
852.714172 32.520592 1299.531006
857.020691 25.288307 1305.794312
861.773560 19.874037 1312.807983
867.206055 16.392117 1320.817383
873.000977 15.184237 1328.889771
880.220276 11.946492 1335.525391
888.348572 10.138698 1341.413574
896.485596 8.793045 1347.288818
904.664673 10.637357 1352.929443
911.378845 12.201857 1345.571777
913.659790 13.875510 1335.690552
914.503845 15.621883 1325.659546
914.626343 17.372656 1315.745972
914.363403 19.641815 1305.772583
914.137573 20.695520 1295.658813
914.521790 23.163647 1285.635498
915.525330 26.874119 1276.393311
917.028320 30.674414 1267.115234
917.835388 34.695583 1260.967285
916.645325 29.515234 1269.638306
915.493652 25.863525 1279.068970
914.349487 21.827011 1288.477539
913.742188 20.878916 1298.532104
913.599792 18.930079 1308.647217
914.832886 16.861910 1318.581543
918.122314 15.362598 1327.927124
922.718750 14.239852 1336.981323
927.413452 12.857536 1345.812500
937.324768 11.347724 1345.990967
945.926086 9.076458 1340.952148
954.647827 8.730538 1335.911133
963.983582 11.019903 1335.908691
955.649414 8.598895 1341.260132
946.029480 9.959105 1344.477783
937.086365 11.054187 1349.215942
931.153198 9.869933 1357.548462
928.161499 9.162476 1367.244019
936.753906 9.478477 1372.363281
945.432068 13.871669 1369.419312
954.080139 17.344227 1365.791382
961.462708 20.004780 1362.951904
907.677185 6.723310 1436.183228
907.677185 6.723310 1436.183228
Wait
1
907.279480 6.723310 1436.524292
916.829468 6.846460 1440.334595
926.292114 7.598743 1443.975586
936.128235 9.108511 1445.696533
946.354614 8.894981 1444.938110
956.094055 7.204938 1441.333008
964.073669 6.804462 1434.821777
969.800659 8.285175 1426.583984
974.554932 10.396885 1417.936157
979.178406 10.564867 1408.737061
983.739502 11.230637 1399.662231
988.336426 11.420000 1390.516602
992.933167 10.484910 1381.370728
997.632751 9.275727 1372.618896
1004.491394 9.973126 1365.022217
1013.563416 10.050673 1360.751953
1023.440979 10.677716 1357.931030
1033.286133 11.638257 1355.606567
1043.599487 12.012195 1353.272583
1053.447754 11.854143 1351.046509
1063.383789 11.656424 1349.658325
1073.489258 11.125607 1348.459473
1083.554932 10.534016 1347.265503
1093.715820 10.004989 1346.031494
1103.626099 10.092551 1344.574219
1113.531738 10.376229 1341.984619
1122.589111 10.385545 1337.703979
1130.374146 10.274103 1331.114624
1137.203369 10.451604 1323.678711
1143.419189 12.585963 1316.032959
1152.697998 15.383240 1297.233521
1153.469482 15.387152 1294.114868
Wait
20
1153.402222 15.387154 1293.468750
Wait
20
1160.480225 15.387154 1294.109009
Wait
1
1173.392944 11.458365 1278.792480
1173.392944 61.615776 1278.792480
1149.358643 101.486702 1260.386719
1108.675903 101.486702 1230.832153
1068.122070 101.486702 1201.371338
1027.599854 101.486702 1171.934692
986.998108 101.486702 1142.439331
946.444702 101.486702 1112.978516
905.763245 101.486702 1083.424316
865.290466 101.486702 1054.022705
824.673279 101.486702 1024.515869
784.023438 101.486702 994.984619
743.325256 101.486702 965.418213
702.771973 101.486702 935.956848
660.762024 101.486702 908.804504
615.010803 101.486702 888.588013
569.522400 101.486702 867.628357
524.016479 101.486702 846.660767
478.384247 101.486702 825.634460
432.842438 101.486702 804.649780
387.318634 101.486702 783.673645
341.830933 101.486702 762.714050
296.217010 101.486702 741.696045
250.602814 101.486702 720.678101
205.113922 101.486702 699.718628
159.570892 101.486702 678.734192
113.992119 101.486702 657.733215
68.576630 101.486702 636.807007
23.088600 101.486702 615.847229
-22.381365 101.486702 594.895691
-67.851357 101.486702 573.944519
-113.411255 101.486702 552.951843
-158.917816 101.486702 531.983948
-204.442795 101.486702 511.008270
-249.949707 101.486702 490.039825
-295.636017 101.486702 468.988342
-341.232117 101.486702 447.978271
-386.864319 101.486702 426.951508
-432.424194 101.486702 405.958191
-477.966125 101.486702 384.972992
-523.500366 95.642792 364.531860
-553.850281 65.937866 337.969513
-594.558228 41.434597 322.162170
-639.918945 22.206785 312.168732
Custom
FlyDown
-680.625610 19.523182 305.110077
Custom
PathHarvest 8 35 1 1 1 0 "902" "I have been to South Dshinn in the Tranquil Sea and got proof I was there" 1
-681.889832 7.424891 303.583221
-683.059204 7.088551 313.637024
-687.195618 7.524790 304.470184
-689.504150 7.344440 294.528656
-687.985901 7.249978 284.488342
-695.046387 7.286704 285.271301
-698.946838 7.187627 293.869659
-702.503662 7.522902 301.715851
-701.379211 7.784237 311.770874
-682.047302 7.428162 303.662201
-682.047302 7.428162 303.662201
Wait
1
-682.197632 7.439475 303.540985
-682.197632 57.694420 303.540985
-638.468140 66.022064 326.907104
-594.207703 66.022064 350.558258
-550.104797 66.022064 374.125000
-509.483887 86.203346 395.830261
-466.480499 97.952339 418.807556
-422.415955 103.053871 442.352478
-378.205780 103.053871 465.975525
-334.048462 103.053871 489.570374
-289.908630 103.053871 513.155701
-245.786209 103.053871 536.729858
-201.541779 103.053871 560.369507
-157.367447 103.053871 583.972473
-113.140411 103.053871 607.602966
-68.878105 103.053871 631.252136
-24.756002 103.053871 654.826477
19.558847 103.053871 678.503784
63.663422 103.053871 702.068848
107.995888 103.053871 725.755615
152.310623 103.053871 749.433044
196.467422 103.053871 773.026306
240.589172 103.053871 796.600891
284.869385 103.053871 820.259338
328.974731 103.053871 843.823730
373.114868 103.053871 867.407166
417.289978 103.053871 891.009766
461.605164 103.053871 914.687317
505.727844 103.053871 938.261719
549.883606 103.053871 961.854919
594.266418 103.053871 985.569824
638.386292 103.053871 1009.144470
682.663940 103.053871 1032.804077
726.871582 103.053871 1056.426758
771.131775 103.053871 1080.077759
815.234558 103.053871 1103.644043
859.424866 103.053871 1127.256592
903.720398 103.053871 1150.926025
948.085938 103.053871 1174.632446
992.328796 103.053871 1198.273560
1036.432861 103.053871 1221.840698
1080.712769 103.053871 1245.500000
1122.799316 92.417404 1270.548462
Custom
FlyDown
1148.849487 40.052525 1306.369873
Wait
1
1148.848267 15.114088 1306.371704
1142.586670 12.603677 1314.081665
1136.397095 10.398856 1321.702637
1129.945557 10.357962 1329.646851
1122.858643 10.424150 1336.956787
1113.528564 10.426256 1341.034058
1103.809326 10.124256 1343.677734
1093.742554 10.014854 1345.527100
1083.779663 10.512944 1347.281128
1073.877686 11.111370 1349.033813
1063.911377 11.500814 1351.275879
1054.066528 11.546878 1353.515991
1044.008789 11.554377 1355.804443
1034.166748 11.490511 1358.139771
1024.562500 10.666242 1361.714111
1015.675049 9.923326 1366.540771
1007.406860 9.577745 1372.531738
1000.343811 9.134405 1380.085815
994.215393 10.753031 1388.058350
988.167175 11.383571 1396.118042
982.059448 10.941507 1404.257935
975.963623 10.682523 1412.381714
969.819885 9.723868 1420.568481
963.642151 7.903620 1428.425903
957.075928 7.192250 1436.226563
950.660034 8.246631 1443.841309
944.128662 8.707726 1451.593262
937.482239 8.288217 1459.481812
931.056641 7.714204 1467.140259
925.361938 7.534639 1475.628052
921.532715 7.835777 1484.868408
918.931091 7.847912 1494.759399
Custom
ClickActor mariners_bell
915.563660 7.953413 1509.035400
Custom
TravelMap "Phantom Sea"
915.563660 7.953413 1509.035400
Custom
PathHarvest 21 35 1 1 1 0 "903" "I have completed my searches for souvenirs from the Shattered Seas" 1
1382.306763 24.412081 1191.889648
1371.954346 24.526888 1190.660889
1361.843994 24.411924 1189.952271
1351.730469 24.411768 1189.833862
1341.656372 24.508686 1190.059082
1331.450684 24.526932 1190.508667
1321.329224 24.411840 1191.053833
1311.240479 24.411768 1191.468506
1300.953247 24.412077 1191.087524
1290.939819 24.411768 1190.819580
1280.747437 24.428490 1190.547119
1270.711792 23.541765 1190.378540
1260.903931 21.096821 1191.000122
1251.620483 19.318148 1194.807129
1243.106689 19.317625 1200.116943
1233.666748 19.317625 1204.197510
1224.548340 19.317625 1199.473877
1219.038574 19.317625 1190.765381
1221.311401 19.317625 1180.877197
1229.022583 19.317627 1174.163818
1238.879150 19.317627 1172.025879
1245.071411 19.317625 1173.039795
1382.112061 24.412081 1191.880493
1382.112061 24.412081 1191.880493
Custom
ClickActor mariners_bell
1387.483521 24.514921 1191.496460
Custom
TravelMap Moors
1387.483521 24.514921 1191.496460
1906.805176 453.186584 1008.299194
1899.629639 453.186584 1001.155151
1892.308350 453.186584 994.013977
1884.911011 453.186584 986.798157
1877.363525 453.186584 979.364929
1870.118408 453.186584 972.106995
1862.904785 453.408020 964.846375
Wait
1
1857.420166 453.408020 956.561401
1845.512207 497.914185 936.884521
1820.812500 507.165161 894.152222
1797.395386 507.165161 849.926819
1774.110352 506.160645 805.597961
1760.596558 479.200012 765.692627
Custom
FlyDown
1766.978271 464.796539 735.739685
Custom
ClickActor "Ulteran Spire Portal"
1766.978271 452.628204 735.739685
Custom
TravelMap Sundered
1766.978271 452.628204 735.739685
2254.996582 -208.560501 2465.935303
Custom
HailActor "Yun Zi" 7
2297.656006 -199.792557 2499.927246
