Divine Intervention
Custom
HailActor Akina 3
569.807678 -75.317818 -225.229507
562.185364 -76.034065 -218.280548
556.589600 -75.579971 -209.904572
Custom
Teleporter 555.246021 -75.271660 -201.025064
557.123352 -75.413406 -203.881119
532.023987 -30.809954 -229.727097
526.403076 -31.359102 -221.080032
518.020203 -31.359102 -215.157730
509.102234 -31.746752 -210.556610
499.441406 -28.541876 -208.306564
490.190125 -25.591799 -211.293015
486.466614 -24.995722 -220.901352
489.122253 -21.531918 -230.023575
486.264465 -20.900812 -239.907288
479.540222 -20.330336 -247.338440
470.576691 -19.924644 -251.900345
460.678223 -19.846497 -254.133194
450.794922 -20.292770 -251.419693
442.351685 -20.778246 -245.689209
433.949036 -21.338350 -239.868500
425.403992 -21.873352 -233.949142
417.141937 -22.439241 -227.042435
409.895538 -22.859705 -220.036972
402.510345 -23.164013 -212.632309
395.329834 -23.639231 -205.513672
387.580078 -24.197796 -198.877701
379.602448 -24.709686 -192.793945
371.248810 -25.048885 -186.423996
363.258301 -25.297850 -180.331024
355.739777 -25.477840 -173.615097
349.277588 -24.980686 -165.594788
343.966522 -24.493467 -156.687469
339.070282 -24.020506 -147.912582
333.920776 -23.598017 -138.683823
328.855652 -23.543444 -129.606323
323.931061 -23.533669 -120.780685
318.852142 -23.387520 -111.678383
314.920044 -23.221014 -102.150764
312.335388 -22.797022 -92.310051
309.784576 -22.244923 -82.314209
307.254944 -21.889053 -72.312897
304.698273 -21.573278 -62.204708
301.482147 -21.230429 -52.602814
295.155365 -21.076418 -44.628532
286.613739 -21.014776 -39.037048
277.880737 -21.223782 -33.755310
268.728424 -21.329762 -28.864807
259.493591 -21.310081 -23.963112
249.544083 -21.407488 -21.373207
239.500931 -21.488298 -21.171347
Custom
ZoneDoor "zone_to_antonica"
228.408676 -21.768187 -21.398605
156.159744 -21.163176 -21.068594
146.089554 -21.053411 -21.249237
Custom
UseItem "Akina's Spirit Token"
141.941635 -21.236727 -21.330633
Wait
30
141.941635 -21.236727 -21.330633
Custom
HailActor Akina 10
141.941635 -21.236727 -21.330633
82.157509 25.123587 -20.965649
46.571510 28.285563 14.513672
29.515190 31.225014 61.698147
35.291180 35.513241 111.586548
48.627327 39.735920 159.811096
61.923618 43.945961 207.891495
71.711746 37.053677 256.845123
80.896332 19.752909 303.162354
86.840347 -4.331544 346.889526
Custom
PathHarvest 21 100 1 1 1 0 "a mutated luclinite beetle" "I've gathered several luclinite chunks. (8/8)" 1
99.027573 -23.550110 383.334900
100.470589 -24.305649 393.351440
101.936188 -24.928810 403.520264
103.399467 -24.852932 413.658936
104.645195 -24.813055 423.753510
105.342468 -24.792505 433.758759
106.656891 -24.790382 443.892090
108.663872 -24.786257 453.950226
110.680748 -24.777945 464.057831
113.730797 -24.781233 473.823944
118.216446 -24.784014 482.860199
123.087997 -24.777107 491.598328
128.490524 -24.818697 500.316742
133.595703 -24.802752 509.154266
137.861328 -24.785748 518.285706
143.915131 -24.782997 526.415588
151.230042 -24.414021 533.568542
158.667221 -21.651899 540.014099
166.638306 -19.496099 545.736023
173.856308 -14.904362 551.398743
179.848816 -9.300511 557.205811
184.785248 -6.346476 562.350769
99.497421 -23.532244 383.134674
99.497421 -23.532244 383.134674
99.497421 26.884943 383.134674
114.893768 37.741192 336.192139
130.536636 37.741192 288.498138
146.232208 37.741192 240.643829
161.927765 37.741192 192.789642
174.433838 26.309364 145.443436
182.890579 16.827671 96.699249
177.432007 14.494824 46.825958
171.798828 11.705584 -3.118840
166.223175 9.266123 -53.154041
178.531097 13.576049 -101.593353
200.727173 12.946249 -146.837280
223.617233 11.371819 -191.679138
246.850845 11.324794 -236.297104
269.974396 11.321813 -280.678101
291.742432 11.320195 -326.030212
304.704651 11.320195 -374.461731
316.670532 11.320195 -423.150635
328.645172 11.320195 -471.875824
Custom
FlyDown
346.304474 18.337484 -625.025269
346.288391 -20.604006 -625.029602
341.526276 -21.686220 -633.871338
340.806305 -21.126295 -644.078491
340.899353 -21.148771 -654.410156
341.571259 -20.949114 -664.840088
346.603119 -20.883009 -673.893372
354.693665 -20.112183 -667.558655
Custom
ClickActor "essence of death" 1
362.341370 -19.645544 -662.213196
354.058136 -20.112265 -668.269897
346.024750 -20.905552 -674.364014
337.496643 -21.258554 -679.698669
328.928497 13.338126 -644.280762
325.464935 18.633881 -594.438110
319.862946 19.607321 -544.582031
312.614594 20.918423 -495.120880
305.330872 22.235918 -445.419281
298.055481 23.551947 -395.773285
289.685791 21.118153 -346.164032
277.138184 15.631435 -297.705750
260.470673 11.139606 -250.772385
245.037109 8.093277 -203.075180
223.249237 4.804348 -157.879639
199.909851 5.710219 -113.642159
176.509399 6.618471 -69.288681
153.135040 7.525713 -24.984938
Custom
FlyDown
151.306732 7.596679 -21.519558
Custom
ZoneDoor zone_to_qey_north
182.320618 -20.686663 -20.961044
229.402176 -21.759113 -24.365143
261.273956 -21.404037 -20.725582
267.785400 -21.331495 -28.504827
274.815338 -20.990673 -35.888653
282.591339 -20.895857 -42.584854
292.064270 -20.994946 -46.116535
301.397797 -21.198696 -50.379589
305.231598 -21.534937 -60.257458
307.620911 -21.827553 -70.212090
310.294617 -22.115158 -80.175545
313.008331 -22.622131 -90.113106
316.240479 -23.170799 -100.281235
320.241547 -23.454664 -109.576996
325.277649 -23.629789 -118.609787
330.582733 -23.615223 -127.558823
335.705872 -23.599991 -136.421097
340.782471 -23.902390 -145.365143
345.565552 -24.383425 -154.202194
350.477295 -24.875340 -163.054550
357.125916 -25.173065 -171.097809
364.468750 -25.191164 -178.136490
372.232635 -25.061447 -184.943588
380.191437 -24.798429 -191.052078
387.984375 -24.253620 -197.443802
396.176819 -23.679605 -204.268631
404.018341 -23.096617 -210.801117
411.871948 -22.479078 -217.343704
420.585602 -21.814941 -222.734116
431.080566 -21.231659 -223.510834
440.303986 -20.946037 -219.138763
450.139465 -20.897179 -221.257370
458.935974 -20.921650 -226.534958
466.986938 -20.867596 -233.258926
475.304016 -20.717304 -238.991898
485.454651 -20.902473 -239.415924
494.148560 -21.010406 -234.456512
490.908325 -23.217716 -224.937073
487.570313 -25.591799 -215.446701
496.807709 -27.188950 -211.729477
506.130859 -31.748981 -209.738342
516.047668 -31.239475 -208.254654
524.926941 -35.947739 -207.479462
535.333313 -36.031734 -207.505142
545.138306 -35.924828 -205.524414
554.644653 -35.879726 -202.140274
Custom
ClickActor "essence of life" 1
561.286072 -36.070972 -199.782349
Custom
UseItem "Akina's Spirit Token"
561.286072 -36.070972 -199.782349
Wait
30
561.286072 -36.070972 -199.782349
Custom
HailActor Akina 8
561.286072 -36.070972 -199.782349
Wait
50
0 0 0
Wait
700
44.659607 0.002503 -7.304203
506.078674 -31.749493 -210.805084
515.979492 -31.359102 -213.311356
523.903687 -31.359102 -219.603256
531.229736 -30.809954 -226.598343
Custom
Teleporter 532.967944 -30.809954 -234.681352
532.529358 -30.809954 -231.615158
Custom
HailActor Akina 3
555.383911 -75.462807 -216.482620
Custom
ClickActor "a glittering invis cube" 1
559.493469 -76.205177 -212.690704
Wait
150
559.493469 -76.205177 -212.690704
Custom
HailActor Akina 5
556.059204 -75.487114 -217.001343
