As Ishinae Intended
Custom
HailActorGetQuest -Actor "Ne'xath"
-200.625687 60.916317 104.456894
-196.673706 56.280514 83.529915
Wait
1
-196.673706 106.380363 83.529915
-201.448563 140.617355 46.982040
-209.643616 146.997574 -1.986713
-220.105194 146.997574 -51.088951
-230.040237 180.163483 -87.303528
-248.575592 200.990570 -128.926483
-269.136597 218.529144 -171.139130
-291.033844 218.529144 -216.095123
-313.018158 218.529144 -261.229919
-335.037292 218.529144 -306.437042
-356.934479 218.529144 -351.394043
-378.308777 218.529144 -396.600250
-396.075500 218.529144 -443.342773
-413.884613 218.529144 -490.196747
-431.757477 218.529144 -537.218323
-448.458191 235.899109 -581.155823
-466.327026 254.955475 -623.972290
-484.700867 249.595261 -670.189880
-497.406830 224.169128 -711.519653
-516.806641 187.781082 -739.918152
Custom
FlyDown
-532.118347 171.740906 -750.792358
Custom
ZoneDoor "Zone to City of Shar Vahl" 1
-542.801208 161.192474 -753.340576
-326.465607 84.897690 179.107681
-318.006897 83.183784 184.694458
-311.308044 82.062279 192.206635
-306.390472 80.160683 200.840591
-301.406952 76.860283 208.925430
-295.507935 73.768303 216.522415
-288.337830 71.195839 223.160294
-279.818756 69.895744 228.841751
-271.008209 69.826950 233.731384
-262.168304 69.743248 238.609436
-253.712402 70.651604 244.257904
-245.563080 70.635201 250.150894
-237.413712 70.309212 256.043854
-228.941010 69.622124 261.885529
-219.280716 69.625946 264.992157
-210.934647 67.772934 259.704712
-202.972672 64.290611 254.706924
-195.459106 60.563885 248.997803
-188.743286 56.273495 242.420883
-182.670624 51.178429 236.101135
-176.617050 45.916061 229.544662
-170.509659 41.377102 222.929657
-164.159576 37.125385 216.051788
-157.795013 33.809216 208.921356
-149.365982 31.286343 203.669632
-139.487793 30.998365 205.298050
-130.537857 30.134352 210.265701
-123.024818 29.846342 217.067215
-126.427338 29.875668 226.476898
-131.803558 30.710356 235.121582
Custom
ZoneDoor "Zone to Shadeweaver's Thicket 02" Solo
-137.326187 31.714142 241.717728
Custom
Instance
0 0 0
DontStopForCombat
330.979797 19.890842 -533.528992
322.220947 20.887222 -528.776428
313.421173 18.036303 -524.292603
303.796082 17.330610 -521.084412
293.449615 17.867155 -521.360107
Custom
ROSSigAIICustomKaVethan
290.430878 18.122055 -521.925537
296.141266 16.849529 -505.928131
302.050354 18.238091 -497.588928
308.085175 20.265638 -489.830444
315.742493 20.247437 -482.973633
323.503937 18.934900 -476.565735
331.888611 21.429987 -471.401672
341.540405 23.073343 -468.027313
351.574402 22.768436 -467.777435
361.656952 22.065443 -469.380798
371.561340 21.432196 -471.768250
381.436707 21.374649 -474.372498
391.373383 20.235182 -476.720490
401.265228 20.841486 -478.118591
411.412109 18.983921 -479.031036
421.249512 15.979746 -478.889069
431.466583 15.850401 -478.243408
441.659332 15.850401 -477.599335
451.879242 16.090408 -477.668274
462.084808 16.658073 -478.096222
470.994232 17.572411 -483.354340
479.808167 18.172535 -488.106995
488.936859 17.694790 -492.664795
Custom
ROSSigAIICustomKaVethan
493.131714 19.350887 -506.353455
504.056702 19.309669 -518.055969
508.419373 18.868591 -527.196655
510.206970 18.481541 -537.065857
509.840820 17.831684 -547.389282
506.519165 15.954931 -556.644470
502.611847 15.850401 -566.001160
498.717285 15.855345 -575.310669
494.777924 15.878273 -584.759827
495.333496 15.850401 -595.063049
502.066193 15.850401 -602.501160
510.156616 15.850401 -608.639099
518.781250 15.850401 -614.017395
527.441040 15.850401 -619.385803
536.030823 17.171127 -625.000000
544.515137 17.589706 -630.685303
552.816956 18.387957 -636.249084
561.247009 20.012119 -642.181763
569.271545 20.859549 -648.300720
577.248291 21.656723 -654.314392
586.408813 22.278673 -658.354858
593.600342 21.293097 -665.461243
597.264832 18.645592 -674.632019
Custom
ROSSigAIICustomKaVethan
595.920532 15.992636 -685.423462
588.497559 16.840717 -678.250305
581.315491 18.586182 -671.309998
573.605713 19.927889 -664.627869
565.156616 19.344206 -658.902893
556.445068 18.476931 -653.906799
547.559387 17.941296 -648.822632
538.513977 17.912580 -643.988586
528.692993 19.162659 -641.345459
518.361633 19.766779 -641.466980
Custom
ROSSigAIICustomKaVethan
508.306427 19.057209 -644.876404
502.823730 17.151848 -636.385254
497.803101 17.152878 -627.419739
491.282410 17.010563 -619.571228
483.683014 17.526907 -612.798401
475.240509 17.585726 -607.010315
466.523376 17.969536 -601.695251
457.322632 17.592073 -597.453674
448.122894 17.598883 -593.450134
438.353577 18.259741 -589.899536
428.465759 18.867468 -587.005554
418.484253 18.949024 -586.265381
409.072662 19.787050 -590.282532
Custom
ROSSigAIICustomKaVethan
404.950714 29.957863 -602.359070
StopForCombat
404.379303 18.251875 -582.090881
401.192261 17.226355 -572.456604
395.526123 16.919744 -563.968628
388.873718 17.224474 -556.297302
380.882874 17.695442 -549.747437
372.433716 17.789839 -544.364014
362.453247 17.832573 -541.607788
Custom
ZoneDoor Exit
354.442200 17.696236 -540.599976
-122.291145 29.846342 231.467087
-124.266541 29.846342 221.626358
-126.303795 29.846342 211.483871
-126.716278 29.846342 201.491760
-133.267883 30.525209 193.674881
-142.712418 31.335114 189.727859
-150.388275 31.286343 196.153198
-156.223099 32.501446 204.188660
-161.370346 35.450039 212.595810
-166.340469 39.479675 220.575348
-171.325607 44.028889 228.260437
-176.589355 49.003315 235.339767
-182.405594 53.971348 241.894440
-188.299835 58.898426 248.327713
-194.749695 62.958931 254.837875
-202.203888 66.032333 260.759552
-211.365707 68.499283 264.117188
-221.450760 69.609718 263.482605
-230.565735 69.724281 259.253143
-239.048035 70.269661 253.389069
-247.415649 70.476082 247.356918
-255.754196 70.179604 241.562469
-264.497620 69.729652 236.555618
-273.271210 69.719666 231.639771
-282.252869 70.171860 226.607330
-290.555634 71.906319 221.208771
-296.771454 74.652016 213.683060
-302.028595 78.010445 205.485031
-307.355713 80.992996 197.261978
-313.873566 82.902039 189.564865
-321.742523 83.840103 183.153793
-330.599121 86.052544 178.596756
-339.755524 89.120758 175.832291
Custom
ZoneDoor "Zone to Shadeweaver's Thicket" 1
-354.796936 91.861382 178.857697
Wait
1
-529.712952 160.488174 -750.266968
-529.712952 210.731415 -750.266968
-508.801056 248.548843 -724.888062
-481.139862 269.530701 -688.627930
-453.361420 269.530701 -646.978088
-425.432709 269.530701 -605.141602
-397.504181 269.530701 -563.305115
-369.597473 269.530701 -521.501404
-348.553680 269.530701 -475.924805
-329.823334 269.530701 -429.451782
-311.026123 269.530701 -382.812897
-292.273468 269.530701 -336.284637
-274.242371 269.530701 -289.571838
-262.477997 269.530701 -240.914612
-251.297562 269.530701 -191.950516
-240.492874 269.530701 -142.834839
-233.835114 255.893158 -94.988281
-228.150909 220.603714 -59.941185
-222.177979 184.436203 -25.814669
-215.661026 148.602005 8.853676
-207.718033 113.045410 43.126991
Custom
FlyDown
-195.521225 72.832626 84.270538
Custom
HailActor "Ne'xath" 4
-200.503769 60.922607 103.968712
