-622.412903 112.638695 -508.670715
-621.998535 112.635750 -518.786316
-621.039734 111.712067 -528.707520
-620.259399 105.413551 -536.743835
-619.996033 95.558174 -539.311951
-614.320435 89.105713 -533.999573
-604.145874 89.105713 -533.865051
Custom
PreHeal
-597.583435 89.105713 -533.970337
Custom
Target spiritual 0 50
-597.583435 89.105713 -533.970337
Wait
50
-597.583435 89.105713 -533.970337
-587.287476 89.105713 -534.438110
-577.206238 89.105713 -534.567505
-567.159973 89.105713 -534.370117
Custom
PreHeal
-560.577698 89.105713 -534.239746
DontStopForCombat
Custom
Target strathbone 0 25
-560.577698 89.105713 -534.239746
Wait
50
-560.577698 89.105713 -534.239746
Custom
Target spiritual 0 75
-560.577698 89.105713 -534.239746
Wait
50
-560.577698 89.105713 -534.239746
Named
Chatizad
CustomNamed
-542.281982 89.105713 -532.789917
StopForCombat
-515.025024 89.105713 -556.457275
-515.015442 89.105713 -555.029053
-515.084961 89.134705 -565.405212
-515.143799 83.863541 -574.152893
-515.202576 78.705017 -582.907104
-515.269836 78.705017 -592.938538
-515.405884 78.705017 -603.053223
-505.810852 78.705017 -606.547485
-495.771942 78.705017 -606.425110
-487.218994 84.054794 -606.318176
-479.910370 90.969543 -606.171204
-472.501984 98.061760 -605.955200
DontStopForCombat
-462.671783 100.809448 -606.120178
Custom
Target spiritual 0 75
-453.213989 100.679871 -606.301147
Wait
50
-453.213989 100.679871 -606.301147
Named
Zannaska
CustomNamed
-446.278534 100.679871 -606.136780
StopForCombat
-418.454102 100.679871 -572.026184
-418.474396 102.917534 -562.262939
-418.447144 110.017525 -554.953857
-418.527924 111.013977 -544.824158
-418.552277 111.013977 -534.808838
-418.417389 111.013977 -524.777954
-418.888458 111.013977 -514.727478
-419.659698 111.013977 -504.703217
-419.810394 111.013977 -494.675018
-419.681458 111.011215 -484.594391
-419.545715 110.976372 -474.266266
-419.411407 110.941864 -464.053619
-419.279663 110.908028 -454.038971
-419.144989 110.873634 -443.859192
-418.946167 110.839638 -433.796173
-418.728027 110.805740 -423.766541
-418.607239 110.771515 -413.637360
-418.824646 110.756027 -403.541687
-419.043274 110.674629 -393.396576
-420.115692 110.451050 -373.000244
Named
Zann
CustomNamed
-419.411163 111.566635 -355.269958
-419.054840 110.604530 -374.218323
-418.730560 110.755188 -384.396729
-418.410400 110.759933 -394.449402
-418.092651 110.755760 -404.558838
-418.092072 110.775177 -414.722321
-418.168091 110.810020 -425.034576
-418.242249 110.844040 -435.099426
-418.317261 110.878433 -445.279724
-418.391541 110.912498 -455.361023
-418.466431 110.946838 -465.524750
-418.541565 110.981293 -475.721558
-418.616791 111.013977 -485.934784
-418.692413 111.013977 -496.197540
-421.577271 111.013977 -505.858032
-431.297943 111.013977 -508.452942
-440.898956 110.702515 -511.566406
-450.508087 111.013977 -514.595093
-460.412994 110.422485 -516.509155
-470.169067 108.599861 -518.374878
-478.493378 103.274765 -520.161621
-484.977478 95.412224 -521.635620
-492.644897 89.105713 -523.550659
-502.641693 89.105713 -525.927124
-512.529541 88.823364 -527.750732
-522.407227 88.904030 -529.503784
-532.287048 88.863777 -531.123047
-542.405640 89.105713 -532.077148
-552.638611 89.105713 -532.596497
-562.881348 89.105713 -534.028931
-572.864319 89.105713 -535.549194
Wait
20
-582.824890 89.105713 -536.994629
-588.169556 90.719536 -528.684570
-588.478271 97.632744 -521.456482
Wait
20
-588.941711 98.812439 -512.329529
-597.554504 103.933319 -512.660156
-604.996460 111.051224 -512.946045
-614.988464 112.637360 -513.263550
Wait
20
-622.378723 112.637375 -513.136902
Wait
20
-622.539124 112.639519 -497.472870
