A Source of Malediction
Custom
CheckPreReqs -ItemQty "ulteran diamond" 1
0 0 0
Custom
HailActor Nabih 6
475.366608 244.456604 -56.416420
475.366608 294.483612 -56.416420
430.110016 315.839203 -61.176552
380.254486 318.112671 -66.420403
330.214630 319.062866 -71.683609
290.527039 349.162140 -76.552078
257.017090 386.347870 -80.850327
234.375137 431.141663 -82.511337
201.215607 468.569824 -84.294579
168.006378 506.382629 -86.608665
133.600800 542.631287 -88.540558
98.279541 578.415405 -91.148941
55.348335 604.510315 -94.012146
5.170974 604.510315 -97.697350
-44.796860 604.513489 -101.062393
-94.745232 604.505066 -104.253807
-144.930328 604.496887 -107.460350
-194.909546 604.489014 -110.653763
-245.132080 604.481201 -113.862648
-295.130463 604.473206 -117.057274
-345.110107 604.465332 -120.250664
-395.482452 604.457153 -123.469124
-445.518463 604.449097 -126.666077
-493.425568 590.245911 -130.378113
-532.486694 559.983215 -138.066803
Custom
FlyDown
-557.875061 540.725586 -143.346863
Custom
ZoneDoor "zone_erudin_library"
-555.926086 530.528015 -139.378082
1.002490 0.035760 -9.096791
-2.365065 0.002500 -24.316599
-11.775808 0.002500 -28.117290
-20.017708 0.002500 -33.876122
-28.728386 0.502481 -38.886852
-38.774075 0.033971 -39.110569
-48.993443 0.033971 -39.330845
-59.063225 -1.511228 -39.548454
-68.054375 -6.009614 -39.742760
-77.093666 -10.517599 -39.862957
-86.260155 -15.077392 -39.870708
-95.261253 -19.577940 -39.878307
-104.435577 -24.198654 -39.886070
-113.885544 -27.996971 -39.894058
-124.028549 -27.997194 -39.902637
-134.068314 -27.997456 -39.935013
-144.185791 -28.497501 -39.726501
-154.263901 -28.497513 -39.518795
-164.310516 -28.497499 -39.311726
-173.979218 -25.497499 -39.112453
-183.844879 -23.497499 -39.095451
-193.915878 -23.747499 -39.256618
Custom
Target Fahim
-203.379272 -23.747499 -39.248394
Wait
50
-203.379272 -23.747499 -39.248394
-193.258469 -23.747499 -39.230206
-183.228973 -23.497499 -39.452484
-173.433044 -25.684235 -39.484516
-163.735641 -28.497499 -39.730457
-153.727356 -28.497511 -39.835716
-143.584290 -28.497499 -39.863945
-133.590927 -27.997440 -39.891758
-123.581795 -27.997187 -39.919621
Custom
ExecuteCommand "RI_Var_Bool_SkipLoot:Set[TRUE]"
-113.517548 -27.996937 -39.947613
-104.248688 -24.071808 -39.973392
-95.294868 -19.595852 -39.998272
-86.254395 -15.074550 -40.023415
-77.261162 -10.577899 -40.048439
-68.189194 -6.046448 -40.073689
-59.125122 -1.525586 -40.098915
-49.147530 0.533971 -40.126671
-28.995480 0.502481 -40.182732
-19.704046 0.502500 -36.349426
-12.663791 0.502500 -29.233513
-3.596044 0.502500 -24.998669
-0.469240 0.035760 -15.473702
-0.021727 0.035760 -5.317226
Custom
ZoneDoor erudin_exit_clicky
0.031731 0.035760 -3.128629
Custom
ExecuteCommand "RI_Var_Bool_SkipLoot:Set[FALSE]"
-580.020020 527.325500 -103.970001
-557.261475 567.719604 -84.909790
-520.810364 586.962219 -56.478516
-481.083191 587.451416 -25.491913
-441.327667 587.457458 5.516867
-401.409302 587.463867 36.652489
-352.328217 589.971619 46.808952
-302.596161 592.762390 54.363808
-252.468430 595.083496 52.523006
-203.058136 590.204895 46.429932
-154.230377 586.140564 34.381420
-105.273407 582.091553 23.797922
-55.994125 578.051758 15.379230
-6.751626 574.014465 6.967210
42.675114 569.962402 -1.476288
91.559776 560.344604 -9.428733
130.390289 528.781616 -14.282285
169.475250 497.471619 -19.053881
208.560165 466.162140 -23.825464
247.572235 434.911072 -28.588165
286.438690 403.776672 -33.333084
325.479950 372.502258 -38.099335
364.390137 341.332764 -42.849579
403.271301 310.186523 -47.596272
441.801819 278.379303 -52.290619
Custom
FlyDown
470.224365 248.666763 -55.625278
Custom
HailActor Nabih 7
475.684967 244.456604 -56.095814
475.684967 295.162354 -56.095814
441.157196 324.105591 -33.700714
402.306763 333.516815 -3.396330
362.838745 335.592682 27.544943
323.458801 336.242493 58.417027
283.779694 336.249878 89.523453
244.307129 336.257263 120.467926
204.805313 336.264709 151.435684
165.244476 336.272003 182.449768
125.771950 336.278320 213.394531
86.417442 336.278320 244.246613
46.767864 336.278320 275.329742
7.162497 336.278320 306.377899
-32.310062 336.278320 337.322327
-71.797386 336.278320 368.278290
-102.104576 368.694458 392.037842
-129.984589 404.120453 413.894562
-159.469543 429.185242 445.925781
-188.442444 420.742828 486.353973
-213.420731 409.983551 528.765991
-227.572144 391.790344 573.547607
Custom
FlyDown
-235.281326 367.954224 606.946350
-240.705627 359.487396 607.825623
-250.309998 357.093536 609.500854
-259.919647 354.715027 611.832153
-266.337677 352.947388 613.221191
-267.884399 350.537872 603.399048
-261.573212 348.731262 595.787170
-252.076660 347.121094 598.731995
-250.421936 345.329529 608.625427
-258.968231 342.831024 613.369446
-268.530060 340.379333 610.288391
-269.870880 338.848846 600.254700
-260.589630 336.964966 596.549744
-254.972076 334.377136 604.471985
-257.392578 331.124878 613.989990
-267.233063 329.317169 611.429199
-268.124390 327.279327 601.468079
-260.089386 326.292297 595.142883
Custom
ClickActor "Ulteran Spire Portal"
-250.396317 326.292297 595.719055
Wait
50
-250.396317 326.292297 595.719055
Custom
TravelMap "Sundered Frontier"
-250.396317 326.292297 595.719055
2195.850586 -208.187698 2470.621826
2195.850586 -157.901855 2470.621826
2168.759521 -118.830910 2486.714600
2143.364746 -120.136330 2530.282715
2126.950195 -124.153488 2577.362549
2111.510986 -124.156975 2625.061279
2096.025635 -124.160431 2672.904297
2080.522705 -124.163940 2720.799561
2064.899658 -124.167465 2769.070068
2049.420166 -124.170929 2816.895020
2033.993164 -124.174393 2864.560059
2018.537109 -124.177856 2912.314209
2003.081177 -124.181343 2960.068848
1987.631592 -124.184776 3007.806641
1972.205078 -124.188217 3055.474609
1961.116699 -137.387375 3102.611084
1958.060425 -162.676865 3145.963135
1954.386230 -189.816818 3188.235840
1951.699951 -217.129044 3230.909912
1949.168579 -244.260529 3273.398193
1903.832153 -253.708664 3292.596436
1858.058838 -246.944687 3273.539795
1811.677979 -243.411179 3255.032959
1764.729980 -245.094513 3237.520508
1717.658813 -246.782272 3219.959961
Custom
FlyDown
1698.316772 -248.628036 3212.800537
1698.316772 -267.825134 3212.800537
1688.979248 -267.825134 3209.025635
1679.416748 -267.607605 3205.927490
1670.173340 -267.838562 3202.087158
1668.004028 -267.838562 3192.198730
1665.730469 -267.679596 3182.183105
Custom
ClickActor "a curious box"
1663.488159 -267.066376 3174.969482
Custom
EquipItem "Spectacles of Anti-Obfuscation" 3 1
1663.487061 -267.065460 3174.783447
1663.407471 -267.064148 3181.675781
1659.878662 -267.838593 3191.219238
Custom
ClickActor "hrtg_arzachel_note"
1659.564331 -267.838593 3193.201904
Custom
ReplyDialog 1 1 1
1659.564331 -267.838593 3193.201904
Custom
EquipItem STORED 3
1659.564331 -267.838593 3193.201904
1673.493530 -267.838562 3202.415039
1692.997681 -267.825134 3217.020508
1695.356323 -217.593597 3217.231201
1738.434570 -197.072540 3201.699707
1766.680298 -187.990585 3161.389404
1787.766113 -177.436691 3117.154785
1812.507690 -164.346130 3075.513184
1838.767334 -151.684494 3034.443604
1865.852051 -148.875488 2992.167236
1892.897827 -146.070633 2949.955566
1919.983521 -143.261536 2907.680176
1947.028931 -140.456711 2865.468506
1974.135254 -137.645523 2823.161865
2002.107910 -134.830246 2781.336426
2029.830444 -132.016052 2739.355713
2057.366699 -129.220718 2697.656006
2084.882813 -126.427376 2655.989990
2112.492432 -123.624634 2614.182861
2138.231201 -129.160797 2571.260010
2160.097168 -145.751663 2529.166992
2184.475342 -168.623215 2491.582520
Custom
FlyDown
2206.625732 -195.147202 2471.637207
Custom
ClickActor "Ulteran Spire Portal"
2212.235596 -209.867142 2473.480225
Wait
50
2212.235596 -209.867142 2473.480225
Custom
TravelMap Commonlands
2212.235596 -209.867142 2473.480225
9.168714 -43.548405 -395.302307
25.420248 -4.199122 -369.065186
52.122959 -4.204187 -326.329651
78.720505 -4.209229 -283.762360
105.298195 -4.214267 -241.226944
131.985184 -4.219315 -198.516556
158.731857 -4.224374 -155.710754
185.369110 -4.229415 -113.079857
212.135681 -4.234481 -70.242172
239.061203 -4.239577 -27.150053
265.599152 -4.244596 15.321929
292.365601 -4.249660 58.159645
318.982910 -4.254693 100.758781
345.709564 -4.259751 143.532806
372.386627 -4.264796 186.227264
399.053833 -4.269847 228.905777
425.900116 -4.274937 271.870514
452.756226 -4.280029 314.851044
478.258331 -4.283666 358.136841
497.264252 -4.283666 404.497314
516.011353 -4.283666 451.179504
534.737671 -4.283666 497.809570
553.415466 -4.283666 544.318237
572.197937 -4.283666 591.087402
590.931763 -4.283666 637.735474
608.950134 -8.029377 684.530579
625.850586 -28.809265 727.093201
634.682434 -50.985336 771.272522
Custom
FlyDown
636.868896 -54.735950 780.812256
Custom
HailActor Arzachel 10
642.450317 -64.765617 790.484253
Wait
20
642.450317 -64.765617 790.484253
Custom
HailActor Arzachel 7
642.450317 -64.765617 790.484253
635.856995 -64.765358 798.136108
631.686523 -64.034180 807.462952
629.030762 -64.309204 817.426575
619.103577 -64.309204 819.512634
608.819824 -64.034119 820.694458
598.837585 -64.034126 822.213867
590.639465 -62.384289 828.132690
586.934082 -61.559166 837.595520
584.856628 -61.284153 847.899597
583.037537 -61.559177 858.309937
583.988403 -61.559193 868.521179
586.318115 -61.559177 878.644287
586.676758 -61.559177 889.008972
586.291565 -61.284153 899.238586
582.198486 -60.548359 908.432922
573.662048 -58.874428 913.624084
Custom
ResetZone "Befallen: Necrotic Asylum"
566.085510 -58.534153 915.406372
Custom
ClickAllActors Befallen
566.085510 -58.534153 915.406372
Custom
WaitForZoning
566.085510 -58.534153 915.406372
Custom
ExecuteCommand "RI_Var_Bool_SkipLoot:Set[TRUE]"
13.198716 -0.376320 -1.896579
3.186540 0.002444 -0.390351
-6.862779 0.277490 0.639276
-16.975859 0.002444 1.417732
-18.921850 0.002443 -8.423669
-19.882650 0.002450 -18.503471
-20.389486 0.002448 -28.538967
-21.084745 0.002444 -38.547531
-29.495993 0.002444 -44.205994
-39.774494 0.209658 -45.028675
-47.510002 0.231932 -51.400909
-53.471676 0.002379 -59.660187
-55.248829 0.277364 -61.977055
-65.457954 0.157295 -61.580711
-75.729340 0.002351 -61.247314
-85.354668 0.002339 -57.981537
-83.523506 0.002342 -48.079899
-74.230850 -2.173743 -44.692741
-68.987350 -10.847492 -43.823677
-68.307426 -17.950960 -36.760059
-61.300400 -17.322491 -33.089207
-63.337059 -17.487137 -23.150635
-63.222427 -17.312250 -12.945962
-62.643578 -17.907225 -2.780193
-61.359852 -17.636997 7.281383
-62.576450 -17.954807 17.376196
-72.268349 -18.900805 14.690526
-80.948502 -20.252729 9.662981
-87.575081 -21.395256 2.195560
-91.475861 -21.748545 -2.200203
-97.550262 -21.662228 5.844011
-103.439560 -22.805779 13.975733
-99.881462 -23.487381 23.421791
-94.893265 -24.330782 32.079918
-89.812798 -25.442242 40.784767
-85.996063 -26.378048 50.270569
-83.994202 -27.678534 60.216019
-89.909691 -27.963690 68.305733
-99.171967 -29.648451 72.076027
-108.781265 -32.884380 71.158508
-118.542351 -30.143084 70.069321
-127.286011 -29.444056 65.253090
-137.893570 -28.877790 58.716061
-137.753159 -27.771662 49.161617
-137.515396 -28.005713 39.029995
-136.693527 -28.293234 29.046383
-134.890518 -27.051746 19.223595
-132.460342 -25.218737 9.644004
-132.059708 -26.477060 -0.286689
-134.239288 -27.664293 -10.155710
-143.270538 -29.301950 -14.235620
-153.330719 -30.191589 -13.401841
-163.274582 -28.976574 -12.408268
-173.300659 -28.141497 -11.735123
-183.312317 -28.141459 -11.304960
-193.318283 -30.479889 -11.126506
-203.350876 -30.616426 -11.183083
-213.473724 -30.616426 -11.452674
-223.504059 -30.616426 -11.905480
-233.545349 -30.134575 -12.213847
-243.349747 -28.141497 -12.229581
Wait
100
-244.310501 -28.141497 -12.231383
Custom
Target Vauth
-244.310501 -28.141497 -12.231383
Wait
50
-244.310501 -28.141497 -12.231383
Wait
100
-244.310501 -28.141497 -12.231383
-254.484695 -28.416399 -12.425154
-264.643005 -28.553881 -12.455082
-267.623108 -28.553881 -2.658579
-269.311737 -28.553881 7.337707
-279.309784 -28.553881 8.732348
-289.487518 -28.416401 8.380208
-299.524231 -28.416401 8.867794
-309.166382 -30.891146 10.737629
-318.459442 -30.891146 14.628051
-327.329285 -30.891146 19.561188
-327.206146 -29.791262 29.584213
-326.132935 -28.141497 39.622608
-325.791138 -28.416430 49.808392
-325.970520 -28.553926 59.823708
-333.712860 -28.553926 66.225822
-343.825256 -28.553926 65.571144
-353.840759 -28.416430 65.405228
-363.937805 -28.162727 64.808891
-373.678772 -30.616426 66.229385
-383.664337 -30.784763 68.066391
-390.003265 -30.985415 75.945213
-389.679871 -29.573635 85.851227
-389.929321 -28.141497 95.969719
-389.953491 -28.416430 106.102196
-389.978546 -28.553926 116.171638
-390.002869 -28.553926 126.172852
-390.027344 -28.553926 136.268600
-380.125488 -28.553926 138.191635
-369.973724 -28.416430 138.567093
-359.911438 -28.204868 138.584305
-349.746460 -28.416430 138.402802
-339.639587 -28.416430 136.912292
Custom
Target Wilhelm
-335.937225 -28.416430 132.750504
Wait
100
-335.937225 -28.416430 132.750504
-336.418213 -28.416430 142.743439
-337.525604 -28.416430 152.927414
-339.188690 -28.416430 162.960724
-349.367126 -28.416430 162.548248
-359.492004 -28.416430 162.159241
-365.786896 -27.604445 170.016922
-365.028381 -25.394556 179.850082
-364.819946 -23.328920 189.642700
-364.706909 -23.466433 199.736618
-363.689087 -23.466433 209.772202
-354.894806 -23.466433 214.661346
-344.734314 -23.741426 216.247955
-335.969116 -23.741426 221.274857
-332.018311 -22.148396 230.437042
-331.891663 -19.936697 240.229614
-331.414612 -18.516426 250.298050
-330.653076 -17.841753 260.319183
-330.323242 -15.968675 270.173553
-330.096741 -15.517254 280.273254
-337.932037 -14.246398 286.452454
-348.013641 -13.772774 287.296265
-347.812561 -12.535270 297.229736
-347.825562 -12.535270 307.435547
-348.649811 -12.535272 317.482025
-350.339050 -11.410014 327.306702
-352.847656 -10.310008 337.068573
-355.460327 -8.969854 346.853119
-357.334961 -7.697501 356.756195
-355.089355 -6.460001 366.496582
-350.084961 -5.360000 375.181671
-344.823639 -3.725986 383.590820
Custom
Target Mordek
-341.038361 -3.709998 390.043762
Wait
50
-341.038361 -3.709998 390.043762
Custom
ClickActor Mordek 1
-341.038361 -3.709998 390.043762
Wait
50
-341.038361 -3.709998 390.043762
Custom
ExecuteCommand "LootWindow:LootAll"
-341.038361 -3.709998 390.043762
Wait
50
-341.038361 -3.709998 390.043762
Custom
ExamineItem "Journal of the Dread Exarch"
-341.038361 -3.709998 390.043762
-346.479065 -4.703291 381.673615
-351.789795 -5.359999 373.023163
-357.025024 -6.872500 364.456177
-357.201202 -8.110003 354.456909
-354.954346 -9.347500 344.687012
-352.692566 -10.310021 334.896393
-350.821228 -11.960018 325.092407
-349.259888 -12.535273 315.213745
-347.680237 -12.535270 305.234467
-346.892853 -12.741543 295.219116
-345.290863 -13.772772 285.314392
-337.788483 -12.814851 278.728088
-332.459717 -15.835437 270.715942
-331.300690 -17.691570 260.852722
-331.363831 -18.516428 250.712631
-332.593079 -19.891420 240.741470
-333.875763 -22.091433 231.045273
-337.368439 -23.741426 221.763321
-346.262817 -23.741426 217.114639
-355.735962 -23.466433 213.811249
-363.602814 -23.466433 207.447647
-364.643188 -23.466433 197.405289
-364.367706 -23.545916 187.282166
-364.278351 -25.941423 177.392914
-364.407715 -28.228367 167.605164
-355.965759 -28.416430 162.058350
-345.822235 -28.416430 161.560654
-336.527283 -28.416430 157.657379
-335.870270 -28.416430 147.534073
-342.774353 -28.416430 140.184830
-352.889923 -28.416430 138.830078
-362.978210 -28.141497 138.465607
-373.085632 -28.416430 138.177170
-383.090790 -28.553928 137.891632
-391.256317 -28.553926 131.970078
-391.546234 -28.553926 121.801437
-391.256866 -28.553926 111.616692
-390.607178 -28.416430 101.589127
-389.939148 -28.143320 91.586647
-389.013855 -30.616426 81.936829
-385.824524 -30.881126 72.225365
-377.168762 -30.985415 66.931931
-367.263458 -28.994169 66.237900
-357.286041 -28.141459 65.441986
-347.206635 -28.553926 64.635933
-337.143036 -28.553926 63.831127
-328.096649 -28.553926 59.522694
-325.942078 -28.416430 49.649853
-325.631012 -28.141497 39.583809
-323.974640 -29.695881 29.725756
-318.154938 -30.891146 21.401709
-310.692291 -30.891146 14.649047
-302.758301 -29.241335 8.642504
-292.632355 -28.141497 8.388680
-282.580811 -28.416399 8.648490
-272.497070 -28.553881 8.557920
-267.359680 -28.553881 -0.092322
-264.044250 -28.553881 -9.563059
-254.242615 -28.348320 -12.298137
-244.159424 -28.141497 -12.533173
-234.260971 -30.066423 -12.454142
-224.071060 -30.616426 -12.370925
-213.912949 -30.616428 -12.423110
-203.762680 -30.616426 -12.526991
-193.761887 -30.616426 -12.615612
-183.902802 -28.141430 -12.702973
-173.854721 -28.141497 -12.792013
-163.761368 -28.966433 -12.994651
-153.826599 -30.225304 -13.258925
-143.701538 -29.315453 -13.515504
-135.527603 -27.595852 -7.840660
-133.759018 -25.988283 2.072978
-133.204086 -25.564133 12.107067
-134.490280 -27.618908 21.965635
-136.880310 -27.942659 31.725689
-138.845520 -28.122099 41.700748
-135.838608 -27.515190 51.239189
-130.388641 -29.037786 59.660614
-123.906303 -28.566696 67.560913
-114.575150 -31.198366 70.184792
-105.210052 -30.769428 66.388306
-98.448891 -30.004267 73.836540
-90.890297 -28.340935 76.256645
-82.279854 -27.450891 53.688995
-82.576195 -26.402298 47.576599
-89.393753 -25.428354 40.322365
-95.466721 -24.385984 32.222309
-99.840073 -23.453081 23.194647
-102.594101 -22.621153 13.555897
-97.579819 -21.814337 4.829062
-87.901237 -21.453123 1.816012
-79.986313 -20.260641 7.861916
-72.035545 -18.854837 13.986087
-62.353241 -17.746376 11.623813
-61.824883 -17.749788 1.628302
-63.315117 -17.247974 -8.307185
-64.333572 -17.327007 -18.355942
-64.537300 -17.259954 -28.362135
-63.154762 -17.351002 -38.324738
-66.413338 -17.322496 -47.804043
Custom
ClimbLadder 320 -1
-60.600052 -17.322483 -55.039703
-56.734394 0.002377 -59.666027
-47.271614 0.275415 -56.300835
-46.505219 0.002394 -46.272163
-36.964199 0.277393 -43.199242
-26.869265 0.002444 -44.160290
-21.101334 0.002444 -35.980526
-18.783653 -0.409777 -26.230890
-15.860959 0.002450 -16.463867
-14.884458 0.002443 -6.385248
-13.840613 0.002446 0.948440
-3.754564 0.277492 0.938898
6.324823 0.002449 0.526963
Custom
ExecuteCommand "RI_Var_Bool_SkipLoot:Set[FALSE]"
16.370766 0.002445 0.519875
Custom
ZoneDoor "exit widget"
22.725008 0.277489 0.420575
576.280457 -59.359135 916.450317
583.768555 -60.482311 909.535828
586.329041 -61.284153 899.508423
586.339539 -61.559177 889.428406
586.347839 -61.559177 879.427063
586.356323 -61.559193 869.126770
586.364990 -61.559189 858.700317
586.356750 -61.440315 848.511108
586.370605 -61.559170 838.273621
589.367371 -62.384129 828.457153
597.304260 -63.759125 822.158691
607.214783 -64.034126 820.531982
617.511230 -64.309204 819.676575
627.839783 -64.309204 819.053589
632.399536 -64.222900 810.065796
632.990295 -64.216812 799.724426
633.713257 -64.765198 789.294312
636.683167 -64.765327 779.679077
639.300354 -64.484436 769.990173
640.180542 -61.721268 760.326538
637.808105 -58.424267 750.768616
633.454102 -55.826694 742.121704
626.561523 -53.525032 734.828064
618.814453 -50.883499 728.306946
612.135864 -49.072708 721.035645
607.940857 -47.605114 711.948486
605.693481 -47.299694 702.013916
604.261353 -47.632481 692.052063
589.723083 -12.773185 658.970337
568.274048 -12.773185 613.549438
559.307678 -12.773185 564.301758
555.430176 -12.773185 514.314758
551.523743 -12.773185 463.953644
547.611389 -12.773185 413.517792
548.063721 -8.729418 363.305389
555.023926 -8.729418 313.748138
561.965088 -4.009480 264.325958
568.933411 -4.009480 214.712799
569.859375 -12.117887 170.978424
544.742004 -12.117887 127.638100
519.573303 -12.117887 84.209839
494.377716 -12.117887 40.732956
469.154541 -12.117887 -2.792570
443.997070 -12.117887 -46.204536
415.431976 -12.117887 -87.290138
381.704193 -12.117887 -124.710846
346.253754 -12.117887 -160.192001
310.763702 -12.117887 -195.713013
275.260315 -12.117887 -231.247253
239.915878 -12.117887 -266.622314
204.015976 -12.117887 -301.653046
163.274567 -12.117887 -331.803802
118.237152 -12.117887 -353.899658
72.964714 -12.117887 -375.357330
27.488930 -12.117887 -396.911407
Custom
FlyDown
5.428779 -12.117887 -407.367188
Custom
ClickActor "Ulteran Spire Portal"
-10.480906 -46.804714 -412.811096
Wait
50
-10.480906 -46.804714 -412.811096
Custom
TravelMap Sundered
-10.480906 -46.804714 -412.811096
2205.068115 -208.524445 2483.224121
2203.775635 -158.505783 2483.866699
2172.811523 -124.279419 2503.167725
2144.931641 -120.463661 2544.778564
2121.640137 -120.472481 2589.698242
2098.567383 -120.481285 2634.192871
2075.494873 -120.490089 2678.687256
2052.421631 -120.498840 2723.181152
2029.368164 -120.507462 2767.639648
2006.237915 -120.516090 2812.248291
1983.114502 -120.524750 2856.837891
1958.601807 -120.530289 2900.507568
1928.018799 -120.530289 2940.217773
1896.791992 -120.530289 2979.475830
1865.434570 -122.855766 3018.671387
1835.744995 -141.080307 3054.674072
1806.431763 -162.015564 3089.597656
1776.512207 -183.413422 3123.868896
1746.670898 -204.755417 3158.050293
1716.874023 -226.065475 3192.181396
Custom
FlyDown
1695.483154 -247.200012 3216.439453
1695.483154 -267.825134 3216.439453
1686.841553 -267.825134 3221.788330
1676.970337 -267.607605 3224.555908
1666.659546 -267.838074 3222.718506
Custom
HailActor Neophyte 3
1661.208374 -267.064148 3220.335693
1670.552734 -267.838043 3224.065918
1680.410278 -267.825134 3226.615479
1690.694336 -267.825134 3227.187744
1713.128296 -223.260376 3222.355225
1718.904419 -173.297638 3221.588623
1718.904419 -123.028488 3221.588623
1718.904419 -73.022110 3221.588623
1689.952515 -35.692337 3204.952637
1654.510376 -6.895456 3184.588867
1614.861694 13.628312 3161.810303
1571.404175 13.628312 3136.849609
1528.043945 13.628312 3111.943848
1496.463989 47.927399 3093.796631
1464.849243 83.419823 3077.798096
1418.498535 87.238235 3058.799805
1375.576416 105.972244 3041.202637
1330.721313 118.488121 3022.814697
1284.348022 118.488121 3003.809814
1237.940063 118.488121 2984.791016
1191.618774 118.488121 2965.807373
1145.245483 118.488121 2946.802490
1098.854858 118.488121 2927.791016
1052.498901 118.488121 2908.793701
1006.108215 118.488121 2889.782227
959.318420 118.488121 2870.606445
912.927612 118.488121 2851.594482
866.449463 118.488121 2832.545898
831.669678 151.593536 2818.281494
797.606079 187.058655 2808.499023
762.400513 221.423340 2798.927246
713.998901 221.423340 2785.782959
665.633667 221.423340 2772.649414
617.359558 221.423340 2759.524902
571.464478 237.332932 2747.055908
523.703857 237.332932 2731.863770
475.959961 237.332932 2716.553223
428.270081 237.332932 2701.259766
380.544495 237.332932 2685.954834
332.747498 237.332932 2670.628174
285.111176 237.332932 2655.352783
237.278473 237.332932 2640.013672
189.535019 237.332932 2624.704102
141.684448 237.332932 2609.360352
91.858139 237.332932 2604.685059
56.924511 224.672791 2638.246582
28.670174 201.957993 2673.079834
2.276042 177.707230 2708.122314
-24.109770 152.997955 2742.912354
Custom
FlyDown
-44.148403 135.877975 2767.116943
Custom
ClickActor qst_invis_cube_butrus 1
-56.274658 126.122047 2779.717041
-56.274658 176.297104 2779.717041
-17.015434 188.015976 2750.800293
23.368608 188.015976 2721.055420
72.601189 188.015976 2710.894043
122.807602 188.015976 2710.102295
173.069839 188.015976 2709.309082
213.579559 217.674423 2708.664307
253.143890 245.675430 2695.744629
299.645599 245.675430 2676.846436
346.216858 245.675430 2657.920166
392.596771 245.675430 2639.068848
442.125031 245.675430 2632.107910
491.972809 245.675430 2628.121094
541.858826 245.675430 2624.130615
591.932312 245.675430 2620.124756
642.042542 245.675430 2616.115967
692.133972 245.675430 2612.108643
742.225952 245.675430 2608.101318
792.280151 245.675430 2604.096924
842.278442 245.675430 2600.096924
892.314270 245.675430 2596.093994
942.387329 245.675430 2592.088379
992.385864 245.675430 2588.088379
1042.459717 245.675430 2584.082764
1092.572998 245.675430 2580.073730
1142.686035 245.675430 2576.065186
1192.612427 245.675430 2572.071045
1242.557495 245.675430 2568.075439
1291.601196 236.271423 2563.875000
1338.666870 219.080276 2559.837402
1385.644775 201.921112 2555.806152
1432.534790 184.793900 2551.780762
1479.741211 167.551315 2547.731689
1526.668091 150.411255 2543.717041
1573.577271 133.277603 2539.703613
1620.521729 116.131355 2535.687500
1667.448242 98.991653 2531.672363
1714.339966 81.864777 2527.660400
1761.265137 64.725075 2523.633789
1806.710205 44.230453 2519.084473
1851.587036 22.008705 2514.655029
1896.313232 -0.138390 2510.243164
1941.056274 -22.293779 2505.828613
1985.932983 -44.515522 2501.397949
2030.843018 -66.753860 2496.963867
2075.563477 -88.900772 2492.549805
2119.958496 -111.614906 2488.281250
2159.064453 -142.687881 2485.239014
2190.502197 -181.688354 2480.643799
Custom
FlyDown
2216.030029 -201.499771 2476.246338
Custom
ClickActor "Ulteran Spire Portal"
2216.047607 -210.029556 2476.234131
Wait
50
2216.047607 -210.029556 2476.234131
Custom
TravelMap Antonica
2216.047607 -210.029556 2476.234131
Custom
FlyUp
-2028.096313 11.999598 -641.602844
-1978.838379 12.699198 -651.561096
-1930.635620 12.699198 -665.220215
-1883.781860 12.699198 -682.791565
-1835.844727 12.699198 -697.078247
-1788.087158 4.895658 -709.890015
Custom
FlyDown
-1755.036499 -11.491041 -719.235718
Custom
ZoneDoor zone_to_windstalker_sepulchre
-1748.822754 -13.735003 -714.765991
2.191843 0.002500 -118.565887
-3.479940 -0.410000 -127.909966
Custom
Target protector
-2.540449 -0.410000 -135.505371
Wait
50
-2.540449 -0.410000 -135.505371
-5.358501 -0.410000 -125.825783
-7.812286 -0.410000 -116.070755
-11.264656 -0.410000 -106.651337
Custom
Target protector
-15.800500 0.002500 -104.087868
Wait
50
-15.800500 0.002500 -104.087868
Custom
Target protector
-15.800500 0.002500 -104.087868
Wait
50
-15.800500 0.002500 -104.087868
-17.212278 0.002500 -114.079613
-19.327663 0.002500 -123.885590
Custom
Target protector
-21.540121 0.004929 -130.842346
Wait
50
-21.540121 0.004929 -130.842346
-28.526136 1.652500 -123.710358
-37.307880 1.652500 -118.733826
Custom
Target fibro
-47.223053 2.482503 -118.514526
Wait
50
-47.223053 2.482503 -118.514526
Custom
ClickNoNameActor
-48.516205 2.482503 -118.546219
