The White Dragonscale Cloak
Custom
CheckPreReqs -ItemQty "incarnadine cluster" 1 -ItemQty "rough fire emerald" 1
0 0 0
Custom
ExecuteCommand "RI_Var_Bool_SkipLoot:Set[1]"
-210.831543 14.301663 108.009216
Custom
ClickActor wdc_halfing_trials
-210.831543 14.301663 108.009216
Wait
50
-210.831543 14.301663 108.009216
Custom
ReadBook "Sailing with Three Sheets to the Wind" 1
-210.831543 14.301663 108.009216
Custom
MessageBox "Hit Last button on book to accept quest then resume"
-210.831543 14.301663 108.009216
-208.963943 14.389436 98.153236
-207.661728 14.477674 88.181435
-199.578918 14.301663 82.215134
-189.508163 14.301664 82.769455
-179.446274 14.861018 82.616104
-171.950638 15.205349 75.875519
-162.354477 14.763113 78.764511
-152.662033 14.763113 81.356636
-144.034897 14.149777 75.888199
-139.620346 14.147792 66.753777
-134.295425 13.801717 58.282814
-127.093163 13.801806 51.326729
-118.218285 15.069776 46.699230
-108.589584 15.376448 43.765190
-99.142731 12.223742 42.637894
-89.699554 8.565991 42.394855
-80.310905 4.922026 42.730991
-70.507370 2.496439 43.832493
-60.639294 2.902154 41.515156
-53.090057 1.883105 34.864162
-49.712128 1.883107 25.401859
-50.287224 1.883107 15.407615
-49.286018 1.269770 5.352410
-42.019669 1.269772 -1.820278
-32.286385 1.269773 -4.279692
-22.278742 1.269773 -2.390094
-12.245907 0.246899 -0.440112
Custom
ZoneDoor "zone_to_everfrost"
-5.474486 0.120361 -0.020352
Custom
ExecuteCommand "RI_Var_Bool_SkipLoot:Set[0]"
-166.419998 9.195727 -393.564026
-167.121185 9.196339 -403.631226
-170.681412 10.194898 -413.196289
-173.225418 10.654131 -423.474121
-180.117706 10.914116 -431.291473
-188.301422 10.003282 -437.033905
-196.921890 8.864842 -442.508728
-206.348099 8.268538 -446.389801
-216.120529 6.689539 -444.505554
-224.587448 4.781315 -439.027954
-229.355835 2.977933 -430.226807
-231.593811 2.923265 -420.369659
-233.598907 0.905635 -410.338013
-235.400040 -2.244065 -400.972900
-237.032715 -4.015782 -391.225159
-238.721619 -3.050365 -381.135437
-240.155609 -1.819224 -371.157043
-241.536453 -0.603280 -361.020660
-242.912796 -0.620956 -350.917023
-244.282501 -2.075528 -340.862396
-245.658920 -3.545407 -330.758759
-247.044205 -4.794132 -320.589722
-248.425476 -4.865458 -310.420105
-249.612930 -3.501560 -300.458862
-250.730240 -1.147162 -290.738434
-251.845642 1.472192 -281.034332
-253.023254 4.074903 -270.789307
-254.176315 5.028679 -260.757324
-256.178436 5.098167 -250.869019
-261.286102 4.859231 -241.864029
-262.057343 5.404801 -231.884979
-260.532379 3.697946 -221.939987
-258.664093 -0.874261 -212.603149
-255.346024 -2.087571 -203.101379
-253.391006 -3.096637 -193.056274
-257.745911 -4.990022 -183.786865
-259.506104 -7.714019 -174.117584
-259.630157 -9.310143 -164.053635
-259.698273 -11.621324 -154.205139
-259.559357 -12.110537 -144.075150
-259.584625 -12.903635 -133.780289
-266.668610 -13.194642 -126.445396
-276.870819 -13.083719 -127.473030
-287.058868 -13.083717 -128.558334
-297.293915 -12.575394 -129.063965
-307.431915 -11.508537 -127.652382
-317.319794 -10.781464 -124.846474
-326.876587 -9.925338 -122.020142
-336.384613 -8.902371 -119.093513
-345.800568 -8.574497 -115.151573
-354.518433 -8.512761 -109.981071
-362.834534 -8.562540 -103.555061
-369.446136 -8.518951 -95.975044
-374.763672 -8.323198 -87.341660
-378.235748 -7.981473 -77.676552
-381.424744 -7.637800 -67.956291
-384.964661 -7.306093 -58.574402
-388.986725 -6.972248 -49.132374
-393.185974 -6.649878 -40.014507
-397.025787 -6.320406 -30.695953
-397.233307 -5.961351 -20.540611
-395.843689 -3.293393 -10.926176
-393.577240 -3.082186 -1.087404
-391.363922 -7.361374 8.255772
-387.748657 -10.645180 17.294317
-384.317780 -14.894435 26.174704
-381.045868 -17.907969 35.202919
-378.204468 -20.334879 44.770550
-374.453827 -22.333309 54.370785
-365.711517 -22.420494 59.285381
-357.048920 -22.308380 64.874214
-348.446930 -22.251215 70.459755
-338.865417 -22.227327 73.826538
-328.835602 -22.218620 75.772011
-318.687714 -22.212589 76.745285
-308.536591 -22.211208 75.736107
-298.288391 -22.207350 74.616188
-288.100983 -22.207342 73.549484
-278.009430 -22.209732 72.587608
-267.939545 -22.206209 71.833092
-257.948700 -22.206701 71.084465
-247.786758 -22.207737 70.323059
-237.637985 -22.207376 69.562622
-227.660370 -22.207701 68.815002
-217.590622 -22.205711 68.060463
-207.310211 -22.206758 67.290154
-197.279968 -22.208481 66.538574
-187.262833 -22.205431 65.787964
-177.245728 -22.206285 65.037369
-167.175888 -22.208231 64.282852
-157.079803 -22.206858 63.526325
-146.891556 -22.207468 62.762917
-136.913956 -22.206171 62.015289
-126.857353 -22.207233 61.261734
-116.629639 -22.208319 60.495346
-106.507233 -22.205357 59.736847
-96.332146 -22.206259 58.974419
-86.217903 -22.208702 59.484867
-76.353096 -22.206285 61.432808
-66.451355 -22.207424 63.412102
-56.458431 -22.206545 65.408546
-46.449905 -22.207426 66.270508
-36.330078 -22.208397 66.574799
-26.329004 -22.205685 66.875519
-16.118385 -22.587803 67.319595
-7.387228 -22.377460 72.669930
0.038686 -22.285227 79.722420
-1.488988 -22.239397 89.844017
-6.337318 -16.737087 96.888199
-10.090323 -12.781499 105.418190
-19.091021 -13.308806 109.778885
-28.742830 -11.884246 112.021088
-38.573704 -9.735471 114.252495
-48.268723 -6.635786 113.624588
-58.445423 -5.857861 113.460098
-60.296307 -4.678484 123.463852
-60.414482 -2.956767 133.413940
-60.415310 -3.945946 143.759201
-60.416126 -5.698853 153.956238
-60.416931 -5.698853 164.021271
-60.513206 -5.698856 174.217682
-60.681988 -5.698851 184.231766
-58.693150 -5.698851 194.234436
-55.670334 -5.698852 203.990265
Custom
ClickActor mariners_bell
-54.792789 -5.698856 208.223297
Wait
50
-54.792789 -5.698856 208.223297
Custom
TravelMap Moors
-54.792789 -5.698856 208.223297
1901.062622 453.335205 1004.599487
1893.755371 453.186584 997.761414
1886.285889 453.186584 990.771545
1878.886841 453.338440 983.683960
1871.390381 453.186584 976.795776
1863.090332 453.408020 970.343750
1853.119995 453.270081 967.210754
1843.071655 452.564026 966.136841
1833.039917 452.564026 964.993530
1822.964722 452.564026 963.933533
1812.539063 452.564026 963.335632
Custom
HailActorMultiOption Rotheck 2 1 1 1 1 1 1 1 1 1 1
1810.079590 452.564026 963.213684
1812.886475 452.564026 953.393127
1815.757690 452.564026 943.798950
1818.584839 452.564026 933.871765
1820.088257 452.564026 923.909363
1818.149780 452.564026 914.070557
1815.391724 452.564026 904.202515
1812.718628 452.564026 894.498962
1810.186035 452.564026 884.201111
1805.093018 453.672302 875.300354
1797.884399 452.564087 868.057922
1790.533081 452.494751 860.834229
1784.558228 452.564026 852.776978
1778.804199 452.564026 844.219971
1772.986694 452.744507 835.784973
1767.623779 452.563995 827.177612
1764.119019 452.564026 817.479797
1763.136108 452.564026 807.245117
1762.914673 452.564026 796.816589
1762.722046 452.564026 786.722473
1762.737427 452.564026 776.544128
1762.973145 452.563873 766.267517
1765.261475 452.489288 755.943970
1765.213379 449.629333 746.011902
Custom
ClickActor "Ulteran Spire Portal"
1766.211304 452.628204 737.867676
Wait
50
1766.211304 452.628204 737.867676
Custom
TravelMap Loping
1766.211304 452.628204 737.867676
62.365368 36.652500 -306.604431
62.365368 46.652500 -306.604431
62.365368 56.652500 -306.604431
62.365368 66.652500 -306.604431
62.365368 76.652500 -306.604431
-10.257691 74.905785 -283.320374
-53.662529 87.059715 -260.428345
-91.325577 88.004501 -226.948578
-129.038788 87.753868 -193.549866
-166.702377 87.746666 -160.194962
-204.249130 87.739487 -126.943474
-242.102493 87.732277 -93.420547
-279.693146 87.725174 -60.130333
-317.357178 87.717964 -26.775511
-354.933502 87.710747 6.501755
-380.751007 59.024353 38.487865
Custom
FlyDown
-387.358276 35.337593 55.951130
Custom
ClickActor crypt_door_to_mistmoore_portal_chamber
-376.558075 16.790033 55.152699
-371.874786 12.488749 47.094498
-367.423096 6.303607 39.701351
-362.912933 1.133202 32.228901
-357.647858 0.823757 23.438625
-353.170746 1.112484 14.372275
-348.515076 0.854701 10.581233
Custom
ZoneDoor "Portal to Evernight Abbey"
-345.059387 1.952678 12.865204
-1.036924 -0.550159 -13.889834
-0.196419 -0.550159 -24.114891
0.187738 -0.550159 -34.376469
0.347502 -0.550159 -44.719566
0.305076 -0.248032 -54.823586
0.040861 -0.451331 -64.959389
-0.222280 -1.611473 -75.053947
-0.484345 -2.082537 -85.107231
-0.748990 -3.030139 -95.259499
3.436210 -3.008499 -104.345261
11.215574 -3.008498 -110.645950
21.173733 -3.042833 -113.052017
31.165936 -2.064528 -114.625275
41.290359 -2.385368 -114.559219
51.269512 -3.276652 -114.462135
61.258102 -4.346652 -114.670105
71.280067 -4.340809 -114.859627
81.336967 -4.334191 -115.024994
90.272377 -4.337578 -110.533440
90.506294 -4.333346 -100.514267
89.304733 -4.345317 -90.438484
95.753006 -4.286720 -82.771179
105.731110 -4.017730 -83.789085
115.599236 -6.160873 -84.109734
125.671890 -6.157825 -84.531792
133.242188 -6.094034 -91.067017
Custom
Target enraged 0 30
133.292389 -5.970919 -100.068359
Wait
50
133.292389 -5.970919 -100.068359
130.676483 -6.805574 -106.526001
121.235718 -6.789582 -110.352257
111.412064 -6.638872 -113.110268
106.029518 -6.614913 -116.005188
Custom
ClickActor wdc_fayformed_ingot
105.909363 -6.335619 -119.236244
114.409920 -6.874703 -124.486649
123.821587 -6.795810 -128.600754
133.638031 -6.802014 -130.999512
143.659256 -6.802958 -129.261139
150.935822 -6.822862 -122.163429
Custom
ClickActor wdc_fayformed_ingot
151.255081 -6.841947 -120.615723
151.323456 -6.820830 -114.389397
142.377289 -6.812344 -109.594704
133.645950 -6.814787 -104.562180
130.125046 -5.946391 -95.169296
128.513977 -6.114697 -85.243805
118.738327 -6.178347 -82.944008
108.858963 -4.527682 -83.692696
98.746216 -4.339750 -84.309311
90.220261 -4.325792 -89.610344
88.918594 -4.346025 -99.846039
88.445984 -4.266646 -110.007225
80.080475 -4.310713 -115.548080
69.734055 -4.332991 -115.004898
59.677311 -4.333553 -114.994438
49.529827 -2.843334 -114.983894
39.349350 -2.397927 -114.973320
29.218355 -2.147088 -114.962753
19.118431 -3.042833 -114.231911
10.397662 -3.008499 -109.130974
4.677707 -3.021153 -100.621361
1.514605 -3.042834 -90.946014
-0.451551 -2.345228 -80.959259
-0.244614 -0.460333 -71.023148
-0.006446 -0.248045 -60.870766
0.027585 -0.248032 -50.847092
0.050021 -0.550159 -40.823368
0.072900 -0.550159 -30.601643
0.095372 -0.550159 -20.561422
-0.081495 -0.550159 -10.457090
Custom
ZoneDoor "zone_to_somborn_cemetary"
-0.171443 -0.248032 -0.499881
-397.290375 10.479813 -74.259743
-397.290375 60.860081 -74.259743
-357.316711 69.186584 -103.340668
-316.775391 69.186584 -132.834473
-276.139435 69.186584 -162.397079
-235.566681 69.186584 -191.913757
-194.820511 69.186584 -221.556610
-154.137390 69.186584 -251.153702
-113.643501 69.186584 -280.613129
-66.595428 62.478500 -297.111725
-17.097855 55.886074 -303.708130
31.649729 47.606903 -312.159607
Custom
FlyDown
43.847969 45.124039 -314.545746
46.264393 35.441437 -313.504456
55.812271 36.026642 -310.545044
Custom
ClickActor "Ulteran Spire Portal"
58.168804 36.652500 -309.684631
Wait
50
58.168804 36.652500 -309.684631
Custom
TravelMap Moors
58.168804 36.652500 -309.684631
1766.610352 453.229370 740.853577
1763.777710 449.725616 750.006165
1760.886597 453.937744 758.882263
1758.276978 452.564026 768.648376
1756.194824 452.564026 778.681030
1754.163452 452.564026 788.790649
1752.031372 452.564026 798.687866
1749.619141 452.564026 808.408203
1746.938843 452.564026 818.571289
1744.258667 452.675354 828.734497
1744.460815 451.136536 838.672974
1748.521240 451.136536 847.907471
1755.794189 451.136536 854.889587
1765.017090 452.675354 858.779541
1774.579712 452.564026 862.124878
1784.400024 452.564026 865.581482
1793.849365 452.564026 869.860291
1802.311035 452.564026 876.123901
1809.368652 452.564026 883.256958
1815.510986 452.564026 891.619446
1821.548096 452.564026 900.243164
1827.652344 452.564026 909.021484
1833.436157 452.564026 917.339172
1839.257813 452.564026 925.711182
1845.028931 452.564026 934.057678
1850.469360 452.564026 942.603699
1855.943604 453.273438 951.196289
1861.957153 453.408020 959.875732
1868.562012 453.270081 967.570007
1875.607300 453.186584 975.168518
1882.638794 453.338440 982.690002
1889.601685 453.186584 990.025635
1897.101196 453.186584 997.244080
1904.788574 453.335205 1004.117249
Custom
ClickActor mariners_bell
1908.576172 453.186584 1007.616882
Wait
50
1908.576172 453.186584 1007.616882
Custom
TravelMap "Fens of Nathsar"
1908.576172 453.186584 1007.616882
182.370773 -118.825867 -169.263596
182.370773 -68.594292 -169.263596
182.370773 -18.342787 -169.263596
182.370773 32.162491 -169.263596
159.547760 63.907982 -200.480759
129.935638 63.907982 -240.983902
100.139420 63.907982 -281.739075
70.446762 63.907982 -322.352509
40.685013 63.907982 -363.060394
13.052890 82.646667 -400.855469
-16.639774 82.646667 -441.469025
-46.459049 82.646667 -482.255768
-76.025139 82.646667 -522.696106
-105.763832 82.646667 -563.372742
-135.479523 82.646667 -604.017700
-165.022552 82.646667 -644.426392
-185.541473 92.673141 -689.018677
-190.780701 111.526077 -735.658020
-200.445038 144.862961 -771.929932
-218.275146 146.008331 -818.967285
-234.092667 132.992798 -864.716858
-246.033585 123.443657 -912.893066
-257.914520 113.942406 -960.827515
-271.863098 104.009758 -1007.846802
-289.019836 93.901695 -1054.112061
-306.196960 83.786972 -1100.432373
-323.361023 73.680099 -1146.716797
-338.265198 63.569481 -1193.783325
-353.105042 53.474300 -1240.804077
-367.933441 43.386959 -1287.788574
-382.409424 33.327019 -1334.737793
-395.620331 23.173149 -1382.539429
-407.069855 13.019380 -1430.746338
-411.586700 31.578884 -1477.286255
-406.480255 31.415676 -1527.354126
-401.395721 31.253162 -1577.208862
-396.301270 31.090328 -1627.160889
-398.322906 30.610182 -1677.531738
-415.049957 35.760399 -1724.413330
-418.981445 41.790573 -1773.893921
-394.458771 62.787922 -1812.521118
-364.738159 64.240707 -1853.207520
-338.038971 57.091587 -1895.052490
-311.582306 53.320019 -1937.507324
Custom
FlyDown
-307.488007 53.059898 -1944.301147
-303.296997 51.889160 -1953.818726
-299.937622 53.646069 -1963.616821
-296.862640 53.776955 -1973.192871
-297.876373 52.458271 -1983.471069
-302.792572 52.798645 -1992.872559
-296.324158 54.014587 -2001.267822
-288.267151 55.318459 -2007.551270
-279.783997 55.761414 -2013.266846
-271.069977 56.996090 -2018.233643
-262.067413 58.814247 -2023.055542
-252.461502 59.416813 -2027.079224
-242.375427 59.751209 -2027.931641
-232.912048 59.662563 -2023.985352
-224.493439 60.121975 -2018.137085
-216.765411 60.503300 -2011.323486
-213.337280 60.824577 -2001.695923
-212.910370 70.604301 -1995.253662
-212.686951 70.755379 -1994.573242
-209.621384 72.962173 -1985.236938
-203.299286 74.064552 -1977.440552
-195.454590 74.390419 -1970.640137
Custom
ZoneDoor "Nu'roga"
-189.466965 74.492996 -1965.406738
Custom
PathKill 90 30 30 1 1 1 "a Drogan" "I've finally gathered all the items Rotheck Dragonforge requested" 1
-3.699552 0.005349 40.553368
4.748468 -0.273811 35.043270
14.591163 0.281612 32.411850
12.993186 0.269182 22.456713
2.881573 0.896045 23.462440
-7.164041 1.893330 23.458399
-16.212999 0.542517 19.245598
-26.135303 0.507621 17.901236
-36.105801 0.221160 17.044424
-42.787849 -0.327800 9.293776
-45.153568 -2.068989 -0.309839
-39.691952 -3.699274 -8.634849
-31.904270 -5.229694 -15.004819
-23.097828 -4.821367 -19.785652
-14.287121 -4.378175 -24.629185
-5.165443 -2.794149 -28.751400
3.968044 -1.024965 -32.815159
13.995836 -0.674966 -31.191202
24.019016 -0.572369 -30.767193
33.963417 -0.070044 -32.736649
43.887100 -0.580305 -34.581932
50.923721 0.009330 -27.365473
52.400707 1.068953 -17.498583
51.945217 3.010185 -7.565419
51.853497 4.968346 2.264430
43.846558 2.860117 -3.384453
39.269211 1.294873 -12.292734
33.289547 0.179911 -20.366899
26.374596 -0.312543 -27.706530
17.344387 -0.667546 -32.238060
7.436619 -0.614691 -34.093357
-2.351761 -2.738513 -33.593060
-11.657553 -5.176511 -30.349886
-19.024172 -4.796584 -23.414936
-27.166506 -5.382242 -17.637632
-37.137001 -6.603116 -16.564623
-45.762051 -5.675206 -11.341956
-48.478580 -2.784434 -1.834905
-46.675774 -0.580092 7.897462
-42.565014 0.098087 17.156960
-41.115665 0.002500 27.080070
-50.905849 2.422809 27.190819
-60.365509 6.002504 27.781145
-65.606255 7.986766 36.083351
-56.657333 9.375088 40.928089
-47.214417 13.145228 39.586769
-42.760002 16.002501 30.962139
-51.638435 19.065470 27.223234
-61.066116 22.914263 27.058413
-66.713371 25.002501 35.119667
-58.163174 25.789673 40.390392
-48.695187 29.582396 40.817661
-41.017712 30.925257 34.466808
-46.779278 31.772175 26.248564
-56.213482 35.517502 26.324076
-65.525047 37.002499 29.671768
-64.218369 39.002499 39.424267
-54.454121 41.244480 40.308617
-45.177464 44.950233 39.735168
-44.047871 44.953938 39.803093
-42.090786 46.999039 30.090075
-50.932587 49.788548 26.044523
-60.194782 53.936386 26.309153
-65.464233 55.894485 34.611546
-57.801029 56.940056 40.979874
-48.452435 60.662914 40.163597
-42.183212 61.992970 38.784508
-32.781189 63.221252 35.583714
-22.878422 63.602333 33.721714
-12.830282 63.240017 32.647530
-3.007471 62.628078 30.277515
7.089871 62.847950 30.114948
16.836227 63.233658 32.690086
26.652388 63.653152 34.557194
34.329594 63.315987 28.069929
38.933609 63.404442 19.115141
41.550869 63.200214 9.405879
40.559135 63.454414 -0.559208
39.976257 63.066730 -10.544076
41.097137 63.287422 -20.632616
34.608704 64.118111 -28.247335
24.794239 63.486290 -30.345232
14.828877 63.431984 -29.011992
6.074450 63.765121 -24.121895
-3.763837 63.255836 -26.050686
-13.518867 63.677086 -29.316935
-23.495907 63.278450 -31.544899
-33.749710 63.587448 -32.299030
-43.822815 63.289391 -34.340878
-39.970856 63.552574 -24.998795
-39.496098 62.768822 -14.932570
-5.001904 0.004937 41.446392
-5.001904 0.004937 41.446392
Custom
ZoneDoor zone_to_fens
-5.001904 0.004937 41.446392
-205.690994 73.555946 -1982.988525
-210.931152 71.482239 -1991.516357
-213.655197 65.559128 -1999.422241
-215.707962 61.543289 -2008.532837
-220.659424 60.069981 -2017.295654
-229.533493 59.699966 -2022.945923
-239.214844 59.924229 -2025.444336
-249.228668 59.582108 -2026.937622
-259.078735 58.859169 -2024.280273
-267.683075 57.729691 -2019.066772
-276.027252 55.997192 -2013.769775
-284.719727 55.732380 -2008.251587
-293.161407 54.419071 -2002.892822
-302.205139 52.929371 -1994.327881
-299.568604 52.506470 -1984.687744
-298.295074 52.202435 -1975.627075
-298.158295 53.715351 -1965.553345
-298.021332 52.793568 -1955.468262
-298.596283 51.434860 -1945.149414
-301.182343 50.047077 -1935.007935
-306.019226 48.597790 -1925.886963
-311.721191 47.202293 -1917.451172
-326.695648 87.264793 -1891.404297
-344.128113 118.713203 -1856.638550
-363.869080 124.472649 -1810.985840
-383.790558 124.472649 -1764.915771
-403.673309 124.472649 -1718.935181
-423.307312 124.472649 -1672.760742
-436.293213 124.472649 -1624.074707
-449.249817 124.472649 -1575.502441
-462.226501 124.472649 -1526.854370
-475.143066 124.472649 -1478.432983
-488.134857 124.472649 -1429.728394
-486.597778 124.472649 -1379.479126
-479.986481 124.472649 -1329.818481
-464.393372 139.460815 -1284.666016
-448.239441 146.768768 -1237.888550
-431.832214 149.898804 -1190.378296
-415.352844 151.456924 -1142.658203
-399.012817 151.456924 -1095.341675
-382.589935 151.456924 -1047.785522
-366.198761 151.456924 -1000.321594
-349.718597 151.456924 -952.599854
-333.206604 151.456924 -904.786743
-316.771118 151.456924 -857.194519
-300.335693 151.456924 -809.602173
-283.982941 151.456924 -762.249634
-267.597565 151.456924 -714.801941
-247.125870 151.456924 -668.718567
-208.592590 151.456924 -636.737549
-169.774796 151.456924 -604.519226
-131.002029 151.456924 -572.338440
-93.729523 139.156952 -541.147339
-62.931091 119.866501 -506.611389
-32.908535 100.153297 -470.937469
-2.932253 80.470413 -435.318512
27.032457 60.795193 -399.713409
56.731190 41.294628 -364.424225
86.441452 21.786480 -329.121399
116.163261 2.270730 -293.804688
145.974121 -17.428167 -258.143311
161.085922 -47.244961 -220.000427
173.478577 -85.922867 -190.042099
Custom
FlyDown
181.689285 -107.309006 -170.807755
Custom
ClickActor mariners_bell
182.422241 -118.825867 -168.405838
Wait
50
182.422241 -118.825867 -168.405838
Custom
TravelMap Moors
182.422241 -118.825867 -168.405838
1901.965210 453.335205 1003.191528
1867.067261 453.334900 967.045898
1850.045044 452.564026 937.767639
1850.045044 502.951111 937.767639
1818.812378 519.040527 902.054626
1786.006592 523.866577 864.544312
1752.989136 523.866577 826.791504
1710.369385 523.866577 800.538452
1663.174438 523.866577 783.997437
1615.846680 523.866577 766.991638
1568.151855 523.866577 749.854309
1526.763550 495.756805 743.909546
1486.189209 466.401031 740.078918
1445.200073 437.335236 736.338501
1411.199097 466.535065 724.739624
1377.029907 499.903442 708.911987
1331.574097 499.903442 687.857178
1285.994873 499.903442 666.744751
1239.990601 499.903442 645.435730
1194.652100 494.397034 624.485535
1153.912964 473.810852 603.749023
1113.314575 456.544891 580.183411
1075.914795 444.289856 549.136902
1044.491699 432.862213 511.951050
1002.583374 418.280701 488.614471
954.991333 410.586212 503.071045
910.931946 404.035645 525.907410
867.055237 408.673126 502.052704
862.786194 393.188446 488.152771
837.305176 390.109406 456.701202
860.343994 380.976929 413.232513
879.934204 369.692322 368.593567
847.387085 366.499390 330.626190
811.371948 363.535706 295.903290
773.392273 360.541382 262.564484
732.945435 358.570648 232.527176
690.893066 352.497131 205.352264
644.733521 333.741760 198.676743
598.469238 314.170502 204.720184
554.575500 289.880951 211.150375
515.904541 258.042633 217.127670
467.515045 243.788467 220.172211
419.392059 229.234528 219.687531
374.854980 205.414948 218.188644
328.955688 185.295471 216.319031
282.812256 165.761887 212.599716
237.201569 145.043106 216.617722
194.856689 122.269218 232.287643
152.773422 99.434807 247.673798
110.788170 76.653496 263.024048
68.672401 53.801399 278.422150
27.852943 28.442160 292.855286
-9.750940 -2.856137 305.339844
-46.908897 -34.609070 317.261688
-85.777794 -64.084152 330.384735
-117.395493 -84.195244 342.075623
-96.473869 -88.431831 387.754303
-73.361244 -85.181862 432.106140
Custom
FlyDown
-61.961216 -81.632225 454.418915
Custom
HailActor Glanral 4
-56.252686 -80.018532 466.510071
-67.047546 -81.301834 497.718567
-68.603134 -81.075493 507.675873
-68.909180 -80.011612 517.768066
-68.988922 -79.076889 527.849060
-68.426857 -77.959686 538.137390
-67.025475 -76.656731 548.153320
-65.352951 -75.283989 558.161987
-63.621773 -73.909912 568.026733
-61.898941 -72.546066 577.842773
-60.124763 -70.705490 587.951294
-58.356297 -68.686356 598.027405
-56.521996 -66.052773 607.653015
-52.962303 -63.525352 617.036560
-48.405048 -62.045357 625.822021
-51.001522 -56.794964 634.649963
-60.621922 -55.120087 637.724365
-70.976898 -54.643906 638.807739
-81.069328 -51.923435 639.863464
-90.577751 -48.859985 640.789063
-100.487068 -46.311741 641.833679
-102.800438 -45.302406 651.879578
-104.097481 -45.426613 662.366394
-105.570908 -45.228340 672.518127
-109.358047 -45.137062 682.106140
-118.644394 -45.493168 686.285278
-128.100815 -46.116535 689.862183
-130.470078 -46.662468 699.851257
-128.134766 -46.621861 710.156677
-126.018929 -47.039116 720.316467
-123.442490 -45.192898 729.920654
-118.628448 -44.924999 738.696472
-112.299591 -44.153725 746.962280
-106.145729 -43.643574 754.869568
-100.477631 -43.851677 763.147339
-94.779716 -44.340435 771.638306
-90.118698 -44.786957 780.632813
-85.741440 -48.568039 789.420471
-79.280205 -51.666866 796.512024
-69.664215 -52.739559 801.049011
-59.956966 -52.846718 804.624634
-51.682537 -53.658226 810.299927
-47.435867 -53.611374 819.524292
-41.535633 -53.504601 827.688293
-36.224152 -52.157021 836.231323
Custom
BuyFromVendor Hopgip "swampsoaked amethyst" 1
-36.703594 -53.323978 842.279053
-35.757214 -52.114502 832.162537
-34.779476 -53.405739 821.710693
-41.076752 -54.006721 813.338501
-50.270840 -53.882633 809.138367
-59.239525 -52.939098 804.187805
-68.776100 -52.852058 800.985474
-79.061905 -51.630840 799.040833
-86.348030 -49.138718 791.692688
-91.290405 -45.449387 783.365601
-96.309555 -44.062191 774.641418
-101.550858 -43.908955 765.531067
-106.783951 -43.680260 756.434998
-111.786209 -44.089172 747.739136
-116.280029 -44.985874 738.826355
-120.772369 -44.767616 729.745850
-124.553291 -46.948418 720.567383
-127.016289 -46.920658 710.401733
-127.854820 -46.613636 700.407593
-125.915527 -46.250744 690.215332
-118.315582 -44.885521 683.757263
-109.505020 -44.977211 678.840698
-102.220009 -45.361519 671.372559
-98.415909 -45.808811 661.798340
-99.532295 -45.705616 651.466431
-95.192757 -47.342735 642.473816
-86.300514 -50.294476 638.907104
-76.959274 -53.421272 636.987183
-67.206688 -55.064240 635.102905
-57.288010 -57.158348 632.287598
-52.181160 -62.634735 625.309631
-50.048374 -63.779781 615.386719
-51.547752 -65.519188 605.099243
-53.489826 -67.700989 595.509583
-55.563744 -69.908951 585.913452
-57.714340 -71.633102 575.962830
-59.840546 -73.113945 566.125000
-62.022507 -74.633606 556.029175
-64.127792 -76.096992 546.288208
-66.130760 -77.548813 536.324829
-66.343040 -78.548576 526.339355
-65.118637 -79.193069 516.088013
-65.862152 -80.229164 506.162537
-66.620010 -81.296585 495.949127
-67.184128 -82.326279 485.837280
-63.442890 -81.831688 476.310150
Custom
HailActor Glanral 4
-56.923862 -79.975281 472.179596
-73.002800 -43.712727 441.670197
-95.978371 -51.673027 397.781525
-112.779427 -59.823612 355.446777
-94.355545 -68.296997 311.682678
-46.712753 -56.553066 300.672791
-5.531806 -30.572706 288.944458
25.065269 7.097691 275.302979
54.402489 45.085239 260.412170
93.223907 76.797623 255.889267
138.314636 96.706291 245.628616
182.611115 117.422623 234.908905
226.959198 138.979126 224.688370
271.132111 160.284546 214.563477
315.573334 181.615265 204.412720
361.300659 202.305786 200.828247
406.327881 224.250168 201.297653
450.849731 248.015594 203.207794
494.934753 271.547791 205.099182
539.472351 295.321655 207.009903
584.976318 315.540039 213.699692
630.039917 334.720520 224.746445
676.710205 352.582947 227.733017
717.864441 356.156799 220.096680
759.601440 358.080872 247.781799
798.230103 359.057312 279.937927
835.905640 359.787323 313.212433
864.168152 363.161407 354.406860
861.087280 378.632111 401.989258
851.913696 386.298737 450.755524
852.369202 395.923798 487.428284
897.463867 392.722534 509.687683
947.614868 395.509247 512.277954
993.166687 404.191498 491.970276
1030.215942 436.370300 503.212738
1067.078857 444.180786 536.803101
1100.471069 451.996857 573.725403
1145.424438 459.113159 595.503479
1189.160034 477.567688 612.392029
1236.526489 481.249939 629.813782
1284.486694 479.171906 645.758728
1332.372559 477.090515 661.679199
1380.036377 475.018799 677.525757
1428.051392 472.931793 693.488831
1475.732788 470.859192 709.341431
1523.101685 483.738129 719.605835
1573.522095 478.971802 721.443054
1623.639893 472.065613 720.410278
1673.566162 465.196838 719.380249
1723.338379 458.349518 718.353333
Custom
FlyDown
1752.459229 452.676971 727.985413
1756.872803 450.041748 733.553711
Custom
ClickActor "Ulteran Spire Portal"
1762.101685 453.229370 734.117065
Wait
50
1762.101685 453.229370 734.117065
Custom
TravelMap Commonlands
1762.101685 453.229370 734.117065
9.168714 -43.548405 -395.302307
25.420248 -4.199122 -369.065186
52.122959 -4.204187 -326.329651
78.720505 -4.209229 -283.762360
105.298195 -4.214267 -241.226944
131.985184 -4.219315 -198.516556
158.731857 -4.224374 -155.710754
185.369110 -4.229415 -113.079857
212.135681 -4.234481 -70.242172
239.061203 -4.239577 -27.150053
265.599152 -4.244596 15.321929
292.365601 -4.249660 58.159645
318.982910 -4.254693 100.758781
345.709564 -4.259751 143.532806
372.386627 -4.264796 186.227264
399.053833 -4.269847 228.905777
425.900116 -4.274937 271.870514
452.756226 -4.280029 314.851044
478.258331 -4.283666 358.136841
497.264252 -4.283666 404.497314
516.011353 -4.283666 451.179504
534.737671 -4.283666 497.809570
553.415466 -4.283666 544.318237
572.197937 -4.283666 591.087402
590.931763 -4.283666 637.735474
608.950134 -8.029377 684.530579
625.850586 -28.809265 727.093201
634.682434 -50.985336 771.272522
Custom
FlyDown
636.868896 -54.735950 780.812256
635.856995 -64.765358 798.136108
631.686523 -64.034180 807.462952
629.030762 -64.309204 817.426575
619.103577 -64.309204 819.512634
608.819824 -64.034119 820.694458
598.837585 -64.034126 822.213867
590.639465 -62.384289 828.132690
586.934082 -61.559166 837.595520
584.856628 -61.284153 847.899597
583.037537 -61.559177 858.309937
583.988403 -61.559193 868.521179
586.318115 -61.559177 878.644287
586.676758 -61.559177 889.008972
586.291565 -61.284153 899.238586
582.198486 -60.548359 908.432922
573.662048 -58.874428 913.624084
Custom
ResetZone "Befallen: Necrotic Asylum"
566.085510 -58.534153 915.406372
Custom
ClickAllActors Befallen
566.085510 -58.534153 915.406372
Custom
WaitForZoning
566.085510 -58.534153 915.406372
13.198716 -0.376320 -1.896579
11.454190 -0.081450 -0.214387
1.462252 0.002444 0.299732
-8.598728 0.247235 0.745536
-18.620630 0.002442 -1.062865
-21.400152 0.002444 -10.689563
-21.543451 0.002452 -20.706238
-21.389996 0.002446 -30.758600
-21.523094 0.002444 -40.951397
-30.815063 0.277490 -44.710972
-40.766464 0.002362 -46.820080
-50.547501 0.001906 -49.577831
-59.117790 -5.106094 -48.015831
-63.480381 -14.674892 -47.116219
-69.002281 -17.505859 -39.198471
-64.804794 -17.322496 -30.073622
-62.493374 -17.375364 -20.261105
-62.630543 -17.277184 -10.185789
-61.940327 -17.860107 -0.205070
-61.112797 -17.614408 9.987521
-68.890991 -18.495201 16.315924
-78.171806 -20.097515 12.545779
-85.288986 -21.018888 5.465615
-94.515022 -21.837454 1.537512
-100.187523 -21.604530 9.848028
-101.699654 -23.281378 19.771696
-97.330360 -24.131763 28.870827
-92.046623 -24.762272 37.359623
-86.588303 -25.881287 45.684921
-82.084763 -27.416935 54.501720
-83.229744 -26.347391 64.437210
-88.802513 -27.525852 72.689423
-96.277954 -29.550941 79.283241
-99.584435 -32.088428 88.525108
-101.500206 -30.791367 78.675591
-107.105148 -32.443840 70.348068
-116.843384 -30.133892 69.017365
-126.749901 -29.346069 67.230858
-136.550262 -29.635981 64.889374
-141.323151 -28.324757 56.137135
-139.795654 -28.163620 46.235981
Wait
20
-137.695908 -28.025808 40.007214
-127.840523 -27.562477 41.993568
Wait
20
-127.059029 -27.462477 42.121906
-135.364197 -27.935257 47.700172
-140.240250 -28.442389 56.516220
-133.352692 -29.885670 63.918709
-124.267601 -28.600414 68.096985
-114.861916 -31.174467 70.571419
-96.790779 -29.106871 75.321411
Wait
20
-90.077034 -28.324896 77.974205
-87.697235 -27.353716 68.129761
-85.027519 -27.010675 58.464676
-81.850204 -26.614908 48.856735
Wait
20
-81.383179 -26.558578 48.076935
-87.824577 -25.930157 46.712177
-92.670898 -24.770187 37.809849
-97.725464 -24.153868 29.015654
-102.671570 -23.429600 20.172613
-101.927505 -21.872274 10.220199
-95.294533 -21.866287 2.626452
-85.347260 -21.067030 3.945926
-78.662758 -20.140594 11.437526
-71.067154 -18.790346 17.922119
-62.464081 -17.812960 12.745772
-61.797985 -17.724358 2.551750
-62.501114 -17.288895 -7.414185
-63.219482 -17.348434 -17.470055
-63.941368 -17.109436 -27.575298
-64.451523 -17.322496 -37.673641
-63.410255 -17.322495 -47.800701
Custom
ClimbLadder 320 -1
-61.152279 -17.322485 -54.054810
-56.574287 0.002378 -58.856102
-50.506969 0.002384 -58.730515
-49.043812 0.001792 -49.331936
-44.464817 0.002386 -43.426357
-34.427853 0.277492 -44.400917
-24.363033 0.002446 -44.397850
-18.658987 0.002444 -36.030575
-17.080778 -0.501157 -26.140341
-16.273714 0.002449 -15.906425
-15.763567 0.002443 -5.730475
-15.354795 0.002445 0.645039
-5.264169 0.277492 -0.319081
4.800450 0.002445 -0.277104
16.370766 0.002445 0.519875
Custom
ZoneDoor "exit widget"
22.725008 0.277489 0.420575
576.280457 -59.359135 916.450317
583.768555 -60.482311 909.535828
586.329041 -61.284153 899.508423
586.339539 -61.559177 889.428406
586.347839 -61.559177 879.427063
586.356323 -61.559193 869.126770
586.364990 -61.559189 858.700317
586.356750 -61.440315 848.511108
586.370605 -61.559170 838.273621
589.367371 -62.384129 828.457153
597.304260 -63.759125 822.158691
607.214783 -64.034126 820.531982
617.511230 -64.309204 819.676575
627.839783 -64.309204 819.053589
632.399536 -64.222900 810.065796
632.990295 -64.216812 799.724426
633.713257 -64.765198 789.294312
636.683167 -64.765327 779.679077
639.300354 -64.484436 769.990173
640.180542 -61.721268 760.326538
637.808105 -58.424267 750.768616
633.454102 -55.826694 742.121704
626.561523 -53.525032 734.828064
618.814453 -50.883499 728.306946
612.135864 -49.072708 721.035645
607.940857 -47.605114 711.948486
605.693481 -47.299694 702.013916
604.261353 -47.632481 692.052063
589.723083 -12.773185 658.970337
568.274048 -12.773185 613.549438
559.307678 -12.773185 564.301758
555.430176 -12.773185 514.314758
551.523743 -12.773185 463.953644
547.611389 -12.773185 413.517792
548.063721 -8.729418 363.305389
555.023926 -8.729418 313.748138
561.965088 -4.009480 264.325958
568.933411 -4.009480 214.712799
569.859375 -12.117887 170.978424
544.742004 -12.117887 127.638100
519.573303 -12.117887 84.209839
494.377716 -12.117887 40.732956
469.154541 -12.117887 -2.792570
443.997070 -12.117887 -46.204536
415.431976 -12.117887 -87.290138
381.704193 -12.117887 -124.710846
346.253754 -12.117887 -160.192001
310.763702 -12.117887 -195.713013
275.260315 -12.117887 -231.247253
239.915878 -12.117887 -266.622314
204.015976 -12.117887 -301.653046
163.274567 -12.117887 -331.803802
118.237152 -12.117887 -353.899658
72.964714 -12.117887 -375.357330
27.488930 -12.117887 -396.911407
Custom
FlyDown
5.428779 -12.117887 -407.367188
Custom
ClickActor "Ulteran Spire Portal"
-10.480906 -46.804714 -412.811096
Wait
50
-10.480906 -46.804714 -412.811096
Custom
TravelMap Moors
-10.480906 -46.804714 -412.811096
1762.366577 453.229370 733.279785
1744.745850 448.012878 727.817993
1737.860474 497.670807 726.690369
1693.944458 520.967773 718.594421
1645.220215 526.206909 707.081177
1596.324829 526.201416 695.742920
1547.371826 526.196045 684.390991
1498.248169 526.190369 672.999573
1449.389526 526.184875 661.669678
1400.664307 526.179382 650.370728
1351.559692 526.173706 638.983826
1302.739624 526.167847 627.663147
1253.746826 522.361084 616.276489
1210.771362 499.313110 605.000793
1166.593994 478.608429 593.807068
1122.151001 459.982727 579.814575
1096.162720 451.578461 572.057800
1075.914795 444.289856 549.136902
1044.491699 432.862213 511.951050
1002.583374 418.280701 488.614471
954.991333 410.586212 503.071045
910.931946 404.035645 525.907410
867.055237 408.673126 502.052704
862.786194 393.188446 488.152771
837.305176 390.109406 456.701202
860.343994 380.976929 413.232513
879.934204 369.692322 368.593567
847.387085 366.499390 330.626190
811.371948 363.535706 295.903290
773.392273 360.541382 262.564484
732.945435 358.570648 232.527176
690.893066 352.497131 205.352264
644.733521 333.741760 198.676743
598.469238 314.170502 204.720184
554.575500 289.880951 211.150375
515.904541 258.042633 217.127670
467.515045 243.788467 220.172211
419.392059 229.234528 219.687531
374.854980 205.414948 218.188644
328.955688 185.295471 216.319031
282.812256 165.761887 212.599716
237.201569 145.043106 216.617722
194.856689 122.269218 232.287643
152.773422 99.434807 247.673798
110.788170 76.653496 263.024048
68.672401 53.801399 278.422150
27.852943 28.442160 292.855286
-9.750940 -2.856137 305.339844
-46.908897 -34.609070 317.261688
-85.777794 -64.084152 330.384735
-117.395493 -84.195244 342.075623
-96.473869 -88.431831 387.754303
-73.361244 -85.181862 432.106140
Custom
FlyDown
-61.961216 -81.632225 454.418915
Custom
HailActor Glanral 7
-56.252686 -80.018532 466.510071
-73.002800 -43.712727 441.670197
-95.978371 -51.673027 397.781525
-112.779427 -59.823612 355.446777
-94.355545 -68.296997 311.682678
-46.712753 -56.553066 300.672791
-5.531806 -30.572706 288.944458
25.065269 7.097691 275.302979
54.402489 45.085239 260.412170
93.223907 76.797623 255.889267
138.314636 96.706291 245.628616
182.611115 117.422623 234.908905
226.959198 138.979126 224.688370
271.132111 160.284546 214.563477
315.573334 181.615265 204.412720
361.300659 202.305786 200.828247
406.327881 224.250168 201.297653
450.849731 248.015594 203.207794
494.934753 271.547791 205.099182
539.472351 295.321655 207.009903
584.976318 315.540039 213.699692
630.039917 334.720520 224.746445
676.710205 352.582947 227.733017
717.864441 356.156799 220.096680
759.601440 358.080872 247.781799
798.230103 359.057312 279.937927
835.905640 359.787323 313.212433
864.168152 363.161407 354.406860
861.087280 378.632111 401.989258
851.913696 386.298737 450.755524
852.369202 395.923798 487.428284
897.463867 392.722534 509.687683
947.614868 395.509247 512.277954
993.166687 404.191498 491.970276
1030.215942 436.370300 503.212738
1067.078857 444.180786 536.803101
1100.471069 451.996857 573.725403
1105.126831 464.997345 580.009705
1149.099121 465.740356 604.664551
1190.524048 487.776550 622.053040
1236.640991 490.910431 641.411499
1282.901489 494.054047 660.830200
1328.964600 497.184204 680.166077
1375.296875 500.332611 699.614990
1421.377930 503.463928 718.958374
1467.840088 506.512665 738.409790
1513.887817 499.955994 757.087891
1560.086426 492.566620 775.952637
1606.035767 485.217224 794.715393
1651.948730 477.873596 813.463623
1698.504761 470.383972 832.455750
1744.401611 461.381775 850.292358
Custom
FlyDown
1746.046509 461.058014 850.931274
1747.258423 451.136536 851.290222
1757.086548 451.646759 854.357605
1766.557861 452.675354 857.436890
1776.125244 452.564026 860.508789
1786.350830 452.564026 864.335144
1795.822144 452.564026 868.950989
1804.350464 453.571320 874.872742
1810.968384 452.564026 882.807861
1816.445068 452.564026 891.428284
1821.726563 452.564026 899.996216
1824.535767 452.564026 909.666077
1822.927734 452.564026 920.099487
1820.021240 452.564026 929.867371
1816.708740 452.564026 939.685791
1813.501343 452.564026 949.538513
1809.368530 452.564026 958.885498
Custom
HailActor Rotheck 7
1808.216431 452.564026 961.038757
1812.489746 452.564026 951.579407
1816.581421 452.564026 941.874268
1820.050903 452.564026 931.916687
1822.417114 452.564026 921.637573
1820.107422 452.564026 911.713135
1816.000732 452.564026 902.166138
1812.431396 452.564026 892.579285
1808.891357 452.564026 882.928589
1803.446655 452.817169 873.969177
1795.057983 452.564056 867.751343
1785.598145 452.564026 863.857788
1775.670532 452.564026 859.978149
1766.270752 452.675354 856.334229
1757.020752 451.136536 852.136475
1748.465332 451.136536 846.296326
1742.417969 451.136536 838.069275
1740.447144 452.675354 828.151306
1741.704346 452.564026 817.833435
1744.667969 452.471497 807.790039
1748.461426 452.564026 798.360596
1752.087280 452.564026 788.795715
1755.875977 452.564026 779.291931
1761.865112 452.563934 770.787781
1765.960205 452.563812 761.516174
1765.947876 450.130005 751.649658
1765.384644 453.136353 741.919678
Custom
ClickActor "Ulteran Spire Portal"
1765.670532 452.735840 738.747131
Wait
50
1765.670532 452.735840 738.747131
Custom
TravelMap Loping
1765.670532 452.735840 738.747131
62.365368 36.652500 -306.604431
62.365368 46.652500 -306.604431
62.365368 56.652500 -306.604431
62.365368 66.652500 -306.604431
62.365368 76.652500 -306.604431
-10.257691 74.905785 -283.320374
-53.662529 87.059715 -260.428345
-91.325577 88.004501 -226.948578
-129.038788 87.753868 -193.549866
-166.702377 87.746666 -160.194962
-204.249130 87.739487 -126.943474
-242.102493 87.732277 -93.420547
-279.693146 87.725174 -60.130333
-317.357178 87.717964 -26.775511
-354.933502 87.710747 6.501755
-380.751007 59.024353 38.487865
Custom
FlyDown
-387.358276 35.337593 55.951130
Custom
ClickActor crypt_door_to_mistmoore_portal_chamber
-376.558075 16.790033 55.152699
-371.874786 12.488749 47.094498
-367.423096 6.303607 39.701351
-362.912933 1.133202 32.228901
-357.647858 0.823757 23.438625
-353.170746 1.112484 14.372275
-348.515076 0.854701 10.581233
-345.968170 0.854701 3.944160
-341.393524 1.042167 -2.984621
Custom
ZoneDoor "Portal to Mistmyr Manor"
-336.006195 2.349379 -0.266731
Custom
ExecuteCommand "RI_Var_Bool_SkipLoot:Set[1]"
18.932245 -0.563871 0.208570
28.960442 -0.563871 0.125349
39.071487 -0.563871 0.041440
49.159241 -0.312453 0.014301
59.270679 -0.312453 -0.023911
69.279480 -0.241319 -0.086111
79.295479 -0.312456 -0.193139
89.154968 1.417225 -0.188121
99.250664 1.417225 -0.182982
108.929001 4.599150 -0.178056
118.331688 8.253568 -0.173270
128.175400 10.517553 -0.168259
138.239456 10.608050 -0.201066
148.240692 10.517553 -0.196270
158.336426 10.517552 -0.191429
168.225815 10.517553 1.551825
173.340820 10.517553 2.808746
174.747467 10.578029 -7.176543
174.234299 10.517553 -17.304256
174.136353 12.114663 -27.210358
174.075729 11.144118 -37.321671
174.015411 10.517553 -47.385742
173.955444 10.517637 -57.386829
172.929352 10.578414 -67.468529
172.196304 10.517544 -77.484329
174.060501 10.182074 -87.411644
174.642166 10.182071 -97.426460
174.873657 10.182070 -107.605644
174.960037 10.182068 -117.638016
175.046844 10.182067 -127.725517
175.133041 10.182067 -137.749878
175.220093 10.182069 -147.868851
175.283661 10.182073 -158.058838
175.280548 10.517539 -168.107376
175.277405 10.517539 -178.172012
Wait
50
175.276917 10.517539 -179.770142
174.770721 10.517538 -169.689880
174.894165 10.182072 -159.615723
174.998978 10.182070 -149.599350
175.103943 10.182067 -139.567230
175.003204 10.182068 -129.449341
174.812881 10.182069 -119.268860
174.624313 10.182070 -109.182861
174.435608 10.182071 -99.088989
172.618515 10.182073 -89.224129
165.695084 10.517553 -81.829285
157.339233 10.517553 -76.235367
148.440964 10.517552 -80.926369
148.352615 10.517552 -90.967918
148.357468 11.726585 -100.921890
148.355911 16.877754 -109.584358
148.162415 17.588554 -119.630875
147.941788 18.150000 -129.708511
147.548523 22.803297 -138.729980
147.065628 22.803297 -145.193573
136.970840 22.803293 -144.370468
129.707138 22.803291 -137.438309
121.018044 22.803282 -132.440506
110.967834 22.803295 -131.555313
100.762535 22.803293 -131.674240
90.745857 22.803289 -131.683289
80.650291 22.803288 -131.628830
70.538841 22.803284 -131.655365
60.458923 22.806904 -131.688965
50.284969 22.808729 -131.176346
41.322384 22.808729 -126.709686
36.133396 22.808729 -118.043068
35.397739 22.808729 -108.038582
35.419804 22.808729 -97.934982
35.486176 23.269255 -87.852608
Wait
50
35.563255 23.721609 -83.847443
35.644901 22.808729 -93.874123
35.775230 22.808729 -104.008339
35.923702 22.808729 -114.126335
40.028458 22.808729 -123.327820
47.817429 22.808729 -129.670502
57.633236 22.808729 -131.642471
67.723167 22.803284 -132.526535
77.427666 22.803286 -129.654724
81.490738 22.803297 -139.085190
81.846382 22.803297 -149.126465
81.992401 22.803297 -159.134583
81.937759 22.803297 -169.141830
81.587532 22.803274 -179.144836
81.234627 22.447508 -189.226471
81.381744 22.447504 -199.345871
Named
Librarian
StandardNamed
SameLock
DontKillAdd
DontMoveBehind
81.365753 22.447506 -204.501053
Wait
50
81.365753 22.447506 -204.501053
81.270691 22.447508 -218.425095
81.202255 22.803274 -228.464569
81.133186 22.803282 -238.583618
81.064384 22.803282 -248.671280
80.995483 22.803282 -258.766876
80.927086 22.803083 -268.791840
80.767616 22.803083 -278.877319
76.882195 22.803082 -288.106934
68.368065 22.803083 -293.524536
58.317329 22.803068 -294.465637
48.230274 22.803068 -294.594025
38.266357 22.803068 -296.165527
31.144283 22.803068 -303.258331
29.750639 22.803068 -313.354614
29.875156 22.799696 -323.504852
29.939453 22.854153 -330.690613
20.083204 22.799694 -332.801422
10.770777 22.901800 -336.681305
12.468904 24.400049 -346.496796
21.315395 25.526981 -351.085724
Wait
50
30.470379 25.524504 -351.115387
20.453478 25.531343 -349.816345
12.914842 24.161013 -343.306671
12.782027 22.901800 -333.216949
20.882618 22.799696 -327.112122
29.587370 22.799696 -322.166565
31.529278 22.803068 -312.237000
34.503456 22.803068 -302.644928
42.328964 22.803068 -296.286316
52.256401 22.803068 -294.081879
62.278347 22.803068 -293.161682
72.109123 22.803068 -290.694733
79.424004 22.803083 -283.831421
80.682938 22.803083 -273.910858
80.934120 22.803282 -263.846161
80.923843 22.803282 -253.758179
80.913582 22.803282 -243.701874
80.903374 22.824064 -233.684769
80.910240 22.622219 -223.612671
81.144432 22.447508 -213.511719
81.323853 22.447506 -203.401810
81.493813 22.447508 -193.299744
81.586510 22.803276 -183.267654
81.621552 22.803297 -173.116898
81.656082 22.803297 -163.107834
81.691124 22.803297 -152.956985
81.641502 22.803297 -142.893234
81.503227 22.803288 -132.874802
91.484962 22.803289 -132.201126
101.556892 22.803293 -132.250748
111.707664 22.803297 -132.300797
121.792908 22.803282 -132.171906
131.900055 22.803289 -132.635361
137.276566 22.803295 -141.179825
145.937119 22.803297 -146.188110
147.585648 21.921785 -136.349075
147.682678 17.588560 -127.291229
148.219223 17.588560 -117.264977
148.791733 15.495335 -107.280388
149.487778 10.517552 -98.598511
150.870239 10.517552 -88.636658
160.238480 10.517552 -84.817734
169.964066 10.182074 -87.526466
179.702728 10.182072 -90.186768
189.480377 10.517552 -92.732666
198.918503 10.517552 -96.155312
201.041885 14.344942 -105.324921
202.293396 17.588558 -114.773872
202.895432 17.588560 -124.756645
202.442429 20.735706 -134.281326
205.037537 22.803293 -143.738800
214.850113 22.803293 -141.489426
222.861633 22.803291 -135.477631
232.036407 22.803684 -131.303223
242.104889 22.822050 -132.199341
251.689926 22.822065 -135.402603
258.243256 22.822065 -142.993668
259.090057 22.822065 -153.152222
259.147064 22.766344 -163.384308
258.737152 22.682064 -173.430481
257.927216 24.536564 -183.240799
257.529816 29.268211 -192.080460
257.434052 29.765593 -202.144104
248.782974 29.765593 -207.271500
238.948593 29.765593 -205.282257
228.999481 29.765745 -204.186005
219.026169 29.765745 -205.170563
211.447800 29.765745 -211.892151
207.565720 29.765736 -221.153992
206.478729 29.765736 -231.178528
205.549988 29.774595 -241.328293
200.439072 29.774595 -250.115997
191.711197 29.860344 -255.072845
Wait
50
186.279282 29.774593 -255.747498
176.261780 29.774595 -255.800171
166.239014 29.774593 -256.205322
Custom
ClickActor "widget_secret_door_to_bouldoir"
162.705383 29.774595 -259.382690
162.708755 30.972836 -269.776703
162.663589 30.972837 -279.927551
162.608917 32.258331 -289.943848
162.473389 32.065590 -299.944275
Wait
50
165.568039 31.992825 -309.522980
Custom
ClickActor heritage_wdc_lenya_journal
166.023590 32.562374 -316.275726
Wait
20
166.023590 32.562374 -316.275726
Custom
ReplyDialog 1 1 1 1 1
166.023590 32.562374 -316.275726
164.756119 32.065586 -306.270752
163.494751 31.992825 -296.309814
162.757080 32.322842 -286.173126
162.659332 30.972837 -276.251556
Custom
ClickActor widget_secret_door_to_bouldoir
162.702118 31.373077 -266.180206
162.433655 29.774595 -256.199951
162.366684 29.774595 -254.147675
172.375671 29.774595 -255.228119
182.473206 29.774595 -256.075684
192.496170 29.860344 -255.155701
201.315079 29.774595 -250.178238
205.893845 29.774595 -241.274918
207.274673 29.765738 -231.340652
207.310196 29.765734 -221.171295
210.920990 29.765745 -211.710602
218.998596 29.765743 -205.691574
228.999710 29.765745 -205.071671
239.062088 29.765593 -205.269623
249.120956 29.765593 -205.378265
257.355225 29.765593 -199.612534
259.141968 28.087694 -189.905212
258.874084 23.336857 -180.979599
258.610626 22.682064 -170.950439
258.367920 22.766342 -160.873306
258.099030 22.822065 -150.694534
254.979645 22.822065 -140.994827
248.432129 22.822062 -133.372040
238.488831 22.822050 -131.684036
228.412170 22.803280 -132.367615
218.502213 22.803291 -134.678497
211.041183 22.803297 -141.356750
202.001389 22.803293 -145.464188
202.023972 21.430571 -135.446991
201.476120 17.588560 -126.218208
200.827637 17.588560 -116.119667
200.203217 14.972658 -106.391281
198.849182 10.517552 -97.423660
192.946075 10.517552 -89.160950
186.310211 10.517552 -81.625717
180.200317 10.517550 -73.590652
176.581528 10.578422 -64.203300
174.526199 10.575338 -54.348328
174.839554 10.517552 -44.265953
175.002182 10.517553 -34.218758
175.151764 10.517552 -24.139887
175.269394 10.517552 -13.989700
175.199997 10.517553 -3.820849
166.598221 10.517552 1.567660
156.572449 10.517553 1.062398
146.409958 10.517553 0.599471
136.314270 10.608050 0.202873
126.150436 10.517553 0.257438
116.488960 7.483254 0.134156
107.025238 4.014312 -0.061785
97.292854 1.417225 -0.193487
87.205147 1.417225 -0.224396
77.290657 -0.241319 -0.247440
67.231255 -0.312453 -0.048003
57.089985 -0.312452 0.113198
46.994545 -0.563871 0.175230
36.875237 -0.563871 0.137501
26.779549 -0.563871 0.099861
16.770502 -0.563871 0.059775
6.737868 -0.312453 0.084675
Custom
ZoneDoor "zone_to_somborn_cemetary"
4.312392 -0.312453 0.095391
-397.394073 9.437703 -79.279419
-411.625580 18.638769 -60.387909
-411.625580 61.241337 -60.387909
-389.926605 61.057732 36.530319
Custom
FlyDown
-382.777435 24.664522 56.629929
Custom
ClickActor crypt_door_to_mistmoore_portal_chamber
-376.721161 16.809969 55.888718
-371.990540 12.932951 47.702549
-367.793701 6.885491 40.529343
-363.586853 1.133202 33.299538
-358.540497 0.833932 24.400963
-353.628265 0.854700 15.639174
-350.475891 0.854701 9.865601
Custom
ZoneDoor "Portal to Ravenscale Repository"
-356.098053 2.348887 6.385980
-0.166952 -0.464395 -22.299992
0.078734 -0.464395 -32.384762
0.324421 -0.464395 -42.469616
0.568959 -0.212976 -52.507256
0.504163 -0.212979 -62.547169
-2.168328 -0.478525 -72.192291
-7.073797 -0.612979 -81.042992
-12.213090 -0.612980 -89.711510
-20.308300 -0.273456 -95.665947
-30.325331 -0.212974 -96.288177
-40.444382 -0.273452 -96.208191
-50.139893 -0.273454 -98.977394
-52.492958 -0.273453 -108.840118
-52.862118 2.601002 -118.525925
-53.770603 4.179202 -128.453934
-56.259686 3.985216 -138.277145
-54.095226 3.985216 -148.087585
-52.322632 3.985216 -158.040024
-46.060326 3.985216 -165.891769
-39.374035 4.178312 -173.394577
-30.173801 4.176204 -177.604065
-20.370564 4.173318 -180.599045
-10.908051 4.173318 -184.369217
-4.081101 4.173535 -191.821045
-0.003790 4.177346 -201.020233
0.980154 8.995508 -209.895859
0.698305 14.218734 -218.657990
0.569223 16.117584 -228.482300
1.387243 16.118803 -238.592102
8.885520 16.118126 -245.283051
18.416334 16.116241 -248.390137
28.167698 16.116802 -251.088394
37.839130 16.118803 -253.723816
43.176888 16.118803 -262.336792
33.130680 15.417452 -261.743439
24.524916 10.285126 -261.580475
15.800242 5.073055 -261.605133
7.310799 4.143203 -266.937347
15.729010 3.889555 -272.401337
25.793419 3.889606 -273.181610
35.944519 3.889688 -273.289124
45.292976 4.143148 -277.154022
48.266960 4.143180 -286.767273
57.799213 4.143228 -289.949585
67.723839 5.338796 -289.065063
76.242996 6.923261 -284.067474
79.725250 8.484098 -274.814697
80.526306 9.208898 -264.775146
81.247849 9.745130 -254.507935
84.435074 11.510615 -245.143341
92.670433 13.129972 -239.348526
102.650032 14.189618 -237.992218
112.808334 14.198431 -238.065506
122.376289 14.201239 -235.020416
115.953148 14.201239 -227.137390
113.318779 14.261716 -217.400330
113.571548 14.223729 -207.224442
116.759270 14.223729 -197.629974
124.074013 14.223729 -190.736115
134.117996 14.223729 -189.063110
144.192047 14.221940 -188.739426
153.847656 15.058213 -191.270294
Wait
50
153.895966 16.428953 -193.991455
150.622879 14.235350 -184.700195
147.599182 14.235349 -175.098190
146.099792 14.294635 -165.075134
144.894730 15.047879 -155.099243
139.943298 16.902584 -146.479752
131.086700 18.555162 -142.018555
121.072510 19.273497 -141.073196
110.997108 19.457890 -140.768463
101.094879 21.165672 -140.468918
91.176888 22.807640 -140.168945
81.282516 24.248579 -139.869675
71.081192 24.290190 -139.561066
61.089260 24.055281 -139.061401
51.125011 24.055281 -137.960693
41.167725 24.248365 -137.029053
30.964697 24.248362 -136.624313
20.855536 24.248339 -136.992630
10.645413 24.248343 -136.541763
0.624524 24.247566 -137.029404
-9.418609 24.248423 -136.842651
-19.537329 24.248405 -136.443710
-29.643970 24.248388 -136.130234
-39.664009 24.248365 -135.819443
-49.754589 24.055281 -135.998047
-59.802368 24.055281 -137.285202
-69.284157 24.248365 -140.598755
-79.291367 24.248579 -141.164581
-89.273918 23.116693 -140.921616
-99.201363 21.492235 -140.680038
-109.152397 19.776037 -140.438263
-119.200165 19.273495 -140.333420
-129.192871 18.814854 -140.836060
-138.684769 17.238205 -143.997635
-144.773788 15.717791 -151.793030
-146.149231 14.234113 -161.701981
-146.949066 14.235349 -171.710648
-147.764694 14.235350 -181.694412
-141.496399 14.221359 -189.489868
-131.491180 14.223729 -190.547913
-121.771912 14.223729 -193.431824
-115.950760 14.223729 -201.723129
-113.399254 14.223729 -211.491272
-114.085495 14.201238 -221.518356
-116.885544 14.201238 -231.234573
-119.874840 15.340580 -240.766678
Wait
50
-120.081299 16.338835 -244.161728
-119.907722 14.201239 -234.247009
-110.132256 14.182308 -236.478012
-100.677834 14.189618 -239.756653
-90.945541 12.644957 -242.411301
-82.834480 10.908506 -248.123352
-79.866600 9.288003 -257.599731
-79.829163 9.152072 -267.601105
-78.120644 7.953585 -277.522675
-71.514885 6.325804 -284.910370
-62.027412 4.395853 -287.850922
-52.007778 4.143229 -288.534119
-41.859509 3.889131 -289.493744
-32.061546 3.889131 -291.970612
-22.192600 3.808116 -294.226929
-12.924623 3.889064 -290.288940
-3.823268 6.008039 -289.547943
Custom
Target Archivist
0.268282 6.008039 -291.994171
Wait
50
0.268282 6.008039 -291.994171
0.385166 3.889350 -301.925720
-3.587218 4.143260 -311.128113
-12.607130 4.143295 -315.771698
-21.578049 8.486160 -316.653473
-30.332453 13.741496 -316.798676
-39.975536 16.118803 -318.316223
-45.101997 16.118803 -327.020813
-54.815228 16.167906 -329.430115
-64.776123 16.063002 -330.922638
-74.153587 16.063002 -334.463226
-78.935791 16.063002 -343.286682
-79.630684 16.123489 -353.388580
-80.313271 16.063015 -363.425873
-80.657333 16.063017 -373.462097
-72.200180 16.070187 -378.998016
-62.145557 15.547955 -379.546356
-52.247074 14.013872 -379.951111
-42.317093 12.474909 -380.357117
-32.379242 10.934727 -380.763458
-22.280331 10.490804 -381.334106
-12.409954 10.490805 -383.440613
-3.990186 10.546620 -389.111908
Custom
ClickActor "Platform Switch"
-3.702021 10.546620 -389.515686
Wait
200
-3.702021 10.546620 -389.515686
-1.992444 10.490805 -419.518066
-0.119965 11.016838 -429.403168
0.229795 11.236822 -439.500366
Wait
50
0.474030 11.291181 -444.755249
Custom
ExecuteCommand "RI_Var_Bool_SkipLoot:Set[0]"
0.474030 11.291181 -444.755249
