Green Fruit For Rut
Custom
HailActorGetQuest -Actor "Izny Rut"
-831.290466 130.844513 -779.386597
-831.290466 181.050873 -779.386597
-815.687317 202.591644 -736.886292
-801.106140 229.245087 -697.168762
-783.773499 229.245087 -649.959961
-766.521973 229.245087 -602.971985
-749.169922 229.245087 -555.709961
-731.858276 229.245087 -508.557892
-714.573425 229.245087 -461.476166
-697.254639 229.245087 -414.303040
-680.009827 229.245087 -367.331116
-668.159912 229.245087 -318.687561
-662.937134 229.245087 -268.805298
-657.696838 229.245087 -218.768677
-652.458313 229.245087 -168.751755
-647.246948 229.245087 -118.986954
-642.023560 229.245087 -69.105789
-637.602844 224.021927 -19.501633
-636.079773 202.831970 25.773493
-634.333130 181.364380 71.175163
-632.591492 159.963455 116.435852
-630.845032 138.504242 161.819641
-629.082336 116.944084 207.043076
-632.689331 90.132347 249.519775
Custom
FlyDown
-635.301025 71.946510 275.980408
-636.950745 15.397446 273.540070
-628.386230 15.443909 278.978699
-619.990906 15.178213 284.550476
-611.856934 13.817109 290.253326
-604.463562 10.489096 296.247223
-597.205261 8.944029 303.180573
-590.695984 8.944029 311.116913
-584.777588 10.553408 319.510681
Custom
MoveToActor TintFlags-0 5
-579.296692 12.759508 327.134247
Custom
ClickActor TintFlags-0
0 0 0
-588.722412 12.865965 330.839172
Custom
MoveToActor TintFlags-0 5
-596.846497 12.865964 334.305328
Custom
ClickActor TintFlags-0
0 0 0
-594.731201 12.590698 344.320221
-592.198547 12.506590 354.073639
-589.266113 12.467687 363.750214
-585.602844 12.369559 373.352112
-579.872131 12.451239 381.827454
-571.256714 12.512272 387.357758
-562.521301 12.730988 392.691681
-553.763184 13.570627 397.496979
-544.505249 14.207643 402.202606
-535.262634 13.766363 406.780151
-526.209900 12.567165 411.171478
-516.818359 11.377923 415.521576
-507.684082 10.610828 419.821167
-501.147583 11.870287 427.332550
-497.753235 12.455151 437.034668
-494.638977 12.021654 446.596771
-489.547791 12.224879 455.618530
-484.162323 12.143099 464.288147
-478.874420 11.216658 472.953918
-473.886719 11.228780 481.753937
-471.730011 12.819469 491.469269
-475.889008 12.865964 500.584564
-484.185608 12.865964 506.635071
-493.522125 13.819977 510.782623
-502.979797 16.381649 514.164246
-512.643738 18.906166 517.610352
-521.722534 21.811846 521.169067
-530.345154 25.143045 525.667969
-537.823669 27.673410 531.895203
-543.364075 29.151133 540.289307
-548.896301 30.949574 548.821411
-549.394165 31.674221 558.857239
-555.027161 31.347763 562.227417
-561.378174 29.937723 570.155701
-568.194885 29.225498 577.621826
-575.264465 29.497263 584.782288
-582.886719 30.661438 591.585327
Custom
MoveToActor TintFlags-0 5
-586.098328 30.678740 594.474670
Custom
ClickActor TintFlags-0
0 0 0
-595.467346 31.241503 597.949158
-605.217834 30.802887 601.051331
-602.584900 30.420418 591.167847
-600.041321 29.581240 581.416260
-598.616272 29.225615 571.453064
-597.436523 29.225615 561.253784
-596.636169 29.225615 551.134644
-594.908020 32.800999 541.799133
-590.301819 33.694424 532.701660
-584.003113 32.533806 524.786133
Custom
MoveToActor TintFlags-0 5
-585.878784 31.082315 519.010315
Custom
ClickActor TintFlags-0
0 0 0
-595.834106 30.134912 518.242065
Custom
MoveToActor TintFlags-0 5
-598.348206 29.863064 518.368225
Custom
ClickActor TintFlags-0
0 0 0
-601.873779 29.225615 509.031494
-604.594421 29.225615 499.339508
-607.664063 29.225615 489.705933
-611.690125 29.225615 480.420319
-616.109436 29.225325 471.410461
-620.847656 29.225615 462.323792
Custom
MoveToActor TintFlags-0 5
-624.312134 29.286667 455.458679
Custom
ClickActor TintFlags-0
0 0 0
-618.057312 32.692524 447.820618
Custom
MoveToActor TintFlags-0 5
-616.129822 33.205811 445.662781
Custom
ClickActor TintFlags-0
0 0 0
-626.190002 31.720909 445.338379
-635.085938 30.814957 449.881409
-639.130981 29.462969 459.084167
-641.415466 29.224421 469.042358
-643.493408 29.225615 479.080597
-646.424988 30.951248 488.491333
-649.615906 32.434464 498.052094
-653.946350 33.480778 507.028595
-658.704956 33.694424 515.889404
-663.618164 33.306644 525.037842
-654.653442 33.172611 529.656494
-644.377808 33.694424 528.971008
-634.009094 33.677437 527.944580
-624.177307 33.672050 525.838440
-614.339722 33.505932 523.262329
-604.921204 30.386356 520.719055
Custom
MoveToActor TintFlags-0 5
-598.824280 30.121527 519.062378
Custom
ClickActor TintFlags-0
0 0 0
-588.843323 32.152977 519.384766
Custom
MoveToActor TintFlags-0 5
-586.412598 31.664024 519.468079
Custom
ClickActor TintFlags-0
0 0 0
-587.619202 33.657387 529.650574
-591.751160 33.694424 538.853088
-596.176941 29.487017 546.944153
-597.820435 29.225615 556.959656
-596.519714 29.225615 566.944397
-593.370178 29.504032 576.647766
-588.951599 30.606720 585.733459
Custom
MoveToActor TintFlags-0 5
-585.553162 30.678740 594.291626
Custom
ClickActor TintFlags-0
0 0 0
-595.758545 31.239088 595.148132
-605.751648 30.427256 594.839661
-615.445557 29.227905 592.691589
-625.246155 29.225615 589.781189
-635.104309 30.432014 587.185974
-644.877197 30.679701 584.870056
-654.912842 30.958204 582.491882
-664.991943 30.876673 580.230957
-675.232117 31.026802 580.219604
-685.366699 30.695852 582.067566
-694.833740 30.550219 585.393250
-703.572632 29.231857 590.105835
-711.858276 29.225601 596.004456
-718.888794 29.225615 603.246948
-725.181213 29.980015 611.020935
-731.257935 30.635988 618.980103
Custom
MoveToActor TintFlags-0 5
-731.609253 30.641478 619.417419
Custom
ClickActor TintFlags-0
0 0 0
-740.409180 30.833155 624.643127
Custom
MoveToActor TintFlags-0 5
-742.624207 30.744099 626.057922
Custom
ClickActor TintFlags-0
0 0 0
-742.600708 30.818279 625.458618
-752.557922 30.886082 627.165222
-762.661682 30.659492 628.237915
-772.721985 30.504877 627.821411
-781.812683 29.025255 623.255066
-790.013123 26.184769 618.137695
-798.301086 23.264200 612.822449
-806.387390 20.030802 607.626282
-815.478577 16.906866 610.569092
-819.837769 10.811717 617.379517
-824.598022 8.928404 626.035645
-828.734619 9.757386 635.119812
-831.039307 11.114265 644.803406
-833.333496 9.783730 654.471069
Custom
MoveToActor TintFlags-0 5
-834.352173 8.947815 658.763611
Custom
ClickActor TintFlags-0
0 0 0
-832.489258 10.954817 648.963562
-829.994873 10.585979 639.147339
-826.678223 8.942114 629.740479
-822.899658 8.944898 620.395447
-819.465393 14.650033 612.426453
-813.151550 17.927319 604.951965
-803.399231 19.879702 602.148315
-794.877930 22.638901 606.746765
-787.377197 25.731236 612.992554
-780.850708 28.843765 620.331726
-777.168396 30.349030 629.711243
-776.026794 30.714355 639.859802
-775.983093 30.898540 650.047058
-776.495361 30.841553 660.152771
-777.800964 31.033527 670.311401
-779.198730 31.481308 680.330505
-780.566406 31.263725 690.371399
-780.550049 31.079285 700.641907
-779.065918 33.124634 710.588684
-775.839294 34.469677 720.269348
-770.860229 35.120464 728.980408
-762.893921 35.093323 735.508850
-753.663025 35.760994 740.044434
-743.633789 37.289959 742.111450
-733.612366 38.797890 742.380920
-723.406372 40.223076 742.358398
-713.326416 40.772640 742.330627
-703.262329 39.923843 741.832581
-693.144653 39.303890 740.609192
-683.300903 39.303890 738.728638
-673.416382 39.303890 736.290894
-663.654236 39.303890 733.838074
-653.620239 39.303879 731.286865
-643.784302 39.314453 728.551331
-634.006226 40.741993 725.671448
Custom
MoveToActor TintFlags-0 5
-627.279419 41.234764 723.157532
Custom
ClickActor TintFlags-0
0 0 0
-628.135010 40.789429 713.197632
-629.522522 40.775284 703.163147
Custom
MoveToActor TintFlags-0 5
-629.952454 40.771137 699.410278
Custom
ClickActor TintFlags-0
0 0 0
-621.917664 40.772640 693.349670
Custom
MoveToActor TintFlags-0 5
-621.463806 40.772640 692.487122
Custom
ClickActor TintFlags-0
0 0 0
-630.303101 40.566334 687.246399
-638.973572 39.313267 682.124939
-646.712891 39.303890 675.321228
-651.203979 39.303890 666.189575
-653.498230 39.327450 656.451965
-653.525024 40.757027 646.350830
-652.027405 40.228317 636.463806
-649.618164 38.531441 626.554688
-647.243713 35.927055 616.887756
-644.922607 32.702030 607.356506
-643.422363 30.707527 597.222168
-643.472900 30.678740 586.840454
-644.526489 31.277092 576.726624
-645.763123 31.555595 566.469177
-647.193176 30.677286 556.491211
-648.712708 31.551949 546.417053
-650.266907 32.643303 536.293701
-652.548462 33.590313 526.170959
-655.543396 33.694424 516.378357
-658.782471 33.694424 506.548370
-663.164978 33.694424 497.078827
-668.107117 33.694424 488.080933
-665.690918 33.986412 478.007019
-663.418579 29.254704 469.474274
-658.026611 29.225615 460.827454
-651.950806 29.208380 452.856873
-645.779480 29.439808 444.615662
-640.123169 30.457199 436.134979
-636.227783 31.126616 426.650421
-634.812744 22.039532 420.711395
-633.689392 13.001745 416.494934
-631.106750 8.944029 407.571777
-626.658142 8.944029 398.400970
-620.780945 8.943724 390.213104
-616.230957 8.944029 381.243042
-614.578247 8.944029 371.197510
-615.790222 8.942625 361.045929
-617.535156 8.959652 351.001160
-619.276978 9.921676 340.974121
-620.925049 12.865964 331.486237
-622.595581 12.865964 321.618927
-624.059998 13.003809 311.409393
-625.158752 14.216307 301.355347
-625.368347 15.045681 291.281799
-625.207764 65.151047 291.573486
-626.209167 101.826019 257.391205
-627.248169 137.331619 221.900986
-628.634460 154.084778 174.553268
-630.073914 163.199097 125.387749
-631.320435 189.590591 82.790726
-632.788757 189.590591 32.638687
-634.257813 189.590591 -17.532768
-639.848999 189.590591 -67.569748
-645.944153 189.590591 -117.391510
-652.041748 189.590591 -167.232407
-658.134399 189.590591 -217.034470
-664.231873 189.590591 -266.875244
-670.324341 189.590591 -316.677155
-676.429077 189.590591 -366.575623
-688.925903 189.590591 -415.281403
-702.448669 189.590591 -463.598663
-715.940491 189.590591 -511.803253
-737.671753 182.402573 -556.300964
-763.827942 171.470856 -597.556396
-790.014587 160.526230 -638.860168
-813.098877 149.227280 -682.015137
-817.292603 140.521835 -731.078064
Custom
FlyDown
-827.403259 131.638702 -773.550537
Custom
HailActor "Izny Rut" 8
-830.637329 130.844528 -779.208618
