Under the Veil
Custom
HailActor Vishra 4
-798.190613 -46.270267 39.420826
-804.376221 -46.270267 47.652206
-810.815491 -46.261868 55.369408
-817.740845 -46.460289 62.708370
-824.669678 -48.719231 70.114128
-831.430481 -47.347572 77.785789
-833.631104 2.800347 80.433067
-833.631104 53.163582 80.433067
-790.088257 77.707062 74.653381
-746.973328 101.745911 66.424255
-713.462524 138.412247 59.758114
-671.868042 165.453232 51.518784
-625.253601 181.903610 41.881947
-578.569153 198.914352 34.164509
-537.406494 226.711212 27.469072
-490.742828 243.722443 19.878881
-444.300934 260.652679 12.324720
-396.166138 272.923523 4.179288
-355.508881 301.733490 -2.796889
-306.852203 309.701935 -11.145611
-257.234344 309.701935 -19.659264
-209.652390 294.479980 -25.553623
-191.359863 277.236115 17.844337
Custom
FlyDown
-188.592117 275.303070 18.090563
Custom
HailActor Charkal 3
-188.591156 270.727295 18.084026
Custom
FlyUp
-188.591156 270.727295 18.084026
-145.165405 295.593445 21.423309
-95.148529 295.593445 25.269405
-45.230774 295.593445 29.107895
1.869867 282.243103 39.785717
37.369946 252.816879 59.679585
74.440773 222.129135 73.678017
Custom
FlyDown
76.902962 220.824310 74.487495
Custom
HailActor Yelinak 8
74.739403 216.447937 81.791481
60.659882 214.477386 64.398315
61.007900 213.199356 54.316254
65.107658 210.957321 45.422089
70.317581 207.723145 37.356869
75.418266 204.100647 29.461859
79.825706 200.667358 21.115953
79.957077 198.043427 11.253241
75.474480 195.879684 2.461457
68.424522 194.631424 -5.419418
59.496437 194.247345 -10.042377
49.404167 194.041946 -9.408575
39.524342 195.458435 -7.345789
29.714512 195.458435 -3.859599
20.333315 195.458435 0.203658
Custom
HailActor Vizzeren 5
16.956095 195.458435 1.656360
23.304859 245.189941 -3.253665
64.876381 254.551071 -30.011528
106.941223 254.551071 -57.087040
131.396530 211.800430 -66.231697
Custom
FlyDown
139.994873 177.156937 -69.806992
Custom
PathHarvest 247 50 1 1 1 0 "pollinating Daar shrub" "Gather pollinating Daar shrubs (10/10)" 1 "glowing Daar geode" "Obtain glowing Daar geodes (8/8)" 1 "*ATADD*" "I collected enough Daar shrubs and glowing geodes for the arcane vision elixir" 0 
140.020981 158.399948 -69.838921
139.250381 159.601349 -59.632374
144.541214 158.642258 -50.835571
151.975754 157.026291 -44.197651
159.342377 157.776855 -37.039761
163.072433 159.262756 -27.817017
162.700562 160.660934 -17.251469
164.491104 162.351395 -7.419311
172.280228 165.016403 -1.382436
180.606094 166.678589 4.099043
184.270874 169.775024 13.327563
183.219894 170.299896 23.332590
175.503448 170.594635 30.348806
168.856155 168.942764 37.710037
163.474274 168.803970 46.443348
157.743027 171.197021 54.458252
166.185730 172.451950 59.689831
176.098892 172.594070 61.875496
186.239319 172.836655 63.033897
195.902832 173.298035 65.580322
205.488785 174.320267 69.550522
214.377808 175.986984 74.497101
217.058029 177.586914 84.158554
212.827393 178.349182 93.573830
205.342346 178.806839 100.402901
195.491806 179.102020 102.870667
185.517532 179.492966 101.363388
177.226303 179.523972 95.292183
168.115601 179.528168 90.265007
158.278091 180.617096 88.067192
148.721939 182.526062 84.690186
140.399109 184.762238 79.099510
130.878494 187.755829 79.877808
133.805786 187.086746 89.457130
142.210419 184.752975 94.635193
148.715561 183.367722 102.609642
148.535950 182.513840 112.955757
140.860489 182.663712 119.947792
135.070114 183.671249 128.151794
136.445938 182.991028 138.399368
137.828781 181.825424 148.681198
139.051727 182.507645 158.799820
140.084732 182.388443 168.813843
139.594742 182.208862 179.064575
138.814651 181.648315 189.478287
135.458130 181.956406 199.182129
130.008942 182.485901 207.728561
120.512878 183.529251 204.586594
112.727730 184.471527 198.034897
105.241905 185.844864 191.481567
96.975647 187.727158 186.001358
87.944511 188.683792 181.388702
78.667923 189.130051 177.220200
69.145126 190.474976 173.992188
59.589108 193.433151 173.648392
50.546642 195.546829 177.963867
43.514271 196.121628 185.130630
37.419155 194.871353 193.064484
30.483980 194.098129 200.724991
24.018486 195.602997 208.259003
21.735064 196.283386 218.023972
20.543344 196.531158 228.078400
19.000057 196.179214 238.438202
16.283508 195.916595 248.535828
12.592497 194.741852 257.914093
4.722575 193.910278 264.106628
-5.346866 193.777405 263.246246
-10.289425 194.133667 254.409225
-13.326191 194.914688 244.603256
-15.193761 196.161301 234.773376
-19.896805 197.114807 225.972855
-28.869652 197.142944 221.083618
-38.746048 196.898178 218.733994
-48.960651 195.728836 220.687576
-58.053875 195.472000 225.390793
-66.819481 195.301834 230.488129
-77.062973 195.483093 233.784805
-86.431374 196.972290 230.056641
-91.655983 199.223373 221.074326
-97.160515 201.307236 212.678528
-103.122147 202.510971 204.287979
-109.885574 202.715805 196.697632
-116.391891 202.497894 189.003952
-111.496269 202.338501 179.895706
-106.668320 202.156754 170.813110
-100.467163 201.939423 162.757477
-91.716629 201.433258 157.299393
-81.658424 201.929092 157.192505
-76.601532 202.897934 166.129349
-78.629379 202.116898 156.201248
-82.178925 201.361038 146.776154
-84.016846 200.709534 136.912354
-79.833221 200.574402 127.816620
-72.241356 200.660309 120.897179
-73.200226 200.601471 110.894196
-73.382767 200.879623 100.703392
-73.026901 201.677536 90.531197
-73.355057 201.174957 80.332069
-71.563087 200.648849 70.389977
-69.441551 201.724319 60.631298
-67.341675 200.589340 50.569633
-65.497993 200.222000 40.692104
-72.413925 200.317215 33.212151
-79.879860 199.712830 26.463398
-81.977112 201.525436 16.329309
-84.007759 199.490097 6.469085
-92.223595 199.708588 0.243290
-100.926659 199.958237 -5.471705
-105.632263 200.373428 -14.427310
-107.987381 200.979858 -24.240141
-109.887001 201.253159 -34.242039
-103.295288 199.520233 -41.799366
-94.592255 197.840820 -47.129654
-100.737473 197.121979 -55.319202
-111.039948 198.037216 -57.479340
-120.701019 198.875412 -60.407024
-120.055702 196.251740 -70.311020
-117.987206 193.576553 -79.965103
-114.901978 190.704193 -89.467148
-113.107445 187.749283 -99.228081
-112.067451 184.627029 -108.916069
-112.050522 181.459198 -118.432465
-112.163155 178.373856 -128.421799
-112.283257 176.453369 -138.495514
-112.844498 175.328232 -148.481262
-114.229782 175.275269 -158.771652
-112.245003 174.338547 -168.555542
-105.595055 172.070633 -175.678711
-96.512222 169.305573 -179.449783
-87.084557 166.623367 -176.196732
-78.817734 165.122513 -170.385178
-72.996140 163.411148 -162.013458
-68.694489 163.510742 -152.500031
-65.678955 164.643753 -142.924240
-63.966965 168.753708 -133.622787
-61.108406 165.172852 -142.607651
-59.910736 162.207794 -152.540924
-56.575298 160.684402 -162.030014
-50.015488 159.323257 -169.766724
-42.494423 158.040619 -176.443481
-34.561852 157.290466 -182.633728
-25.893257 156.637665 -187.595291
-16.824833 156.136047 -192.604965
-6.785234 155.551392 -191.865356
2.096797 156.038757 -187.005295
10.495918 157.016312 -181.477341
19.498400 158.455490 -176.247116
29.079359 159.890564 -172.675247
33.984211 160.641678 -170.856735
33.984211 170.720184 -170.856735
33.984211 180.857147 -170.856735
33.984211 191.250641 -170.856735
33.984211 201.685013 -170.856735
35.580608 211.520660 -169.809906
41.447506 218.716278 -165.676727
47.459171 225.759247 -161.129913
54.926323 227.640701 -154.352570
61.147503 233.239349 -148.552567
67.136101 239.025665 -142.999786
74.473045 236.772583 -136.023941
81.494972 233.472977 -129.347610
88.421463 230.218216 -122.762032
88.335190 226.421753 -113.362244
93.839073 222.374451 -105.634644
101.164230 219.703003 -99.034569
109.782013 221.845535 -94.095451
115.983810 214.449326 -90.977417
121.107277 206.153122 -87.871651
125.197350 197.234497 -85.334671
129.319717 188.018494 -82.778687
133.402740 178.890442 -80.247078
137.657288 170.042114 -77.191277
141.827225 161.849533 -72.560211
143.173584 158.902878 -62.659435
133.149109 160.427460 -64.324379
141.765976 159.588943 -58.590530
145.454681 158.330536 -49.301987
146.149765 157.585648 -39.196026
154.184311 158.077362 -33.140896
160.051804 159.502945 -24.697552
162.044022 160.976761 -14.908461
161.221466 162.802155 -5.021492
171.196136 164.459732 -3.544660
180.295822 164.954605 -7.729323
182.070374 164.038483 -17.761997
191.125626 165.523041 -13.046595
196.019379 167.640686 -4.420604
201.035065 169.635986 4.042856
200.450378 170.556580 14.276123
191.829071 170.628326 19.855026
181.808472 170.234879 23.303799
173.127792 170.641052 28.982342
165.890991 169.225586 36.157425
159.881699 168.134094 44.200764
155.195740 170.829391 52.802929
151.893372 179.467056 56.769669
151.893372 189.824432 56.769669
151.893372 199.877853 56.769669
151.893372 210.113403 56.769669
157.472198 204.736465 50.101147
166.405670 200.280457 48.347282
172.327316 195.014053 54.746998
172.340683 185.157715 57.414257
171.320404 175.432327 60.693741
180.408386 173.176285 64.801048
190.189514 173.682770 67.336708
194.623489 175.405655 76.553223
193.281631 177.087296 86.388100
185.846191 178.444336 93.276131
190.816772 179.256775 101.948723
193.863998 180.610245 111.386467
184.437881 180.375458 107.393913
174.563660 181.046768 105.132721
166.335876 180.913116 98.121590
160.509354 180.383652 89.670654
150.735580 182.566269 88.582436
141.715378 184.593964 84.392723
132.717789 187.037643 80.765793
138.364944 185.731384 89.152382
144.199585 184.415588 97.505745
142.545471 184.080002 107.372475
134.273544 185.284485 113.197395
124.597412 188.333862 114.109818
129.813828 185.583664 122.408791
130.140884 185.612671 132.453857
137.501205 182.616043 138.555099
135.323837 182.621140 148.599976
135.973724 183.623505 158.892151
139.703186 182.514572 168.376312
149.071991 179.597549 165.822800
158.138885 176.983154 162.025299
166.662292 178.283310 156.943314
168.726730 174.152679 165.890091
162.037994 176.173080 173.310974
154.161957 177.626022 179.753601
146.396790 180.374725 185.957489
138.567047 181.610107 192.323029
129.725586 182.757507 197.371414
120.201454 184.040421 194.313614
112.958916 185.290085 187.287003
104.697685 186.695816 181.746124
95.346489 188.921371 178.453049
85.586975 189.404541 175.586349
75.291451 189.735886 174.422913
65.359612 191.357498 174.065552
57.871002 193.403381 180.563370
59.288609 192.120605 190.735886
53.341522 192.759598 198.754501
137.492432 159.167236 -66.171158
137.492432 209.623032 -66.171158
137.492432 251.617294 -66.171158
93.959435 250.301453 -41.523197
57.525673 222.652481 -20.081121
19.886297 195.458755 -0.431994
Custom
FlyDown
19.421764 199.549911 -0.191436
Custom
HailActor Vizzeren 2
17.287237 195.458435 0.138844
17.287237 245.520935 0.138844
17.287237 295.963989 0.138844
-25.931982 304.689148 -24.072666
-69.801071 304.689148 -48.648220
-113.583427 304.689148 -73.175232
-160.358017 304.689148 -92.060417
-208.543777 304.689148 -105.574966
-256.748535 304.689148 -119.094933
-305.010254 304.689148 -132.630951
-354.080811 304.689148 -142.377716
-401.003479 286.992340 -146.322327
-441.967133 258.287567 -148.824539
-484.225708 231.530502 -151.788528
-526.483948 204.773514 -154.752563
-568.691101 178.048401 -157.713120
-611.099487 151.195908 -160.687744
-653.949402 125.081810 -163.693008
-696.206482 97.998886 -167.023254
-725.109192 57.335354 -171.512070
Custom
FlyDown
-736.574463 43.555008 -174.738235
Wait
20
-749.376526 38.979744 -178.985840
Custom
UseItem "Vizzeren's Arcanum Vision Elixir"
-749.376526 38.979744 -178.985840
Custom
HailActor Darathar 2
-749.376526 38.979744 -178.985840
