Legacy of Power: Secrets in an Arcane Land
Custom
CheckQuestStep "Find a way to read the inscriptions on the arcane seal remnants" 134
0 0 0
Custom
HailActorGetQuest -Actor "Aunsellus Tishan"
1172.870972 792.755798 -1583.745605
1178.503906 794.092529 -1566.536621
1185.837646 794.882813 -1559.310669
1193.023315 794.593628 -1552.208740
1200.894897 793.698303 -1545.640625
1208.998291 792.822327 -1539.556885
1217.166504 792.345459 -1533.430908
1225.437378 791.706604 -1527.228149
1233.202759 790.337158 -1520.429199
1238.215942 788.571594 -1511.774658
1239.307861 786.743652 -1501.769409
1237.113892 785.306519 -1492.119263
1231.471924 784.996216 -1483.829834
1222.469971 784.280579 -1479.180664
1212.252808 783.760864 -1478.085083
1202.336914 782.027283 -1479.691040
1192.766724 779.547180 -1481.825562
1183.171631 776.871277 -1484.106201
1173.541504 774.547241 -1485.904297
1164.213135 773.143860 -1482.307373
1156.999268 771.970642 -1475.254761
1151.059448 771.440735 -1467.151489
1145.241089 771.490234 -1458.888550
1136.520386 771.745239 -1453.870972
1126.488647 771.607117 -1454.182129
1116.455566 771.553467 -1455.145020
Wait
20
1111.717285 771.764709 -1455.439819
Custom
FlyUp 10
1111.717285 771.764709 -1455.439819
1070.900635 776.066284 -1426.760864
1032.465942 776.066284 -1394.779907
999.940674 764.296997 -1358.437622
978.171448 737.991333 -1321.818359
956.016174 711.137817 -1285.092163
934.005127 684.461121 -1248.606689
912.063904 657.865417 -1212.234497
890.071167 631.207947 -1175.777222
868.121277 604.602112 -1139.390869
846.111633 577.924072 -1102.905273
824.127686 551.276733 -1066.462158
802.169128 524.661255 -1030.061401
780.167786 497.994720 -993.591003
758.140686 471.298492 -957.078552
736.198792 444.705597 -920.707825
713.141602 419.708435 -883.712036
686.144531 401.945343 -845.323608
658.238220 386.488220 -806.499268
630.164917 371.316315 -767.680298
602.189453 356.197052 -728.996765
574.126282 341.030792 -690.192993
546.085083 325.876434 -651.419128
518.054993 310.727692 -612.660156
488.514801 295.377563 -575.069031
454.768646 285.070038 -539.284302
434.201416 283.255829 -519.316711
Custom
FlyDown
435.996033 280.692322 -506.270660
Custom
ClickActor "arcane seal" 1
435.977722 267.486938 -506.599152
435.977722 317.616028 -506.599152
396.676910 325.825836 -536.910400
357.038361 325.825836 -567.481506
307.077515 325.825836 -573.048645
257.783112 325.825836 -583.017334
208.756454 322.201294 -592.329895
161.363480 305.493286 -593.420532
120.128670 278.467926 -584.921082
98.064140 234.137207 -577.237000
79.335770 188.423264 -568.234741
Custom
FlyDown
62.130787 154.597183 -566.353394
Custom
ClickActor "arcane seal" 1
61.437286 76.838715 -562.645264
61.437286 127.106850 -562.645264
34.949192 169.649628 -565.533752
0.737086 206.285614 -569.586304
-36.490860 239.598145 -573.612732
-77.704758 267.761017 -578.071106
-117.782890 297.390869 -582.406433
-163.760269 316.577576 -587.376282
-211.882629 329.967072 -591.602112
-261.948792 329.976227 -595.996948
-312.046326 329.985291 -600.394958
-359.373566 329.987579 -583.629333
-397.579163 329.585114 -551.369568
-426.970978 296.189941 -528.004639
-454.636169 261.603668 -504.197418
-480.529419 225.902344 -480.592957
Custom
FlyDown
-478.680695 225.398300 -482.562256
Custom
ClickActor "arcane seal" 1
-478.774780 218.111176 -482.691925
-478.774780 262.206940 -482.691925
-466.824280 278.753906 -436.855072
-456.399475 315.127563 -403.799927
-441.439636 324.124908 -356.944702
-429.096497 317.967804 -308.719574
-417.207550 311.789246 -260.185547
-387.125793 305.462372 -220.361343
-348.303070 299.291473 -189.450531
-306.451263 293.136902 -162.510239
-264.445984 288.260590 -135.349274
-222.420883 288.254211 -108.172379
-173.370316 284.462372 -99.156631
-140.208817 247.536285 -92.046700
-106.279922 211.493759 -84.347298
-70.695824 177.015610 -75.778786
-32.900688 145.134155 -67.278053
4.702064 112.564911 -60.098282
Custom
FlyDown
40.297295 96.492462 -58.901970
Custom
ClickActor "arcane seal" 1
41.652748 85.884422 -58.644085
41.652748 135.913879 -58.644085
Custom
FlyDown
66.933434 135.505508 -36.118233
Custom
Quest "House Yrzu Faction Timeline"
0 0 0
185.395721 587.723450 -659.939453
184.534561 587.564087 -670.356384
183.398239 587.134277 -680.444275
182.044235 586.360352 -690.494202
180.715240 585.206360 -700.343445
179.402145 583.714050 -710.158813
178.363785 583.414001 -720.144409
177.527176 583.430298 -730.226746
177.114044 583.428040 -740.390747
Custom
ClickActor "Teleporter to Khali'Yrzu's Artisan Mesa"
176.923462 583.432861 -744.249207
Wait
50
0 0 0
Custom
ClickActor "esoteran reading stone scroll" 1
205.070999 1263.611938 -718.603943
Wait
50
205.070999 1263.611938 -718.603943
Custom
ScribeBook "Esoteran Reading Stone Scroll"
205.070999 1263.611938 -718.603943
Custom
ClickActor "Teleporter to Khali'Yrzu"
196.027405 1263.619751 -700.660950
Wait
50
0 0 0
177.802246 583.427551 -730.234375
177.196609 583.415161 -720.194458
177.413849 583.826538 -709.930847
178.910248 585.267029 -700.031616
181.667770 586.363770 -690.299133
184.969757 587.170288 -680.827209
188.296463 587.602844 -671.284607
191.641663 587.717346 -661.688843
198.724960 587.768372 -654.509888
208.011520 587.951111 -658.306946
217.399948 588.366638 -661.768005
226.885818 588.164124 -665.198730
236.395172 587.932434 -668.565002
245.869171 587.996094 -671.918579
254.687897 588.121216 -677.078979
261.868805 588.221313 -684.055237
267.786774 590.052734 -692.038574
Custom
FlyUp 5
274.864563 590.617859 -701.519226
307.722717 592.479553 -739.519409
337.741821 556.646912 -757.563965
357.180237 511.013519 -765.429504
372.461945 463.791656 -773.145813
387.650177 416.574463 -781.087830
402.856232 369.302338 -789.039185
418.342712 321.974915 -794.876404
437.786224 275.796906 -793.093933
453.105499 227.928696 -793.541260
466.674255 179.594177 -792.658936
479.435211 131.073090 -790.172791
Custom
FlyDown
488.255035 105.485413 -783.717346
Custom
MessageBox "Go Gather 2 Sapphire's and 2 Salts then resume here"
488.334290 41.601608 -783.721191
488.564819 85.893959 -783.997009
527.848633 106.446831 -760.705505
570.972717 106.446831 -735.137085
613.567871 105.688347 -708.638489
638.653809 102.543922 -665.495117
663.741821 102.542854 -622.089478
688.859497 102.542259 -578.633423
714.172180 102.541313 -534.839600
739.367859 102.540535 -491.248627
753.992615 98.997681 -443.557770
763.400818 94.271370 -394.421478
772.792664 90.347694 -345.368805
782.206055 90.343987 -296.191833
793.038940 78.193138 -248.850616
822.363159 55.246521 -215.181610
866.800110 32.408791 -209.841766
Custom
FlyDown
882.033752 25.095549 -206.902924
Custom
PathKill 28 35 5 1 1 1 "ignus" "IT-Ignus Manaflare" 1
887.553284 11.772215 -201.674637
889.630188 12.023967 -191.627991
891.248291 12.126699 -181.547043
895.271729 12.434837 -172.227448
901.017883 12.545242 -163.786148
905.817505 14.250148 -155.074631
912.769226 13.073793 -147.863861
925.859924 12.469844 -135.818314
933.658203 11.990965 -142.082214
936.277954 11.990964 -151.792679
936.827026 11.990964 -161.824570
941.010071 11.990897 -171.143356
936.791443 11.990964 -162.071747
933.749084 11.990965 -152.453018
932.322144 11.990964 -142.468094
931.289978 12.073790 -132.471558
931.811218 12.548168 -122.365173
933.196838 13.387970 -112.392342
935.622864 13.411777 -102.468346
939.206482 11.959115 -93.233025
943.172852 11.987043 -83.862747
943.389648 10.819432 -73.707802
942.597961 8.820148 -63.859024
939.018677 10.905297 -54.408703
933.225952 14.217700 -46.693840
926.848511 8.976917 -40.485622
920.983765 7.834154 -32.405434
918.262512 8.779185 -22.801197
915.754456 9.175698 -15.260668
887.657837 11.772214 -201.413818
887.657837 11.772214 -201.413818
882.087524 61.323833 -205.607315
856.531067 100.386917 -223.973312
828.107788 135.777817 -245.564453
796.510864 166.656509 -269.590851
765.758606 198.558319 -293.169617
735.007629 230.460022 -316.747467
704.256958 262.361725 -340.325317
673.469177 294.300751 -363.931305
642.751831 326.165558 -387.483063
611.927124 358.141876 -411.117188
581.162292 390.056244 -434.705505
550.457031 421.908661 -458.248169
519.763550 453.748688 -481.781677
489.071045 485.588715 -505.315063
458.306885 517.503052 -528.900879
427.483368 549.479431 -552.531311
396.242676 581.371765 -575.068054
365.086884 613.810852 -597.605774
324.151093 624.072021 -624.615540
283.141785 616.179993 -652.318970
241.788391 607.298645 -679.489563
200.255203 594.939941 -704.679749
Custom
FlyDown
185.516281 590.253296 -713.259583
180.380737 583.414001 -718.779968
178.304825 583.424744 -728.844543
177.996948 583.414001 -738.891357
Custom
ClickActor "Teleporter to Khali'Yrzu's Artisan Mesa"
177.920975 583.414001 -743.746460
Wait
50
177.920975 583.414001 -743.746460
195.460007 1263.849976 -698.119995
Custom
CraftIt "Esoteran Reading Stone"
206.687881 1263.624146 -704.567871
Custom
ClickActor "Teleporter to Khali'Yrzu" 
197.175537 1263.619751 -698.965027
Wait
50
197.175537 1263.619751 -698.965027
177.699997 583.419983 -745.450012
177.327560 583.421570 -735.302795
180.632736 583.414063 -725.495850
184.314529 583.414001 -716.047607
188.580124 584.260498 -706.724609
192.998840 586.423950 -697.676697
197.488632 587.241516 -688.580811
203.713531 587.858154 -680.671875
209.931854 588.124084 -672.258911
213.173401 588.213989 -662.449524
216.381882 587.974731 -652.688599
219.531830 587.959778 -643.105713
222.681732 588.327515 -633.522949
225.907761 588.328491 -623.708679
229.104568 588.339539 -613.983276
232.260376 588.353027 -604.382629
235.433716 588.354309 -594.728577
238.636368 588.337402 -584.985352
241.815613 588.321716 -575.313293
245.928970 588.331726 -566.032043
252.881775 591.819031 -559.458374
262.196991 592.632019 -555.217529
270.866699 592.480469 -550.100830
279.317566 592.672729 -544.608459
Custom
FlyUp 5
284.228180 591.774414 -540.484680
326.075470 581.432129 -514.680542
364.496796 549.487305 -510.952576
386.326996 504.469543 -513.605286
399.954956 456.111298 -514.282410
412.667786 407.629669 -511.615662
425.863037 359.403168 -509.376526
Custom
FlyDown
429.698120 346.204865 -509.076660
Custom
ClickActor "arcane seal" 1
436.872986 266.973602 -507.126770
436.872986 317.189331 -507.126770
398.871918 332.839142 -535.976379
358.955841 332.839142 -566.279724
309.154205 332.839142 -571.204041
259.054932 332.839142 -574.685730
209.096573 328.123108 -577.187500
159.057144 324.180939 -579.096008
109.200104 320.364349 -580.947998
Custom
FlyDown
59.368900 325.650360 -582.799988
Custom
ClickActor "arcane seal" 1
63.049957 75.952187 -570.744507
63.368900 125.650360 -570.799988
63.368900 175.650360 -570.799988
63.368900 225.650360 -570.799988
63.368900 275.650360 -570.799988
63.368900 325.650360 -570.799988
9.291828 324.189362 -584.662048
-40.769012 324.184509 -586.524231
-91.044067 324.179626 -588.394287
-141.163162 324.174744 -590.258545
-191.301727 324.169861 -592.123535
-241.479263 324.164978 -593.989990
-291.716095 324.160126 -595.858765
-341.370026 320.217651 -589.908142
-379.486237 304.023895 -561.886169
-414.719177 282.604156 -532.949707
-448.576782 256.274323 -507.030975
Custom
FlyDown
-480.061951 224.321365 -481.258087
Custom
ClickActor "arcane seal" 1
-480.146637 218.189102 -481.313721
-480.146637 260.025513 -481.313721
-501.335114 260.025513 -435.778503
-516.507324 252.767487 -388.548645
-508.898621 271.676392 -342.833160
-480.819885 303.989105 -316.901672
-445.803467 294.391113 -282.106750
-411.065002 283.630219 -247.786728
-375.248199 283.625305 -212.895233
-334.262482 283.624359 -183.687012
-292.418640 283.624359 -155.965363
-245.944427 283.624359 -136.811417
-202.147308 260.232391 -129.336655
-161.443802 233.837662 -117.161346
-120.697586 207.357574 -104.992233
-80.015221 180.918747 -92.842064
-39.253296 154.428345 -80.668205
-1.589153 123.525276 -68.929352
Custom
FlyDown
37.112873 93.242989 -56.432209
Custom
ClickActor "arcane seal" 1
41.017231 85.646416 -57.223537
Wait
100
0 0 0
Custom
HailActor "Druzzil Ro" 6
55.060001 371.380005 -169.750000
