A Solemn Request
DontStopForCombat
Custom
HailActor Nika 7
4261.004395 -1094.937134 2050.351074
DontStopForCombat
4261.004395 -1044.871582 2050.351074
4271.399902 -1007.936829 2017.701660
4251.844727 -972.226685 1988.065796
4231.839355 -936.361755 1958.541870
4204.449707 -921.872192 1918.527588
4174.519531 -905.598572 1881.311157
4140.276367 -904.904053 1844.799561
4105.795898 -904.898254 1808.036621
4071.493408 -904.892761 1771.462524
4036.930420 -904.889648 1734.613037
4002.449463 -904.889648 1697.850586
3954.769043 -904.105103 1682.743530
3904.557129 -903.663086 1681.731567
3854.206055 -903.219482 1680.717529
3804.114258 -902.778687 1679.707764
3753.652100 -903.955872 1682.235107
3704.393066 -907.233459 1690.192505
3656.978027 -911.922424 1705.739502
3611.448730 -917.510864 1726.226563
3570.297852 -939.214172 1745.423340
3529.010498 -967.887085 1746.201538
3488.952148 -998.528381 1745.382690
StopForCombat
Custom
FlyDown
3487.594727 -999.387878 1745.280029
Custom
HailActor Combine 2
3477.119141 -1005.079163 1748.364990
Wait
50
3477.119141 -1005.079163 1748.364990
Custom
TravelMap Great
3477.119141 -1005.079163 1748.364990
Wait
450
0 0 0
Custom
FlyUp 10
1282.495972 -540.204041 315.989960
1303.383057 -535.852844 361.616364
Custom
FlyDown
1316.945068 -535.852844 400.738068
Custom
HailActor "a coldain griffin rider" 2
1334.866699 -540.248962 406.548676
Wait
50
1334.866699 -540.248962 406.548676
Custom
TravelMap Eastern
1334.866699 -540.248962 406.548676
-1006.700012 -351.702087 2019.300049
-998.549316 -303.192169 2009.303223
-950.856262 -318.148529 2013.418823
Custom
FlyDown
-911.875488 -343.533142 2016.797363
Wait
20
-913.404968 -348.879578 2019.199463
Custom
HailActor "a coldain griffin rider" 2
-913.404968 -348.879578 2019.199463
Wait
50
-913.404968 -348.879578 2019.199463
Custom
TravelMap "Haven"
-913.404968 -348.879578 2019.199463
-1257.469971 -537.239990 3493.679932
-1251.370605 -539.496216 3485.984375
-1243.601196 -538.903259 3479.594238
-1235.538574 -538.343018 3473.003174
-1227.635620 -537.777466 3466.887207
-1229.380371 -538.974487 3457.080566
-1232.577271 -540.015991 3447.533447
Custom
HailActor Odder 2
-1234.639038 -540.409363 3441.796387
Custom
ClickActor "nika_x6 invis cube -DNT" 1
-1234.639038 -540.409363 3441.796387
Wait
100
-1234.639038 -540.409363 3441.796387
Custom
HailActor Odder 4
-1234.639038 -540.409363 3441.796387
-1230.818604 -539.698486 3451.493652
-1227.097412 -538.269287 3460.942139
-1224.739014 -537.028076 3470.857178
-1231.499390 -537.274963 3478.289063
-1240.928589 -538.344849 3481.756836
-1250.344849 -539.376465 3485.649902
-1256.878906 -537.239441 3493.281250
Custom
HailActor "a coldain griffin rider" 2
-1257.069214 -537.239441 3493.621582
Wait
50
-1257.069214 -537.239441 3493.621582
Custom
TravelMap Great
-1257.069214 -537.239441 3493.621582
Wait
150
0 0 0
Custom
HailActor "a coldain griffin rider" 2
-573.119995 -344.450012 521.510010
Wait
50
-573.119995 -344.450012 521.510010
Custom
TravelMap Thurgadin
-573.119995 -344.450012 521.510010
Wait
300
0 0 0
Custom
FlyUp 10
1324.185791 -540.249023 402.546661
1297.413574 -534.004211 360.570435
1280.624878 -534.004211 313.063385
Custom
FlyDown
1277.840210 -534.933594 306.569946
Custom
HailActor Flightmaster 2
1277.840210 -540.248962 306.569946
Wait
50
1277.840210 -540.248962 306.569946
Custom
TravelMap Cobalt
1277.840210 -540.248962 306.569946
Wait
600
0 0 0
DontStopForCombat
3480.400879 -1005.056030 1746.349976
3480.400879 -954.700134 1746.349976
3513.131836 -917.844788 1735.988647
3560.386963 -907.712036 1721.030151
3608.099609 -907.712036 1705.926270
3655.812256 -907.712036 1690.822998
3697.057861 -880.209045 1682.569214
3746.473145 -874.039551 1676.191650
3796.460449 -874.039551 1671.971924
3846.734131 -874.039551 1674.877563
3896.717285 -874.039551 1681.652344
3946.562500 -874.039551 1688.408936
3992.762695 -870.905579 1708.248657
4023.777832 -835.462158 1725.401001
4057.309082 -832.426636 1762.490845
4084.229004 -832.426636 1804.775879
4111.102051 -832.426636 1846.992920
4137.976563 -832.426636 1889.209839
4164.249023 -838.330811 1931.344238
4177.954590 -880.018738 1956.019409
4191.212891 -921.017761 1981.742676
4204.500000 -962.128479 2007.660522
4217.711426 -1004.337830 2031.818604
4232.896973 -1048.306396 2050.835693
Custom
FlyDown
4241.469238 -1071.799683 2059.524414
4241.464355 -1085.930908 2059.586670
4251.607910 -1086.941162 2057.065918
4260.248047 -1091.716309 2055.069824
Custom
HailActor Nika 6
4262.181152 -1095.326782 2050.289795
