The Means to an End...
Custom
HailActor "Misa Ravensoul" 11
110.405930 2.372884 33.514290
109.711494 2.370956 23.287813
106.354965 2.372884 32.728844
96.222878 2.545694 31.596453
86.215126 2.469098 30.710915
76.120178 2.604541 30.988747
66.039352 2.565334 31.594940
55.873821 2.830872 32.225182
45.667328 2.502831 32.461636
35.568626 2.501075 32.370510
25.555862 2.521022 32.280170
15.417418 2.507920 32.482780
5.394033 2.744434 32.665730
-2.631502 2.547985 26.636444
-2.443048 2.826482 16.641710
-1.201383 1.842470 6.649920
6.688303 1.842469 0.122098
16.692724 0.165974 -0.975610
26.750517 0.358294 -1.657494
36.707333 0.309632 -3.045302
46.873459 0.309633 -4.081180
56.992710 0.361093 -3.803329
Custom
ZoneDoor Exit
58.635944 0.467369 -3.714339
625.670776 25.911055 604.904114
627.457092 26.170042 594.542725
631.144409 26.002501 585.030396
638.116272 26.002501 577.841858
648.553040 25.911055 575.610535
658.822205 26.401472 575.768677
668.612122 24.002501 575.748291
678.920471 24.002501 575.748352
689.056702 24.002501 575.749146
699.843140 24.002501 575.750122
710.464294 24.002501 575.434631
720.581421 24.002501 575.435364
730.635315 26.401472 576.034485
739.594604 25.911055 571.590637
739.819763 25.916491 561.418152
738.802795 24.277195 551.353638
738.572266 24.002501 541.336609
738.704651 24.002501 530.878052
739.472351 24.002501 520.713379
Custom
ClickActor mariners_bell
739.681152 24.002501 518.005676
Wait
50
739.681152 24.002501 518.005676
Custom
TravelMap Antonica
739.681152 24.002501 518.005676
426.925049 -37.440647 816.115967
408.557526 -1.800384 785.645020
385.514160 32.645905 757.172180
353.251648 54.849876 725.533630
317.861511 54.851639 689.716431
280.556885 56.697334 656.180969
238.719711 62.778721 629.179688
196.955002 68.953560 602.233948
153.870407 74.313179 576.936096
110.955353 80.266167 551.849060
67.955376 86.231033 526.711792
24.818733 92.214760 501.494995
-18.522278 98.226814 476.158691
-61.488472 104.186890 451.041534
-104.437798 110.144615 425.934296
-147.744812 116.151993 400.618073
-191.477631 122.218430 375.052795
-234.477921 128.183258 349.915802
-277.648529 134.171768 324.679260
-320.972351 140.181427 299.352936
-364.330414 146.195892 274.006805
-407.858795 152.233994 248.561050
-450.739868 158.182281 223.493790
-493.548340 164.303146 198.196457
-535.395752 172.002319 171.777267
-577.402222 179.727448 145.315491
-619.391907 187.449524 118.864357
-661.298584 195.156311 92.466118
-703.471313 202.912018 65.900398
-745.560852 210.652420 39.386665
-787.633850 218.389725 12.883452
-829.789612 226.142349 -13.672079
-872.028564 233.910172 -40.279968
-913.952148 241.620010 -66.689018
-955.892212 249.332794 -93.108147
-998.420776 254.849915 -119.660004
-1040.916260 257.828247 -145.988251
-1083.520752 256.053345 -172.314423
-1127.207764 251.117523 -196.922104
-1170.890137 246.168304 -221.495926
-1214.503540 241.226898 -246.030930
-1258.151489 236.281586 -270.585175
-1301.776367 229.895523 -294.930328
-1345.089600 222.372986 -318.940247
-1388.557983 214.474976 -343.091034
-1431.977783 206.252060 -367.268921
-1475.347168 198.038834 -391.418121
-1519.896606 190.050461 -413.292908
-1565.319580 180.168137 -431.988098
-1611.175293 170.191757 -450.861298
-1656.599487 160.309296 -469.556488
-1702.509766 150.321136 -488.451996
-1749.981934 139.164734 -500.178619
-1798.129639 126.935654 -507.155792
-1846.430176 114.668022 -514.155212
-1888.271606 88.113770 -506.187775
Custom
FlyDown
-1894.588867 80.017220 -502.868073
Custom
MessageBox "Open mail and receive attachment then resume in front of Cantile"
-1895.402710 -32.455151 -502.313599
Custom
HailActor "Cantile Digglefiz" 4
-1895.402710 -32.455151 -502.313599
Wait
50
-1895.402710 -32.455151 -502.313599
-1895.402710 17.553669 -502.313599
-1846.474854 27.332165 -507.518890
-1796.668945 28.765650 -512.817871
-1747.984375 41.062664 -514.706909
-1698.261475 41.062664 -508.708954
-1651.138428 57.154209 -502.028229
-1601.234741 57.154209 -494.952850
-1551.509521 57.154209 -487.902740
-1501.468506 57.154209 -480.808075
-1451.425293 57.154209 -473.713501
-1401.913452 57.154209 -466.694275
-1352.185913 57.154209 -459.644165
-1302.557617 57.154209 -452.608154
-1252.811768 57.154209 -445.555298
-1202.817139 57.154209 -441.019501
-1152.730835 57.154209 -439.074799
-1102.563843 57.154209 -437.127136
-1052.515991 57.154209 -435.183807
-1002.091187 57.154209 -433.225861
-952.123047 57.154209 -431.285980
-901.896484 57.154209 -429.335999
-852.125366 56.354172 -421.560791
-803.196777 56.644150 -409.965454
-754.465820 57.866253 -398.417023
-705.460144 57.858742 -386.803131
-656.415039 57.851219 -375.180206
-607.312012 57.843685 -363.543518
-564.512329 38.098732 -346.322327
Custom
FlyDown
-542.947388 -2.430762 -327.530487
Custom
ClickActor "a Drop Barrel"
-545.296143 -13.853365 -326.212677
-545.296143 36.418964 -326.212677
-496.378754 45.260342 -320.538452
-446.371155 45.260342 -314.737732
-396.640045 45.260342 -308.969025
-351.636688 45.260342 -286.039886
-309.989044 45.260342 -258.254364
-275.046783 63.361526 -226.925400
-246.540283 63.361526 -185.551544
-223.409805 63.361526 -140.769272
-200.379547 63.361526 -96.181343
-177.294662 63.361526 -51.487423
-154.173294 63.361526 -6.722905
-131.070084 63.361526 38.006290
-108.112839 63.361526 82.452942
-85.164810 63.361526 126.881859
-61.642132 63.361526 172.423386
-38.484337 63.361526 217.258514
-16.711823 63.361526 262.403320
-0.591838 63.361526 310.250458
15.812262 63.361526 357.783051
32.593464 63.361526 405.182587
64.275879 63.361526 444.078247
98.811432 63.361526 480.434570
133.387939 63.361526 516.834351
168.210815 63.361526 553.493042
202.992630 63.361526 590.108521
237.610062 63.361526 626.551453
272.350769 63.361526 663.124817
306.923431 61.968571 699.687744
333.478058 27.960598 725.121948
356.064545 -11.333413 747.014832
Custom
FlyDown
358.295013 -14.332889 749.085632
362.457458 -23.252279 751.994873
370.356232 -26.631866 757.426636
378.060486 -30.146690 762.851379
386.144714 -32.759388 768.675537
394.043213 -35.445736 774.589294
401.269257 -37.909786 781.242310
405.892792 -38.311760 790.121887
406.560089 -39.031712 800.313843
407.641541 -39.031712 807.254211
416.909790 -37.412987 811.150330
426.380432 -37.431995 815.093384
435.737640 -37.484653 818.833435
Custom
ClickActor mariners_bell
436.054596 -37.498600 818.967773
Wait
50
436.054596 -37.498600 818.967773
Custom
TravelMap "Commonlands"
436.054596 -37.498600 818.967773
-1050.279053 -144.996735 -678.250610
Wait
10
-1050.279053 -144.996735 -678.250610
-1050.279053 -94.927986 -678.250610
-1020.566833 -54.677639 -672.152161
-978.401062 -27.567478 -668.836243
-928.119202 -27.319038 -670.746826
-877.970520 -27.315832 -672.652893
-828.000610 -27.312639 -674.551941
-777.693054 -27.309427 -676.463806
-727.603943 -27.306240 -678.367065
-677.594116 -27.303045 -680.267517
-627.385986 -27.300243 -682.175476
-577.237427 -27.300243 -684.081421
-527.401184 -27.300243 -689.264099
-478.844696 -27.300243 -701.295227
-430.037079 -27.300243 -713.388550
-381.248901 -27.300243 -725.477051
-332.615021 -27.300243 -737.527649
-283.981201 -27.300243 -749.578125
-235.270020 -27.300243 -761.647705
-186.443008 -27.300243 -773.745850
-137.712448 -27.300243 -785.820251
-88.769753 -27.300243 -797.947388
-40.077808 -27.300243 -810.012207
8.787782 -27.300243 -822.119629
57.402584 -27.300243 -834.164917
106.646370 -29.053371 -843.405273
156.520782 -35.020123 -847.224487
Custom
FlyDown
189.486679 -41.238110 -844.814087
Custom
Zone 193 -871
193.096100 -45.661266 -859.557617
-70.343575 -33.890644 309.890533
-64.682785 -4.212550 269.791260
-40.292255 22.269537 234.793030
-4.359599 22.265949 199.816986
31.657917 50.485851 178.750671
74.722908 57.091114 153.912979
118.315674 57.091114 128.770767
162.063400 57.091114 103.539299
205.570114 57.091114 78.446861
248.922012 57.091114 53.443836
292.282867 57.091114 28.416937
334.709991 57.091114 1.539981
377.288940 57.091114 -25.431911
419.834412 57.091114 -52.382488
462.111145 57.091114 -79.163124
502.544159 71.050797 -105.316177
544.940369 68.297424 -132.288086
587.048950 64.653809 -159.185013
635.887207 58.647228 -148.695175
673.989380 26.274179 -145.303711
686.681030 -22.371223 -143.545486
Custom
FlyDown
692.789185 -43.645538 -141.613739
Custom
MessageBox "Open mail and receive gifts then resume in front of Kerand"
692.775330 -49.336460 -141.632263
Custom
HailActor "Kerand D'Gamd" 5
692.775330 -49.336460 -141.632263
Wait
50
692.775330 -49.336460 -141.632263
692.775330 1.077750 -141.632263
687.290161 36.154995 -106.353348
699.289368 45.577759 -58.487610
694.656677 45.570621 -8.454146
703.517090 36.296360 40.099972
698.818054 -8.081640 63.125237
Custom
FlyDown
694.036865 -28.747948 75.833549
701.544617 -65.327286 85.056625
707.394165 -66.239784 76.959427
Custom
ClickActor "a Drop Barrel"
709.241882 -66.363060 74.786980
710.539063 -66.363045 85.596497
Custom
Zone 722 86
715.256348 -66.208672 85.718750
-1355.290771 19.599449 -1396.993286
-1371.751465 57.440639 -1368.759644
-1361.646851 95.385834 -1337.668335
-1331.085571 126.277283 -1312.677368
-1289.449585 130.806885 -1285.166382
-1248.472412 145.568634 -1260.281738
-1205.782227 144.300735 -1234.178345
-1162.907715 140.315186 -1208.683228
-1119.879639 136.315277 -1183.096802
-1074.959473 136.051773 -1161.047363
-1029.284058 135.571884 -1140.279419
-983.552246 134.263519 -1119.598877
-937.894470 132.852798 -1098.963989
-892.200623 131.440933 -1078.312744
-846.470215 130.027985 -1057.645142
-800.870605 129.524750 -1036.913208
-755.192810 129.524750 -1016.077515
-709.696167 129.524750 -995.326294
-664.181458 129.524750 -974.567261
-618.413330 129.524750 -953.692383
-572.609192 129.524750 -932.801208
-526.967712 129.524750 -911.984558
-481.198853 128.565323 -891.152893
-435.724487 125.567673 -870.549561
-390.245758 122.401024 -849.956421
-344.643738 119.035004 -829.313293
-299.079865 115.500748 -808.689758
-253.417740 111.641495 -788.013184
-208.676514 107.726143 -765.488159
-168.859512 103.572159 -735.083069
-129.041885 99.418159 -704.678528
-89.344490 96.234734 -674.343750
-49.237251 96.137344 -643.621033
-9.129074 96.137344 -612.900757
30.837116 96.137344 -582.289429
72.095787 96.137344 -553.644470
118.623558 95.915894 -535.074768
164.879379 95.423653 -515.415222
210.384109 94.942451 -493.891479
254.765152 90.700958 -469.610565
298.628876 86.052414 -445.630493
342.410248 81.432785 -421.697510
386.593079 77.771645 -398.126923
433.164673 71.114281 -380.348083
479.494904 64.359741 -362.720978
525.824951 63.852997 -343.362610
572.005371 63.852997 -323.926697
618.241150 63.852997 -304.467621
664.367126 63.852997 -285.054901
710.438232 62.056263 -265.692810
753.416199 53.245712 -241.117828
771.170166 40.833046 -195.689606
787.626770 29.272900 -149.797989
807.073059 17.501554 -104.843697
826.447937 10.429548 -59.165955
Custom
FlyDown
836.100037 6.800339 -39.105469
Custom
ClickActor "mariners_bell"
845.503357 1.076926 -15.408726
Wait
50
845.503357 1.076926 -15.408726
Custom
TravelMap "Timorous Deep"
845.503357 1.076926 -15.408726
2336.176514 1.796480 1435.779541
2343.030518 1.796480 1427.740479
2350.529297 5.007488 1421.232178
2358.286865 6.787027 1414.246338
2354.000244 6.787027 1405.118408
2360.234375 10.018228 1397.817139
2366.376221 14.125752 1390.755005
2362.619385 14.125752 1381.265381
2363.054688 17.207664 1371.430664
2368.889160 18.682905 1363.099365
2377.949707 19.973019 1357.498535
2386.764893 21.346609 1351.765259
2394.751465 21.274746 1353.413818
2405.373047 21.189825 1351.697388
2415.266113 19.618835 1351.195679
2425.087402 20.216324 1352.980835
2434.835693 21.322378 1355.366211
2442.893555 24.205492 1360.690552
2450.638672 27.529020 1366.267212
2455.606689 27.441191 1357.538086
2459.809814 27.530073 1348.458618
2464.801758 27.441191 1339.535767
2471.575439 29.065115 1332.155884
2480.890625 29.201279 1327.401367
2490.664063 26.733633 1325.098999
Custom
MessageBox "Check mail and receive gifts then resume in front of Norian"
2493.882080 26.125795 1319.696533
Custom
HailActor "Norian Deathblow" 5
2493.882080 26.125795 1319.696533
Wait
50
2493.882080 26.125795 1319.696533
2485.433838 22.807764 1315.244751
2476.818115 18.933292 1311.050537
2467.875488 15.814686 1306.981934
2457.854980 17.159718 1304.645142
2447.888184 18.020996 1306.199951
2438.900391 19.208389 1311.072510
2430.494141 22.148989 1316.632202
2422.141846 22.432032 1322.204468
2413.662354 22.178549 1327.861572
2405.529785 21.806944 1334.155029
2398.199707 21.418295 1341.005859
2390.381836 21.330467 1347.361816
2382.708008 21.385042 1353.806519
2375.217041 18.682907 1360.054077
2367.321289 18.682905 1366.858154
2359.640869 15.146215 1372.805176
2359.655029 14.125753 1383.067139
2366.627197 14.125753 1390.451782
2361.134277 10.347559 1397.916138
2354.812500 6.787027 1405.097290
2359.452637 6.787027 1414.232056
2365.393311 6.787027 1422.447876
2371.708984 7.641713 1430.517090
2378.947998 8.927365 1437.744629
2388.790771 8.927365 1440.619629
Custom
ClickActor "a Drop Barrel"
2389.606445 8.925001 1440.670654
2379.549316 8.927366 1441.064697
2373.674072 8.514327 1432.717651
2366.442383 6.787027 1425.660034
2359.791260 6.787027 1418.139893
2351.034424 4.574495 1423.289063
2344.357910 1.796480 1430.307129
2337.329834 1.796480 1437.689209
2330.186279 1.796480 1445.146973
2323.083008 1.796480 1452.324829
Custom
ClickActor mariners_bell
2321.443115 1.796480 1453.978760
Wait
50
2321.443115 1.796480 1453.978760
Custom
TravelMap Commonlands
2321.443115 1.796480 1453.978760
-1050.677490 -144.752533 -680.099060
-1031.500488 -98.961884 -672.533325
-1002.399902 -59.553360 -661.672607
-974.268494 -23.631948 -640.377502
-938.424866 -19.721394 -605.574158
-900.142273 -17.860834 -573.279968
-860.746704 -16.006855 -542.538147
-821.210327 -14.146241 -511.684937
-781.674500 -12.285640 -480.832214
-742.263672 -10.430935 -450.077271
-702.711975 -8.569595 -419.212311
-663.144531 -6.707500 -388.335114
-623.451965 -4.839508 -357.360107
-583.819336 -2.972296 -326.470795
-539.666748 1.865008 -302.945190
-495.316650 6.825909 -279.559296
-448.545044 2.398207 -262.328400
-404.272308 -19.954741 -255.539368
Custom
FlyDown
-372.296692 -31.399109 -252.130920
Custom
MessageBox "Open mail recieve gifts then resume in front of Kason"
-374.028778 -47.252487 -252.961197
Custom
HailActor "Kason Withershadow" 4
-374.028778 -47.252487 -252.961197
Custom
HailActor "Zadkiel X'aphon" 10
-366.982239 -47.391941 -253.428680
Custom
UseItem "Barrel to Butcherblock"
-366.982239 -47.391941 -253.428680
Custom
WaitForZoning
-366.796875 -47.395538 -253.432999
624.465393 25.911055 605.578796
630.382935 23.981258 632.191772
640.839111 23.939556 631.960571
649.849670 23.941286 626.882141
Custom
ZoneDoor butcherblock_zone_to_halls_of_the_unseen
657.557739 24.005810 622.313599
43.843834 1.837966 3.423120
33.914268 0.309630 2.316269
23.972149 0.588130 0.119784
13.912371 0.354831 -0.097359
4.116367 1.842470 1.362503
-1.363259 2.459684 9.811859
-2.535869 2.715587 19.784676
-1.800737 2.547985 29.784773
7.877211 2.985014 32.694038
17.923971 2.508180 32.716972
Custom
Target Drarson
18.962189 2.508282 32.721775
Wait
50
18.962189 2.508282 32.721775
29.093513 2.505887 32.609367
39.279026 2.497177 32.168194
49.505787 2.519888 32.058334
59.662094 2.531934 32.098732
69.823784 2.528959 32.157360
79.869293 2.525211 32.215336
89.881660 2.499200 32.273113
100.040077 2.868563 32.369793
Custom
Target Evana
109.182953 2.372884 33.113335
Wait
50
109.182953 2.372884 33.113335
109.791458 2.372086 23.090185
110.481277 1.369318 13.132876
119.874008 1.489690 17.197382
129.983963 0.238109 17.702181
139.958145 1.369678 17.249672
149.942032 0.072363 17.160837
159.484436 -0.792326 20.105425
159.490128 -3.841647 29.843307
158.938049 -3.841640 39.830456
158.993698 -3.559122 50.014881
162.509598 -3.706000 59.385277
172.518646 -2.765197 59.029659
Wait
300
172.976379 -2.615686 59.021420
Custom
Target Misa
172.976379 -2.615686 59.021420
Wait
50
172.976379 -2.615686 59.021420
163.038635 -3.705999 58.216175
159.905975 -3.427503 48.452991
158.505310 -3.841643 38.544224
158.055054 -3.513757 28.426586
155.631729 -0.792327 19.090225
145.924850 1.369063 16.763702
135.810516 0.753625 17.132185
125.813232 0.391362 16.966949
115.659081 1.534568 16.768747
109.100800 1.278655 16.584284
109.152954 2.372884 26.665787
101.417732 2.814290 33.284409
91.426399 2.500116 32.320629
81.366310 2.503244 31.869675
71.300537 2.567100 31.567629
61.123341 2.542896 31.941902
51.041729 2.830875 32.195690
41.031525 2.502407 32.439594
30.888878 2.522308 32.260288
20.675192 2.520751 32.284367
10.604815 2.896645 32.317230
0.734708 2.548567 30.630825
-3.892464 2.577178 21.630335
-2.663440 2.777278 11.564451
1.223298 1.842470 2.090413
Custom
HailActor "Nyran Dudez" 4
1.537222 1.842470 1.527391
