The Path of Fear
Custom
HailActor Xuurk 5
51.414974 -10.497499 223.018967
61.498005 -10.497500 222.626144
71.491646 -10.497500 222.236832
81.518845 -10.497500 221.728424
91.528030 -10.497499 220.930054
101.612968 -10.497499 220.312698
ClickActor
exit_to_fens
111.254250 -10.497500 219.851425
Wait
50
111.254250 -10.497500 219.851425
Custom
DoorOption 0
111.254250 -10.497500 219.851425
Custom
WaitForZoning
111.254250 -10.497500 219.851425
-97.809998 31.664070 -1041.890015
-103.647911 79.965790 -1028.605713
-118.169434 114.990715 -995.561218
-132.642776 130.737701 -950.114319
-144.192276 126.645889 -901.594177
-155.871628 122.508041 -852.528687
-166.650284 118.399483 -803.682129
-169.499619 114.280083 -753.550720
-172.346283 110.165268 -703.474976
-175.178131 106.071945 -653.660278
-178.007813 101.981644 -603.883240
-164.367661 97.809265 -555.928772
-143.031967 93.720505 -510.888184
-121.376274 89.570457 -465.171692
-99.808594 85.437256 -419.641022
-78.216927 81.299423 -374.059753
-56.849224 77.204544 -328.951202
-33.966923 73.086922 -284.435577
-2.919582 68.981438 -245.201385
43.192459 64.878006 -226.020645
81.339470 35.436008 -212.263657
111.098984 -3.738066 -201.443634
138.773987 -44.614643 -190.981812
167.310486 -84.993431 -180.358536
Custom
FlyDown
180.888489 -94.355446 -174.764267
ClickActor
mariners_bell
181.720673 -118.825867 -165.397537
Wait
50
181.720673 -118.825867 -165.397537
Custom
TravelMap "Jarsath Wastes"
181.720673 -118.825867 -165.397537
-303.203033 -48.179874 1379.384644
-303.702667 -16.740452 1339.970093
-288.257660 18.906523 1307.955688
-268.063843 55.910294 1280.392944
-238.751526 81.366196 1248.533325
-203.331467 83.347313 1212.838623
-167.950974 85.326149 1177.183838
-132.412048 87.313873 1141.369141
-97.005112 89.294243 1105.688110
-61.703758 91.268692 1070.113525
-26.415564 93.242409 1034.551392
8.872585 95.216148 998.989014
43.827942 97.201569 962.762939
67.829788 99.195717 918.419556
89.152496 101.167160 873.154480
110.388306 103.155594 827.366455
131.576828 105.139580 781.680664
151.063553 107.121338 735.400269
165.755722 109.102371 687.308960
180.513550 111.092247 639.002441
195.140045 113.064430 591.126038
209.876007 115.051369 542.891174
224.486008 117.021301 495.068359
239.085144 118.989799 447.280487
253.760956 120.968651 399.241913
251.914749 122.976341 348.866547
248.362305 124.953720 298.800262
244.821823 126.924477 248.902023
241.266754 128.903275 198.798172
237.707703 130.884293 148.638229
204.706314 119.709747 112.683067
161.968781 104.199333 91.488403
119.383614 88.320251 69.532097
77.067352 72.541451 47.714386
34.668308 56.733173 25.863081
-8.476206 40.891308 6.029711
-49.773598 21.367298 -15.380698
-90.514206 1.737014 -37.021198
-130.348251 -20.377077 -58.072037
Custom
FlyDown
-162.902191 -37.303104 -67.110313
-172.183197 -40.884109 -68.197166
Custom
HailActor Vakrisan 5
-170.044403 -40.907742 -77.319458
-166.785400 -40.708248 -67.599724
-163.549927 -40.884918 -57.950211
-143.529877 -8.498484 -25.464499
-115.486160 27.053434 -3.481146
-87.672913 62.771145 18.650824
-59.760941 97.939499 40.861412
-25.246672 119.720032 70.286812
6.397964 144.472595 100.328720
42.936134 144.472595 135.016388
79.283936 144.472595 169.523666
115.835732 144.472595 204.224579
152.400925 144.472595 238.938416
176.588272 144.472595 283.049500
186.274902 144.472595 332.490936
186.276917 144.472595 382.492188
184.652145 144.472595 432.566101
183.010284 144.472595 483.164886
181.377594 144.472595 533.482666
179.754059 144.472595 583.519592
178.128189 144.472595 633.631348
176.501648 144.472595 683.762329
160.126694 144.472595 731.278320
138.390289 144.472595 776.666382
116.734856 144.472595 821.885254
95.014626 144.472595 867.239563
73.286278 144.472595 912.610535
51.541874 144.472595 958.015198
29.846155 144.472595 1003.318420
4.947894 144.472595 1046.803101
-34.264511 125.039360 1071.196289
-71.636345 97.781212 1090.259521
-109.387756 70.436996 1109.571167
-147.040939 43.163837 1128.832520
-184.876633 15.758596 1148.187012
-223.443436 -10.266133 1166.820557
-262.327942 -35.534504 1186.306885
Custom
FlyDown
-266.038483 -38.263546 1188.452026
Custom
HailActor Delshirrs 7
-274.834106 -45.944687 1192.425415
-281.554474 -44.541946 1176.971680
-291.206512 -45.331181 1179.494263
-298.298737 -46.590107 1186.798096
-303.805481 -46.004124 1195.180298
-305.377411 -46.801216 1205.256226
-305.473267 -47.993172 1215.604980
-305.470795 -48.657024 1226.067505
-305.468445 -48.211136 1236.179565
-305.466125 -47.094784 1246.390015
-305.463776 -46.116261 1256.656494
-305.461426 -45.984455 1266.796631
-305.459137 -46.794113 1276.894897
-305.529785 -47.990356 1287.146729
-305.661194 -48.594872 1297.384399
-305.792450 -48.191200 1307.608398
-305.822662 -47.090569 1317.818359
-305.687439 -46.088779 1327.985596
-305.547974 -45.929825 1338.475586
-305.410309 -46.842976 1348.839233
-305.276001 -47.989475 1358.936035
-305.142426 -48.580772 1368.976929
-305.006866 -48.195019 1379.171753
-304.873749 -47.100105 1389.184692
-304.741150 -46.083847 1399.155273
-304.604767 -45.959637 1409.420898
-304.469025 -46.777412 1419.630493
-304.333191 -47.937664 1429.853882
-304.350739 -48.840698 1440.078247
-304.314087 -49.127251 1450.344482
Custom
WaitForMob Delshirrs 10
-304.266968 -49.134739 1453.485596
Wait
450
-304.266968 -49.134739 1453.485596
Custom
Target "Far seas"
-304.266968 -49.134739 1453.485596
Wait
50
-304.266968 -49.134739 1453.485596
Custom
HailActor Delshirrs 3
-304.266968 -49.134739 1453.485596
-304.297089 -49.017242 1443.140625
-302.189117 -22.931862 1400.414673
-284.044189 12.512390 1369.235474
-253.824020 25.910263 1331.604858
-222.452118 25.917049 1292.639771
-190.774353 25.922033 1253.294922
-159.319977 25.922033 1214.227051
-136.267853 60.486298 1185.595581
-105.055550 67.393829 1146.829102
-73.648079 67.393829 1107.820679
-42.181885 67.393829 1068.738647
-11.011259 72.922516 1030.023804
16.977276 79.564903 989.123352
40.094742 79.564903 944.506470
63.134586 79.564903 900.039612
81.696472 79.564903 853.595520
99.759918 79.564903 806.787842
118.128693 79.564903 760.035950
136.497421 79.564903 713.284058
157.234177 79.584244 667.511169
178.765106 79.583351 622.108154
200.304031 79.582481 576.688049
221.826889 79.581665 531.301758
243.413986 79.580795 485.779602
264.992889 79.579971 440.274536
286.628082 79.579193 394.651001
304.940369 77.062561 347.844879
290.951630 75.967155 299.235321
269.256348 74.967133 254.025253
246.361526 82.561539 210.183136
216.705933 79.146980 169.879227
180.792603 74.325325 135.119522
136.754150 62.109299 113.840858
92.565788 49.618614 92.976875
48.590870 37.188316 72.213715
4.747390 24.795168 51.512604
-39.128925 12.392717 30.795980
-83.218788 -0.070103 9.978541
-124.983505 -12.517741 -14.814496
-168.316010 -24.515436 -36.690956
-211.898514 -41.171684 -55.022923
Custom
FlyDown
-211.898514 -41.171684 -55.022923
-217.652725 -42.897305 -57.651550
-219.047607 -42.972580 -55.096462
ClickActor
notice
-219.047607 -42.972580 -55.096462
Wait
10
-219.047607 -42.972580 -55.096462
-206.829727 -42.307041 -59.540577
-183.479980 1.466039 -50.951885
-151.491333 36.984894 -35.699039
-119.588753 72.437462 -20.483484
-73.977982 77.896355 1.145862
-28.424391 81.821716 22.748070
16.875898 85.725235 44.230133
62.024185 89.615608 65.640114
107.189262 93.507423 87.058189
152.506500 97.412369 108.548286
197.570587 101.295479 129.918259
241.765274 105.196930 153.004730
259.604950 109.254730 199.589157
256.518280 113.143761 249.442657
253.416946 114.143669 299.505951
250.304443 114.143669 349.734344
247.200012 114.143669 399.831848
244.089859 114.143669 450.022919
240.959305 114.143669 499.968079
224.368500 114.143669 547.681519
207.126556 114.143669 594.840820
189.845947 114.143669 642.105286
172.571869 114.143669 689.352478
154.765427 114.143669 736.095032
135.887268 114.143669 782.559937
117.176979 114.143669 829.056824
98.319756 114.143669 875.919006
76.343178 114.162445 921.097717
53.930092 114.154854 965.946533
21.170160 114.153198 1003.772278
-15.100224 109.582092 1038.016235
-50.413803 97.297981 1071.559937
-85.872421 84.963600 1105.240601
-121.146408 72.693382 1138.747437
-156.499435 60.395576 1172.328857
-191.681168 48.157070 1205.747437
-225.584793 29.867218 1238.016846
-257.121002 1.444434 1264.715454
-287.872650 -26.808752 1292.457031
Custom
FlyDown
-302.720551 -39.899124 1307.024170
-302.752441 -47.632042 1313.403320
-302.968170 -46.492580 1323.436401
-303.327148 -45.932545 1333.794556
-303.682312 -46.376759 1344.040405
-304.030151 -47.482330 1354.075928
-304.386322 -48.499992 1364.349854
-304.934723 -48.525364 1374.528198
-306.262207 -47.664314 1384.500000
-308.700531 -46.637302 1394.268188
-311.884644 -46.179520 1403.838257
ClickActor
mariners_bell
-312.862488 -46.155766 1406.227539
Wait
50
-312.862488 -46.155766 1406.227539
Custom
TravelMap "Fens of Nathsar"
-312.862488 -46.155766 1406.227539
182.658249 -118.825867 -169.703812
176.791687 -69.207108 -175.144440
143.377853 -32.945816 -186.159897
139.469696 12.900675 -165.769897
126.953880 42.218109 -126.653595
113.795326 77.212708 -93.348106
99.510231 81.662041 -45.052273
85.222748 80.663055 3.250321
70.945923 79.664803 51.516956
56.754166 78.672501 99.495934
42.557087 77.679848 147.492920
28.360018 76.687180 195.489914
14.029993 75.685226 243.936371
-0.209640 74.689560 292.077454
-14.438638 73.694649 340.182434
-28.789927 72.691208 388.701172
-43.008270 71.697098 436.770477
-57.242546 70.701881 484.893616
-65.889252 70.212425 534.461487
-80.486237 65.364441 582.427917
-95.879158 58.740730 629.682129
-111.283577 52.112080 676.971863
-126.826157 45.423996 724.685608
-142.276718 38.775517 772.116943
-157.658127 32.156754 819.335632
-173.055954 25.453241 867.009705
-167.402069 14.830558 916.071228
-160.086319 1.970811 964.383728
Custom
FlyDown
-156.185822 -5.810156 997.361206
ClickActor
board
-149.049683 -7.768383 1003.099243
Wait
10
-149.049683 -7.768383 1003.099243
-154.098846 -7.790825 994.239746
-157.749802 -7.811039 984.691589
-160.601639 -7.821432 974.914856
-182.891266 10.574829 934.076965
-210.014313 43.159809 907.454651
-246.008362 40.755890 872.472961
-281.789551 37.478161 837.640015
-316.728210 50.068192 803.627380
-352.884735 46.756065 768.429138
-389.067993 43.441486 733.204773
-424.983185 40.151474 698.241760
-459.340790 56.069511 664.794128
-495.108429 52.793045 629.973999
-531.090637 49.496922 594.945068
-566.885315 46.218002 560.098999
-602.787476 42.929268 525.148376
-638.769592 39.633179 490.119568
-674.899231 36.323574 454.947083
-710.988953 33.017647 419.813751
-747.539917 31.178080 385.654114
-784.266785 53.957352 359.887268
-825.216553 57.698467 331.157532
-863.232910 76.632660 304.486206
-903.862061 85.690117 275.982025
-942.135071 103.548981 249.130646
-983.225220 103.548981 220.302979
-1023.691589 113.174438 191.912766
-1064.627808 113.174438 163.192886
-1103.833862 113.174438 131.980743
-1135.488403 113.174438 92.502968
-1166.681763 113.174438 53.393860
-1196.313354 113.174438 12.647511
-1213.283813 113.174438 -35.071812
-1215.778442 113.174438 -85.470947
-1210.140869 113.174438 -135.403702
-1204.495117 113.174438 -185.410843
-1202.347412 108.184784 -235.541214
-1209.479980 90.057030 -282.048584
-1218.127441 69.562904 -327.211639
-1226.785278 49.081852 -372.357513
-1264.881836 34.947041 -402.067230
-1314.620972 30.804358 -406.627289
-1364.694580 26.633760 -411.217865
-1414.470825 22.487953 -415.781158
-1464.135010 18.351440 -420.334076
-1514.136230 14.247703 -418.579987
-1560.986816 9.441154 -401.688171
Custom
FlyDown
-1598.807983 5.102634 -388.485870
Custom
Zone -1626 -361
-1622.750977 -12.897521 -369.733429
960.333252 59.642918 -110.999596
914.051758 79.661156 -111.368553
864.116028 74.799515 -112.730843
814.286072 70.907600 -114.774513
764.239136 67.024490 -116.827072
714.054321 63.109653 -118.885307
663.906494 59.197624 -120.941986
Custom
FlyDown
647.190552 57.893608 -121.627541
ClickActor
board
633.978333 37.030022 -124.408653
Wait
10
633.978333 37.030022 -124.408653
645.497498 36.536221 -124.419792
645.497498 77.686668 -124.419792
695.332031 72.397156 -121.081444
745.599426 70.432182 -122.442039
795.747681 70.647957 -121.411186
846.062256 69.154381 -118.716476
896.145264 66.364868 -116.047104
946.001770 61.480659 -111.263580
Custom
FlyDown
957.334412 59.460808 -110.378159
Custom
Zone 988 -107
977.762939 59.214283 -109.178612
-1513.163086 -8.329437 -421.483887
-1471.184082 19.135845 -419.526428
-1432.965332 51.673981 -420.058105
-1392.892212 82.406158 -421.059753
-1342.878784 86.299591 -421.872498
-1292.782349 86.292755 -422.484802
-1243.162842 87.108177 -429.109558
-1193.732422 87.108177 -436.799896
-1143.986084 87.108177 -444.539520
-1094.481445 87.108177 -452.241516
-1044.568481 87.108177 -460.006836
-994.507080 87.108177 -467.795319
-944.872375 87.108177 -475.517395
-894.922668 87.108177 -483.288513
-845.454468 87.108177 -490.984650
-795.746033 87.108177 -498.718323
-746.018921 87.108177 -506.454895
-696.421265 87.108177 -514.171204
-646.694031 87.108177 -521.907288
-597.133057 87.108177 -529.617554
-547.313049 87.108177 -537.368042
-497.604614 87.108177 -545.101379
-448.137604 87.108177 -552.796997
-403.760223 87.108177 -576.776550
-375.282471 98.828461 -616.640686
-347.063995 98.828461 -658.287659
-318.950531 98.828461 -699.778931
-290.710999 98.828461 -741.456726
-262.545013 98.828461 -783.025452
-233.828369 98.828461 -824.516418
-206.653275 98.828461 -867.316956
-179.664536 98.828461 -909.904419
-152.705902 98.828461 -952.443970
-125.887756 98.828461 -994.762024
Custom
FlyDown
-105.052773 98.828461 -1037.829102
-99.428719 31.663860 -1043.556030
-90.892982 31.301601 -1048.829102
-83.176414 25.461498 -1052.402344
ClickActor
Cabilis
-79.577896 23.063862 -1054.327026
Custom
WaitForZoning
-79.577896 23.063862 -1054.327026
103.788940 -10.497499 219.872467
93.771439 -10.497500 220.169205
83.697075 -10.497499 220.704834
73.670288 -10.497499 221.237869
63.556343 -10.247500 221.775635
53.433975 -10.497500 222.791336
Custom
HailActor Xuurk 1
51.381714 -10.497499 223.062225
