The Triumph of Fear
Custom
HailActor Xuurk 7
51.381714 -10.497499 223.062225
61.273609 -10.497499 221.561890
71.233116 -10.497499 220.586929
81.232613 -10.497500 219.787552
91.476189 -10.497499 219.607147
101.579872 -10.497500 219.490509
111.671173 -10.497499 219.587280
ClickActor
exit_to_fens
111.671021 -10.497500 219.645096
Wait
50
111.671021 -10.497500 219.645096
Custom
DoorOption 0
111.671021 -10.497500 219.645096
Custom
WaitForZoning
111.671021 -10.497500 219.645096
-103.410797 31.667660 -1037.001221
-123.124863 71.581520 -1013.947327
-152.745026 93.862885 -979.997070
-186.868286 83.527245 -944.171753
-222.662247 73.899605 -910.338135
-254.840149 91.912514 -944.373840
-287.916534 106.388229 -979.045898
-322.140442 98.547379 -1014.653503
-356.672333 90.635986 -1050.582275
-390.921783 82.789246 -1086.217041
-426.555939 75.447891 -1120.684448
-462.824402 69.123032 -1155.105957
-498.984802 62.816990 -1189.424805
-535.212341 56.499233 -1223.808228
-571.453247 50.179119 -1258.205078
-607.465027 43.898998 -1292.383179
-643.786987 37.564762 -1326.856567
-679.933228 31.261135 -1361.163330
-715.971497 24.976295 -1395.367676
-752.239136 18.651457 -1429.789063
-788.452759 12.336033 -1464.159058
-824.477661 6.053547 -1498.350342
-860.867126 -0.292469 -1532.886597
-897.054382 -6.603191 -1567.231567
-933.160461 -12.899797 -1601.499878
-969.563599 -19.248165 -1636.049805
-1005.575378 -25.528309 -1670.228027
-1041.667969 -31.822557 -1704.483276
-1077.376343 -38.131516 -1739.508057
-1110.640869 -44.215935 -1776.626831
-1143.893066 -50.298069 -1813.731689
-1177.033447 -56.359768 -1850.712036
-1210.360107 -62.455540 -1887.900391
-1243.625122 -68.540001 -1925.019409
-1276.814819 -74.610832 -1962.055542
-1310.115601 -80.702110 -1999.216187
-1343.354736 -86.782059 -2036.308228
-1376.705200 -92.882431 -2073.524414
-1409.993408 -98.971466 -2110.671631
-1443.455933 -105.092278 -2148.014648
-1474.157959 -129.451782 -2179.241943
-1501.802734 -162.006424 -2206.208252
-2638.120117 -411.070007 -2625.530029
-1525.233276 -186.205475 -2227.219971
-1555.474609 -216.205338 -2253.804688
-1585.533325 -246.247391 -2280.229492
-1615.852661 -276.075958 -2306.663330
-1647.991333 -305.146515 -2331.877441
-1680.775635 -334.281433 -2356.807373
-1714.586182 -362.960205 -2381.206299
Custom
FlyDown
-1747.922607 -387.936890 -2403.068359
-1754.488159 -394.837006 -2406.499512
-1763.742920 -396.054688 -2410.622559
-1773.059692 -396.944427 -2414.765625
-1782.351196 -397.757538 -2418.896484
-1791.448242 -398.585815 -2423.080566
-1801.061646 -399.214203 -2426.795410
-1810.912964 -399.535400 -2430.282471
-1820.454590 -400.040985 -2433.569092
ClickActor
zone_to_freeport_instance
-1820.610840 -400.143494 -2434.107666
Custom
WaitForZoning
-1820.610840 -400.143494 -2434.107666
-287.591675 -56.065861 -77.847939
-277.255798 -56.065861 -77.811623
-266.922180 -56.065861 -77.775299
-256.697998 -56.065861 -77.739365
-246.263535 -56.065861 -77.774620
-236.039307 -56.065861 -77.798126
-225.632782 -56.065861 -77.818123
Custom
PathKill 31 25 10 1 1 1 "a Freeport defender" 0 10
-225.632782 -56.065861 -77.818123
-215.314224 -56.065861 -77.776833
-204.786072 -56.065861 -77.734932
-196.130096 -55.943573 -82.921715
-189.768265 -56.592506 -90.932899
-183.183746 -56.602798 -98.817276
-184.651276 -56.684097 -88.352196
-187.801422 -56.675316 -78.744362
-191.679382 -56.640263 -69.229660
-196.275208 -55.711224 -60.206917
-199.268570 -55.706806 -50.340084
-199.960297 -56.065861 -39.845005
-200.653564 -56.065861 -29.321205
-201.318695 -56.065861 -18.978098
-201.970520 -56.065861 -8.816828
-202.629501 -56.065861 1.456408
-201.240646 -56.065861 11.392222
-198.433701 -55.617386 21.544054
-194.209381 -56.134308 30.983311
-191.462494 -56.232670 40.903660
-192.703018 -56.087559 30.889236
-191.544556 -56.040016 20.534601
-190.091751 -55.983620 10.418039
-187.739288 -55.955757 0.285717
-182.353699 -55.536148 -8.146120
-173.366882 -53.833656 -12.254150
-163.724106 -51.885571 -9.287331
-157.442276 -50.494427 -1.399220
-155.570068 -49.493801 8.381020
-156.394852 -48.690376 18.456493
-156.662781 -47.874634 28.828550
-155.441849 -47.043728 39.261452
-237.507080 -56.065861 -76.937546
-247.684494 -56.065861 -76.846199
-257.958710 -56.065861 -76.753967
-267.989166 -56.065861 -76.686935
-278.519989 -56.065861 -76.837852
-288.541870 -56.065861 -77.176857
-298.631744 -56.065861 -76.958504
ClickActor
crate
-301.879242 -56.065769 -74.907379
Wait
20
-301.879242 -56.065769 -74.907379
-291.797760 -56.065861 -75.754120
-281.587097 -56.065861 -76.611816
-271.538513 -56.065861 -77.455887
-261.320679 -56.065861 -78.060486
-251.128632 -56.065861 -78.350647
-241.048782 -56.065857 -78.637642
-230.531693 -56.065861 -78.574883
-220.535095 -56.065861 -78.288475
-209.960800 -56.065861 -76.468048
Wait
20
-205.711029 -56.065861 -75.426529
Custom
Target wounded
-205.711029 -56.065861 -75.426529
Custom
UseItem "an iksar healing tonic"
-205.711029 -56.065861 -75.426529
Wait
20
-205.711029 -56.065861 -75.426529
-205.080505 -56.065861 -65.403084
-204.780380 -56.065861 -55.070862
-203.124420 -56.065861 -44.803654
-201.478699 -56.065861 -34.802944
-199.087204 -55.577461 -24.824995
-196.494232 -55.557579 -15.003821
-194.142670 -56.130127 -5.140305
-191.787643 -55.995857 4.578234
-189.361389 -55.965866 14.726612
-187.281113 -56.023476 24.565012
-185.216614 -56.227650 34.349735
Wait
20
-185.216614 -56.227650 34.349735
Custom
Target wounded
-185.216614 -56.227650 34.349735
Custom
UseItem "an iksar healing tonic"
-185.216614 -56.227650 34.349735
Wait
20
-185.216614 -56.227650 34.349735
-191.951782 -56.244644 42.089455
-200.120895 -56.065861 48.122002
-207.532135 -56.065861 55.362377
-214.725006 -56.065861 62.427898
Wait
20
-214.748077 -56.065861 62.712517
Custom
Target wounded
-214.748077 -56.065861 62.712517
Custom
UseItem "an iksar healing tonic"
-214.748077 -56.065861 62.712517
Wait
20
-214.748077 -56.065861 62.712517
-224.742477 -56.065861 62.350063
-234.750549 -56.065861 62.492222
-245.079697 -56.065861 62.875679
-255.308273 -56.065861 63.291210
-265.503693 -56.065861 63.792580
-275.618652 -56.065861 65.183571
-280.358612 -56.065861 74.155800
Wait
20
-281.307190 -56.065861 78.017151
Custom
Target wounded
-281.307190 -56.065861 78.017151
Custom
UseItem "an iksar healing tonic"
-281.307190 -56.065861 78.017151
Wait
20
-281.307190 -56.065861 78.017151
-273.698425 -56.065861 71.318947
-266.038788 -56.065861 64.575867
-256.085724 -56.065861 62.211174
-242.362930 -56.065857 63.373505
-232.311035 -56.065861 63.259342
-222.245071 -56.065861 63.145023
-212.035553 -56.065861 63.029072
-201.952209 -56.065861 62.914555
-196.969208 -55.976582 53.806221
-195.849808 -55.994320 43.655930
-194.822540 -56.156227 33.583584
-193.560181 -56.105572 23.324541
-192.335464 -56.056431 13.371736
-191.114166 -56.327137 3.446770
-189.631851 -55.852665 -6.704738
-185.334198 -55.798351 -15.817975
-175.817673 -55.116623 -19.084064
-166.257904 -53.342102 -16.297758
-161.640656 -51.533520 -7.560421
-159.130615 -50.237366 2.325662
Wait
20
-158.649734 -49.969543 4.846784
Custom
Target wounded
-158.649734 -49.969543 4.846784
Custom
UseItem "an iksar healing tonic"
-158.649734 -49.969543 4.846784
Wait
20
-158.649734 -49.969543 4.846784
-158.389755 -49.120056 14.862080
-157.949860 -48.236179 25.184948
-157.820541 -47.392849 35.350323
-157.827164 -46.575882 45.407173
-157.738434 -45.778229 55.518242
-157.591965 -44.836864 65.685310
-155.968292 -43.427284 75.635040
-150.239853 -41.914909 83.743164
-143.099167 -40.393902 90.999184
-135.339584 -38.450333 97.155167
Wait
20
-132.315063 -38.072556 99.010460
Custom
Target wounded
-132.315063 -38.072556 99.010460
Custom
UseItem "an iksar healing tonic"
-132.315063 -38.072556 99.010460
Wait
20
-132.315063 -38.072556 99.010460
-138.307373 -39.509830 90.865250
-144.904495 -41.124386 83.279350
-151.549393 -42.862560 75.638542
-157.816513 -44.577988 67.970596
-161.454239 -45.779533 58.338509
-161.291443 -46.647068 47.869003
-160.877975 -47.482529 37.386459
-160.484985 -48.276657 27.422428
-160.071503 -49.099758 16.939880
-159.666321 -49.904263 6.667542
-161.236954 -51.021370 -3.623590
-167.159851 -52.700821 -11.805969
-174.435806 -54.914646 -18.706614
-181.813538 -55.964775 -25.703770
-189.005203 -56.450439 -33.009327
-193.796707 -56.363251 -42.005745
-198.759857 -55.565945 -50.749107
-203.974152 -56.065861 -59.314350
-209.556076 -56.065861 -68.246399
-215.285736 -56.065861 -76.722229
-225.418900 -56.065861 -79.443420
-235.619232 -56.065861 -79.090332
-245.883377 -56.065861 -78.514320
-256.164368 -56.065861 -77.997368
-266.229767 -56.065861 -77.697281
-276.757874 -56.065861 -77.383377
-286.853516 -56.065861 -77.567947
-296.907959 -56.065861 -77.733330
Custom
HailActor Xuurk 7
-299.095520 -56.065861 -77.774498
-289.047760 -56.065861 -77.113258
-278.749176 -56.065861 -76.855431
-268.694244 -56.065861 -76.994080
-258.456940 -56.065861 -77.135246
-248.402008 -56.065861 -77.273888
-238.234848 -56.065861 -77.414078
-228.081726 -56.065861 -77.554070
-217.998734 -56.065861 -77.693108
-207.985855 -56.065861 -77.831161
-197.944885 -55.738575 -77.969620
-191.930939 -56.568092 -86.358055
-189.040527 -56.587177 -96.322067
-186.085907 -56.464565 -106.393417
Wait
20
-186.019257 -56.458019 -107.171822
ClickActor
barrel
-186.019257 -56.458019 -107.171822
-173.658356 -56.390503 -102.004196
Custom
PlaceHouseItem
-171.406296 -56.259190 -106.212761
Wait
20
-183.455948 -56.435757 -110.664474
ClickActor
barrel
-183.455948 -56.435757 -110.664474
-176.310486 -56.387783 -103.602486
Custom
PlaceHouseItem
-173.989380 -56.266632 -107.349495
-184.710144 -56.477154 -108.671455
Wait
20
-185.402405 -56.466785 -107.901634
ClickActor
barrel
-185.402405 -56.466785 -107.901634
-179.196442 -56.384266 -105.365318
Custom
PlaceHouseItem
-175.466171 -56.291740 -107.130440
-176.930298 -56.265980 -109.023575
Wait
20
-186.029694 -56.458141 -107.134239
ClickActor
barrel
-186.029694 -56.458141 -107.134239
-181.993729 -56.348351 -108.427666
Custom
PlaceHouseItem
-180.334061 -56.261719 -111.106888
-175.155914 -56.533966 -99.604118
-181.280838 -56.694405 -91.200439
-185.688614 -56.690628 -82.129807
-188.829239 -56.681755 -72.623482
-191.533966 -56.665661 -62.707302
-193.840515 -56.442684 -52.833050
-196.155991 -55.673565 -42.774059
-197.334427 -55.515793 -32.735401
-197.783356 -55.533440 -22.676405
-197.346741 -55.550346 -12.621146
-196.516464 -55.575108 -2.472901
-195.672470 -56.094688 7.843083
-194.819366 -56.138863 18.270895
-193.994843 -56.124699 28.349249
-193.181732 -56.163982 38.639469
-192.568939 -56.433842 48.915489
-192.044205 -56.656025 58.929600
-191.477509 -56.798367 69.222374
-190.894775 -56.994869 79.472061
-190.015366 -57.190540 89.686516
-187.296524 -57.306530 99.514465
Wait
20
-183.210983 -57.298458 105.219231
ClickActor
cart
-183.210983 -57.298458 105.219231
-186.544739 -57.289646 115.073280
Custom
PlaceHouseItem
-188.290665 -57.290424 115.414879
-187.829300 -57.296127 109.719383
-187.041214 -57.306534 99.354462
-186.927643 -57.180065 89.246605
-187.101959 -56.983471 79.009827
-187.281509 -56.781017 68.464554
-187.454895 -56.644997 58.283867
-187.627762 -56.492481 48.131248
-187.385971 -56.251980 37.937443
-187.429108 -56.075142 27.713314
-187.473068 -55.910290 17.292826
-187.409821 -55.883995 7.125695
-186.990952 -55.732033 -3.159474
-183.834732 -55.674847 -12.699781
-173.922653 -54.239899 -14.376404
-165.231049 -52.104740 -9.336502
-159.711807 -50.604530 -1.095081
-157.921677 -49.560108 8.975088
-156.603149 -48.625511 19.297766
-155.898788 -47.814342 29.525909
-156.681274 -47.004265 39.871548
-157.618530 -46.206009 50.080894
-157.983490 -45.353298 60.298161
-155.883255 -44.098320 70.046173
-150.107971 -42.405834 78.175316
-141.447357 -40.482498 83.533409
-132.102921 -38.465618 87.129128
-122.078346 -36.955235 87.537895
-112.213737 -34.955090 87.172264
-102.266861 -32.749763 86.471237
-92.467041 -30.516914 85.682297
-82.686264 -28.245039 84.555412
-72.628464 -25.964664 83.381691
-62.572487 -23.733440 83.930466
-52.613277 -21.817766 84.888443
Wait
20
-51.717476 -22.044834 84.143074
ClickActor
trash
-51.717476 -22.044834 84.143074
-53.893322 -22.089714 78.612434
Custom
PlaceHouseItem
-52.734184 -21.733841 75.564529
-58.799316 -22.591078 78.512772
-67.959976 -24.659008 82.211975
-77.756493 -27.186764 84.378807
-87.531906 -29.397837 85.625832
-97.390686 -31.640663 85.742393
-107.249763 -33.878967 85.840157
-117.277145 -36.062767 85.939575
-127.388680 -37.793301 86.039825
-137.447586 -39.575363 85.316139
-146.924438 -41.633430 81.668381
-154.847305 -43.311443 75.373329
-158.396057 -44.869209 65.749939
-158.968750 -45.837406 55.532570
-158.845032 -46.662201 45.393887
-158.651733 -47.465408 35.367878
-158.450043 -48.303444 24.907173
-158.257507 -49.103279 14.923227
-158.080551 -49.929180 4.728812
-160.096527 -51.079071 -5.076464
-165.763519 -52.835014 -13.618179
-172.469055 -54.910362 -20.801994
-179.541885 -56.027851 -27.890867
-186.693939 -56.577522 -35.059166
-193.142532 -56.419025 -42.752693
-198.858673 -55.569416 -51.178852
-204.578506 -56.065861 -59.534706
-210.141510 -56.065861 -68.177200
-216.096329 -56.065861 -76.339302
-226.562210 -56.065861 -76.695892
-236.713333 -56.065861 -77.414330
-247.156693 -56.065861 -77.092720
-257.386627 -56.065861 -76.749466
-267.527191 -56.065861 -76.666779
-277.768646 -56.065861 -78.694695
-287.670929 -56.065861 -81.116272
Custom
HailActor Hedoral 4
-290.334412 -56.065861 -81.900314
-280.223267 -56.065861 -81.114082
-270.152466 -56.065861 -80.437775
-259.825287 -56.065861 -79.744278
-249.789261 -56.065861 -79.115829
-239.641556 -56.065861 -78.756653
-229.299225 -56.065861 -78.346764
-218.839310 -56.065861 -77.930634
-208.641891 -56.065861 -77.634766
-198.633194 -55.732494 -77.091965
-191.570297 -56.639633 -69.996841
-184.176392 -56.776974 -63.048145
Custom
HailActor confused 3
-181.534332 -56.208286 -60.773842
-191.139816 -56.680653 -56.926418
-199.077850 -55.610256 -50.774200
-198.402145 -55.501461 -40.551723
-200.318771 -56.065861 -30.681652
-207.452744 -56.065861 -23.666304
-212.845718 -56.065861 -14.875566
Wait
20
-220.320129 -56.091923 -16.347401
ClickActor
supply
-220.320129 -56.091923 -16.347401
-219.235992 -55.091923 -6.747013
-219.501923 -55.343407 3.380997
Wait
20
-222.403610 -56.091923 6.562532
ClickActor
supply
-222.403610 -56.091923 6.562532
-216.563965 -56.031509 8.709512
-206.772842 -56.065861 11.277641
-196.791214 -55.608936 14.048692
-187.228256 -55.902546 17.146534
Custom
HailActor confused 3
-181.016663 -55.419113 18.937420
-186.921921 -56.074127 27.145733
-192.718201 -56.118107 35.510880
-198.184860 -55.645130 44.083622
-203.715134 -56.065861 52.481949
-209.048706 -56.065861 61.055904
-214.136078 -56.065861 70.221115
Wait
20
-215.510971 -56.065861 72.775352
ClickActor
supply
-215.510971 -56.065861 72.775352
-221.650360 -56.065861 64.178307
-231.703690 -56.065861 64.851273
-241.354126 -56.065861 68.644325
-240.292740 -55.639107 78.636589
Wait
20
-239.806747 -55.678223 81.003059
ClickActor
supply
-239.806747 -55.678223 81.003059
-242.798615 -56.065861 71.342705
-245.032028 -56.065861 71.842072
-249.717773 -56.062592 80.714317
Wait
20
-251.181030 -56.065918 81.639832
ClickActor
supply
-251.181030 -56.065918 81.639832
-243.571991 -56.056488 74.712250
-240.620453 -56.065861 71.816147
-245.488297 -56.065861 62.753975
-255.682602 -56.065861 62.601826
-265.703583 -56.065861 64.422195
-274.402039 -56.065861 70.036736
-281.997589 -56.065861 76.970459
-287.934631 -56.065861 85.268303
-291.696411 -56.065861 95.052803
-293.470673 -56.065861 105.205963
Custom
HailActor confused 3
-293.632416 -56.065861 107.128891
-289.790894 -56.065861 97.695496
-285.159302 -56.065861 88.759850
-279.777039 -56.065861 80.329704
-275.328613 -56.065861 71.288918
-267.757629 -56.065861 64.328300
-257.512146 -56.065861 63.461292
-247.297577 -56.065861 63.215599
-237.157516 -56.065861 63.233723
-227.143646 -56.065861 63.251606
-217.165054 -56.065861 64.193794
-208.621796 -56.065861 69.920364
-200.992737 -56.065861 76.677612
-202.094193 -56.065861 86.741821
-203.147583 -56.065861 97.038620
-204.181641 -56.078674 107.345062
Custom
HailActor confused 3
-204.245102 -56.087646 107.818207
-199.285141 -55.843235 98.732399
-195.426804 -57.189796 89.462257
-193.294022 -57.000690 79.692093
-192.080338 -56.808399 69.723808
-190.861237 -56.665810 59.699669
-189.639572 -56.509590 49.654770
-188.432068 -56.264725 39.726463
-187.187195 -56.109791 29.482382
-186.566879 -55.944126 19.241459
-186.325195 -55.865387 8.992034
-186.079239 -55.714062 -1.439666
-184.426559 -55.686691 -11.638645
-175.832108 -54.926792 -17.328936
-165.661804 -53.820114 -19.172949
-157.172729 -52.099678 -14.174672
-155.717163 -50.879097 -4.132166
-155.440720 -49.679562 6.172153
-155.290543 -48.821964 16.689604
-155.514481 -48.032383 26.725939
-156.228714 -47.212524 37.189610
-157.806091 -46.423847 47.333946
-158.544006 -45.658337 57.309059
-157.953568 -44.651943 67.581131
-153.832611 -43.049999 76.837997
-144.854233 -41.371067 80.939636
-135.734085 -39.301022 85.106026
-126.675270 -37.595737 88.995232
-116.830116 -35.959862 90.725685
-106.893051 -33.857342 89.829857
-97.176674 -31.640110 88.901627
-87.415703 -29.440195 87.849724
-77.543175 -27.152056 86.785805
-74.864143 -26.393627 96.465477
-80.108994 -23.797304 104.918472
-89.933800 -23.724722 107.907181
Custom
HailActor confused 3
-94.281357 -23.797222 107.587654
-84.205894 -23.797293 106.406883
-75.971352 -25.673235 100.595146
-69.447060 -25.559155 92.794708
-77.144470 -27.061203 86.492805
-86.793510 -29.205956 84.888077
-96.624992 -31.432423 84.586464
-106.520767 -33.730106 84.887604
-116.515999 -35.999672 83.180832
-124.555916 -37.235809 77.029594
-129.620850 -37.737114 68.353539
Custom
Target powderkeg
-129.170807 -37.672897 64.306068
Wait
50
-129.170807 -37.672897 64.306068
-119.189301 -37.878349 64.883698
-108.794304 -38.139946 65.166283
Custom
Target powderkeg
-105.765038 -38.123222 65.190742
Wait
50
-105.765038 -38.123222 65.190742
-104.055458 -37.717209 55.032364
-99.854271 -37.668900 45.951462
-93.657921 -37.670307 38.065514
-85.949951 -37.735565 31.059679
-78.234093 -37.735069 24.640554
-76.834961 -37.852665 23.607658
Custom
Target powderkeg
-66.993004 -37.840492 23.845921
Wait
50
-66.993004 -37.840492 23.845921
-76.168625 -37.733101 19.735765
-85.306984 -37.393471 15.653410
-91.960480 -37.728794 10.060544
Custom
Target powderkeg
-90.962082 -37.837315 4.938869
Wait
50
-90.962082 -37.837315 4.938869
-91.627274 -37.728058 8.900201
-99.321190 -37.715252 2.170312
-106.895828 -38.015068 -5.120511
Custom
Target powderkeg
-112.294868 -37.924652 -10.570699
Wait
50
-112.294868 -37.924652 -10.570699
-104.732430 -37.906643 -3.702962
-99.571838 -37.719753 4.915000
-97.824211 -37.172756 15.107218
-98.402496 -37.154949 25.369507
-98.553185 -37.723694 35.491024
-99.076614 -37.705109 45.525826
-104.731850 -37.717281 54.190601
-112.919418 -37.733780 60.510620
-122.550766 -37.736259 64.470886
-131.125214 -37.473354 70.454018
-125.467033 -37.791824 78.697014
-125.601440 -37.468086 88.748924
-135.787704 -38.933804 89.086349
-145.248444 -40.840439 86.332207
-152.751083 -42.608360 79.778770
-156.222778 -44.116993 70.079361
-157.466156 -45.355576 60.146049
-158.305740 -46.245346 49.901371
-158.880875 -47.133015 39.679287
-159.458176 -48.024315 29.415197
-160.022903 -48.896160 19.375145
-160.607330 -49.798405 8.985017
-161.212753 -50.749599 -0.981713
-164.919769 -52.229424 -10.578383
-171.709717 -54.508099 -18.092257
-178.537292 -55.883160 -25.474995
-185.431427 -56.426933 -32.949009
-192.027695 -56.493340 -40.628494
-197.953125 -55.553844 -48.818386
-203.479675 -56.065861 -57.453541
-208.707748 -56.065861 -66.073753
-213.675858 -56.065861 -75.201553
-223.138046 -56.065861 -78.510376
-233.209503 -56.065861 -78.093498
-243.526047 -56.065861 -77.749649
-253.800674 -56.065861 -77.407867
-264.187469 -56.065861 -77.062347
-274.434052 -56.065861 -76.721497
-284.597351 -56.065861 -76.445648
-294.587616 -56.065861 -77.387276
Custom
HailActor Xuurk 5
-299.644653 -56.065861 -77.820641
-289.503357 -56.065861 -77.623932
-279.270050 -56.065861 -77.704117
-269.257507 -56.065861 -77.857895
-259.245453 -56.065861 -78.037209
-249.050110 -56.065861 -78.132858
-239.008270 -56.065861 -78.119225
-228.449677 -56.065861 -77.904930
-218.269211 -56.065861 -77.377274
-209.552841 -56.065861 -72.132950
-204.486404 -56.065861 -63.008663
-199.600174 -55.939316 -53.900642
-194.852951 -56.305710 -45.051708
-189.900116 -56.589687 -35.819656
-184.976959 -56.086262 -26.683218
Custom
WaitForMob Blackengrit 10
-184.523087 -56.038589 -25.860426
Custom
Target Blackengrit
-184.523087 -56.038589 -25.860426
Wait
100
-184.523087 -56.038589 -25.860426
-189.738388 -56.536095 -34.789898
-194.850143 -56.294384 -43.542107
-200.006577 -56.065861 -52.370766
-205.304474 -56.065861 -61.441673
-210.616501 -56.065861 -70.536804
-215.221237 -56.065861 -78.420868
-225.272720 -56.065861 -78.089394
-235.402618 -56.065861 -77.755310
-245.789459 -56.065861 -77.412766
-255.980164 -56.065861 -77.076691
-266.091766 -56.065861 -76.486488
-276.348206 -56.065861 -76.561165
ClickActor
zone_to_cabilis
-281.376129 -56.065861 -72.508652
Wait
50
-281.376129 -56.065861 -72.508652
Custom
DoorOption 0
-281.376129 -56.065861 -72.508652
Custom
WaitForZoning
-281.376129 -56.065861 -72.508652
-91.138252 31.590244 -1048.396973
-83.560921 25.815287 -1052.253784
ClickActor
Cabilis
-79.483459 23.063856 -1054.329102
Custom
WaitForZoning
-79.483459 23.063856 -1054.329102
100.821243 -10.497499 220.048477
90.753937 -10.497499 220.368195
80.656517 -10.497500 220.688873
70.544113 -10.497500 221.009995
60.423489 -10.497499 221.463776
Custom
HailActor Xuurk 6
51.718693 -10.497500 222.590790
