-3681.736084 -28.530157 51.656410
-3672.513428 -27.975203 56.041134
-3663.733643 -23.938145 59.302116
-3654.702637 -19.768160 61.884403
-3645.896729 -15.327552 64.395264
Wait
10
-3644.455811 -14.669992 64.806137
-3634.378418 -13.819465 62.821121
-3624.568115 -14.357304 60.052212
-3614.879883 -13.340162 56.664841
-3604.933105 -12.403296 52.649658
-3595.732178 -10.904094 48.552208
Wait
10
-3591.086426 -10.357570 46.468781
-3581.947998 -10.523423 42.112785
-3572.094238 -12.119173 38.188335
-3562.167969 -12.813923 35.117081
-3552.504883 -12.114421 32.535706
-3543.227783 -8.516259 29.868193
-3534.215820 -4.592031 26.963966
-3525.173096 -0.946012 24.441826
Wait
10
-3522.297363 -0.326288 23.640907
-3512.130127 -0.026990 22.495428
Wait
20
-3510.753418 -0.021145 22.426176
-3508.808594 -0.436379 32.490208
-3506.168701 -2.483488 42.142151
-3502.718262 -3.294406 51.796970
DontStopForCombat
-3499.198486 -3.225757 61.471458
Named
Honu
StandardNamed
SameLock
DontKillAdd
DontMoveBehind
-3485.224609 -0.011065 81.973027
StopForCombat
-3490.192383 -0.950415 74.179611
-3499.192383 -3.220415 60.909611
-3502.537109 -3.303972 51.398491
-3505.854492 -2.473579 41.962704
-3508.577148 -0.397610 32.215244
-3508.129639 -0.009266 21.749147
-3507.468262 -0.002328 11.363630
-3506.735352 0.002500 0.829460
-3505.276611 0.002500 -9.220084
Wait
10
-3504.279053 0.002500 -17.164730
-3512.259277 0.002500 -23.826300
-3520.106934 0.286370 -30.817465
-3526.937500 2.830767 -37.967701
-3533.399902 5.546915 -45.563438
-3539.572754 8.416832 -53.200275
Wait
10
-3545.158203 10.060071 -61.226250
DontStopForCombat
Named
Yu'lua
StandardNamed
SameLock
DontKillAdd
DontMoveBehind
-3553.138184 10.192388 -67.359978
StopForCombat
-3558.191406 10.192388 -76.472221
-3558.940918 10.192388 -87.165833
-3558.239746 10.192388 -97.630783
Wait
10
-3558.109131 10.192388 -99.327637
-3553.210693 10.192388 -108.103706
Wait
20
-3549.993652 10.192388 -112.522728
-3540.441895 10.124688 -109.364090
-3530.408203 9.730798 -108.120667
-3520.090820 10.240467 -106.869301
-3510.230713 12.054962 -105.673363
-3500.409912 15.463963 -104.648003
-3490.994873 19.703077 -104.778114
-3485.678467 20.011656 -113.320938
-3485.291016 19.589922 -123.428452
-3484.805664 19.641989 -133.753189
Wait
20
-3484.226318 20.755106 -140.997849
-3474.414551 20.182404 -143.211090
-3464.027100 19.534081 -144.825119
-3453.978027 18.665073 -146.291428
-3444.024902 18.610561 -147.743668
-3433.733643 18.182951 -148.008316
Wait
10
-3432.068359 18.182951 -148.359009
-3424.738525 18.182951 -155.324860
-3416.468750 18.182951 -161.170609
Wait
20
-3411.413574 18.182951 -164.131882
-3404.926514 18.182953 -156.093155
-3399.056885 17.899399 -147.708282
Wait
10
-3398.487793 17.646629 -146.914734
-3388.365723 18.192600 -148.858231
Wait
10
-3388.365723 18.192600 -148.858231
-3390.341064 17.666643 -158.907837
-3392.613770 17.981947 -169.429214
-3395.536133 18.182951 -179.386612
-3399.133545 19.567341 -188.715805
-3402.552979 24.465826 -196.792023
-3406.057861 30.894255 -203.843277
-3411.112061 35.707119 -211.356995
Wait
20
-3414.646729 34.946903 -215.780609
-3418.148926 36.843143 -206.404434
-3421.640869 41.680119 -198.030518
-3424.537354 47.640965 -190.482224
Wait
20
-3428.009033 51.309326 -182.082535
-3432.217285 53.132732 -173.132416
-3434.934326 58.229610 -164.674637
-3437.614746 65.008316 -157.692505
Wait
20
-3438.764160 66.702637 -150.030518
-3436.315674 62.998695 -159.168793
-3434.332031 56.916790 -166.920502
-3432.133545 52.078899 -175.458252
-3428.139404 51.041248 -184.626312
-3424.242920 45.916225 -192.410034
-3420.314697 40.129898 -200.256165
-3416.042969 36.029972 -208.788284
Wait
20
-3413.361572 35.339859 -213.709213
-3408.340332 33.098110 -205.250534
-3404.557861 26.519690 -198.597198
-3400.471191 20.851862 -190.959198
-3396.020508 18.182951 -182.081497
-3392.391113 17.925611 -172.576859
-3390.340332 17.643917 -162.786255
-3391.092041 18.187180 -152.331741
-3394.631836 17.330576 -142.541260
Named
Kaimanu
CustomNamed
-3395.301270 17.157639 -140.931152
-3416.725586 18.182951 -156.557587
-3410.112549 18.182951 -164.379501
-3404.112793 18.182951 -172.474640
-3399.448242 18.182951 -181.626541
Wait
20
-3397.329590 18.323738 -186.848862
-3402.120361 22.963614 -194.425598
-3406.235840 29.157803 -201.542099
-3410.146240 35.422424 -208.561539
Wait
20
-3415.348389 34.731434 -216.824417
-3416.448486 36.475945 -206.879471
-3420.269775 41.161705 -198.478622
-3423.855225 46.875446 -191.094559
-3427.702637 51.266991 -182.932495
-3431.971436 52.727219 -173.939224
-3434.748535 57.705570 -165.580139
-3436.503906 64.291496 -157.797089
-3438.159180 66.814667 -148.153992
Wait
30
-3439.009277 66.730240 -143.258347
Custom
ClickActor "clickable statue that removes the lava barrierl -DNT" 0 1
-3439.009277 66.730240 -143.258347
Wait
30
-3439.009277 66.730240 -143.258347
-3437.414307 66.223938 -153.336929
-3435.340088 63.080776 -162.888687
-3433.583252 55.796249 -170.184433
-3430.991943 51.183563 -178.752701
-3426.229492 50.306496 -188.083145
-3422.574219 43.409130 -195.127304
-3418.702637 38.281837 -203.110153
-3414.482422 35.524925 -211.916168
Wait
20
-3413.764893 35.335499 -213.413193
-3407.716553 35.070908 -205.500580
-3404.121338 26.458136 -198.703568
-3400.395508 20.832403 -190.946411
-3397.538574 18.182951 -181.520767
-3399.808350 18.182951 -171.733139
-3407.163086 18.182951 -164.761749
-3416.786377 18.182951 -160.878677
-3425.602051 18.182951 -155.109863
-3431.604980 18.182951 -146.738724
Wait
20
-3434.523438 17.760958 -139.187210
-3433.822754 15.778624 -129.019180
-3432.690430 13.603668 -118.679352
-3431.414307 12.311684 -108.576141
-3429.882568 12.546198 -98.414757
Wait
10
-3429.044189 12.004026 -94.799988
-3421.677734 12.210057 -87.479111
Named
Hamanu'akaloa
StandardNamed
SameLock
DontKillAdd
MoveBehind
-3415.912354 12.123603 -82.666954
-3405.703857 12.107109 -82.519989
-3395.454590 12.110972 -81.982483
-3385.685059 12.110960 -79.048187
Wait
20
-3384.142334 12.108169 -77.728516
-3382.689941 12.234982 -67.269112
-3381.272217 12.556037 -57.061867
Wait
20
-3381.231934 12.576518 -56.771702
-3372.148193 13.530507 -52.428947
Wait
20
-3367.196289 13.825060 -50.327248
-3366.196533 15.221294 -40.460384
-3365.120850 17.991081 -30.521626
Wait
10
-3364.083740 21.378593 -21.523006
-3361.536621 20.512995 -16.667505
-3351.620850 20.116343 -14.575077
-3341.402100 20.578796 -15.231776
-3331.207275 20.261255 -14.585627
Wait
10
-3329.308838 20.019958 -14.365467
-3324.904785 20.036968 -5.188838
-3322.843262 17.086727 4.391932
-3321.331543 13.300318 13.925632
-3319.952881 9.966208 23.662836
-3322.890137 10.002500 33.447636
-3330.221924 10.002500 40.614822
-3339.031250 10.002500 45.909302
-3347.497803 10.002500 51.658237
-3354.092041 10.002501 43.791992
-3361.584717 10.002500 36.804901
-3369.880371 10.002501 30.933910
Wait
10
-3372.630371 10.002500 31.118025
-3367.986572 10.002501 40.397068
-3363.633057 10.002501 49.703506
-3360.300781 10.002500 59.296570
Wait
10
-3357.120117 10.002500 68.010941
-3347.031738 10.002500 66.332733
-3336.946045 10.002500 65.636162
Wait
20
-3327.589355 10.002500 65.555664
Named
Clotl'thoa
CustomNamed
-3334.001270 11.490292 76.188400
-3332.341309 10.002501 60.835911
-3341.107178 10.002501 56.013569
-3349.985596 10.002500 51.034996
Named
Armoloch
StandardNamed
SameLock
DontKillAdd
MoveBehind
-3357.943604 10.002501 46.503639
-3347.849365 10.002501 45.389236
-3337.875000 10.002501 43.719715
-3328.573486 10.002501 39.499905
-3321.685303 10.002500 32.047485
Wait
20
-3320.028809 9.618757 25.744150
-3321.953857 12.597667 16.308620
-3322.798096 16.197706 6.738501
-3324.226807 19.828306 -2.552813
-3327.359131 20.003057 -12.272141
-3334.253906 21.260916 -19.451992
-3344.799805 21.263020 -19.154676
-3354.725830 20.389923 -17.601671
-3363.900146 21.342333 -21.666035
-3364.703125 17.728262 -31.226860
-3365.892822 15.094791 -40.966640
-3368.248047 13.763839 -50.775055
-3375.011719 12.804821 -58.282692
-3382.539307 12.210057 -65.335754
-3388.884521 12.479543 -73.321114
-3397.731201 12.109574 -78.337128
-3406.978027 12.106935 -82.267479
-3416.270020 12.210057 -86.372047
-3424.673828 12.237075 -92.152306
-3429.789063 12.507412 -100.905556
-3431.589844 12.415455 -110.775185
-3432.408447 14.043720 -120.853546
-3433.127930 16.390026 -130.828781
-3434.909180 17.948336 -140.841476
-3442.649414 18.182951 -147.202347
Wait
20
-3444.263184 18.356146 -147.912994
-3454.628174 18.691725 -146.547394
-3464.692871 19.688488 -145.361832
-3474.887939 20.107319 -144.041519
-3482.351563 19.652279 -137.307175
-3483.323242 19.757032 -126.982979
-3486.278809 20.007092 -117.289528
-3491.801514 19.298237 -108.673637
-3500.800537 15.026200 -105.767853
-3510.562256 11.986583 -105.986923
-3520.415771 10.193648 -106.580513
-3530.541504 9.667281 -107.576416
-3540.666504 10.128430 -108.578384
-3550.748779 10.192389 -108.518692
-3557.287109 10.192388 -100.230736
-3558.542725 10.192388 -90.106720
-3555.163086 10.192388 -80.679466
-3550.006592 10.192389 -71.636482
-3544.674805 10.080301 -62.625729
-3538.669922 8.536777 -54.030895
-3532.571533 5.622758 -46.203888
-3526.433105 2.890310 -38.428661
-3520.421387 0.323273 -30.814131
-3514.166260 0.002500 -22.890574
-3507.799805 0.000809 -14.617945
-3504.158936 0.002500 -5.261381
-3506.012207 0.002500 4.608318
-3510.645996 -0.014541 14.058867
-3518.192383 -0.123353 20.797575
-3527.087158 -1.557141 25.682898
-3536.001465 -5.749586 28.770294
-3544.945313 -9.420000 31.513792
-3554.179688 -12.352879 34.048473
-3564.098633 -12.680920 36.641880
-3573.865723 -11.635650 39.195442
-3583.324951 -10.396191 42.518364
-3592.626221 -10.328653 46.440830
-3601.795410 -11.837609 50.510864
-3610.893066 -12.881094 54.626095
-3620.150879 -13.848870 58.808834
-3629.679443 -13.069587 62.245575
-3639.510010 -15.131250 64.042358
-3649.565186 -17.038284 63.523014
-3658.597900 -21.625479 61.305325
-3667.787598 -25.789007 58.350719
-3676.801758 -28.506029 54.177807
-3682.984131 -28.652868 46.149563
-3682.543213 -28.904379 36.113697
-3682.467529 -28.928648 35.140129
