162.925140 -49.887575 54.988393
152.925140 -50.217575 54.888393
DontStopForCombat
142.652206 -50.215305 55.170479
132.663895 -49.674290 55.400600
Wait
20
123.559792 -49.157486 55.842903
Custom
WaitMob invoker
123.559792 -49.157486 55.842903
Wait
20
117.852356 -48.978981 63.411072
Custom
WaitMob invoker
117.852356 -48.978981 63.411072
Wait
20
111.751419 -48.920631 66.487144
Custom
WaitMob invoker
111.287216 -49.235046 67.656578
Wait
20
102.678741 -48.918358 64.604713
Custom
WaitMob invoker
102.678741 -48.918358 64.604713
Wait
20
97.317093 -49.161957 56.179249
Custom
WaitMob invoker
97.317093 -49.161957 56.179249
Wait
20
99.999474 -49.251682 46.892128
Custom
WaitMob invoker
99.999474 -49.251682 46.892128
Wait
20
108.099068 -49.234093 43.056587
Custom
WaitMob invoker
108.099068 -49.234093 43.056587
Wait
20
116.250046 -49.254562 44.981468
Custom
WaitMob invoker
116.250046 -49.254562 44.981468
123.146111 -49.174759 52.702076
132.952057 -49.674290 55.170582
143.089951 -50.215542 55.036339
149.407288 -50.216843 54.944294
147.606644 -50.216030 55.706429
146.833649 -50.351166 45.252411
146.406219 -50.350960 34.815125
146.641052 -50.352119 24.800987
Named
Sha'Kaz
CustomNamed
146.741119 -50.353832 20.817495
StopForCombat
148.111572 -50.354752 20.001871
138.126678 -50.350018 22.059406
128.046860 -50.350941 22.739107
117.957542 -50.350815 22.920805
Wait
20
108.087044 -50.215927 22.434690
109.082481 -49.674290 32.568703
Wait
20
109.814278 -49.157383 39.989635
120.155945 -49.157383 39.590164
Custom
Target rings TRUE
122.746544 -49.157383 39.489437
123.436783 -49.162445 49.998062
124.294647 -49.157383 60.380527
Custom
Target rings TRUE
125.088051 -49.162289 70.271126
115.090790 -49.157383 70.668617
104.839050 -49.157383 71.015327
Custom
Target rings TRUE
96.005325 -49.176739 71.564423
94.193848 -49.157383 61.031261
93.403412 -49.266914 50.897369
92.633217 -49.674290 40.863174
Custom
Target rings TRUE
92.491364 -49.674290 39.285805
101.807938 -49.435825 35.235352
Wait
20
109.050072 -49.674290 30.680666
109.884071 -50.216038 20.724010
Wait
20
110.022423 -50.216537 18.647879
DontStopForCombat
120.077553 -50.353519 19.710926
130.230087 -50.350796 20.800316
140.282578 -50.350559 22.148651
Named
Sha'Kaz
CustomNamed
148.997955 -50.353748 23.277557
145.315033 -50.352661 22.183298
135.123230 -50.350140 21.864473
125.117203 -50.351608 21.975319
115.071915 -50.351410 22.215738
Wait
10
111.781868 -50.216938 22.321253
101.591469 -50.351040 22.647198
91.514458 -50.350693 23.063877
81.285675 -50.349148 23.479807
Wait
20
75.729652 -50.351189 23.682798
76.534744 -50.349045 33.707142
77.158089 -50.348747 43.946751
77.340187 -50.216446 53.981133
Wait
10
77.431374 -50.215546 55.805855
77.930542 -50.348370 65.794357
78.430489 -50.348118 75.819588
78.695511 -50.349594 86.005943
Wait
20
78.791481 -50.350998 89.438103
88.991211 -50.350372 88.987106
99.207886 -50.351097 87.897568
Wait
10
108.567513 -50.215408 86.847343
118.679901 -50.349949 86.496895
128.866180 -50.350182 86.785545
139.127640 -50.349182 86.161880
Wait
20
142.712265 -50.350498 85.763191
143.146439 -50.349400 75.589722
143.859024 -50.349743 65.323807
144.728912 -50.215496 55.344757
Wait
10
144.728912 -50.215496 55.344757
Wait
200
144.728912 -50.215496 55.344757
Named
Echo
CustomNamed
144.728912 -50.215496 55.344757
Custom
Evac TRUE
108.728912 -48.845496 55.344757
