Mysterious Mark
Custom
ClickActor "speared remains"
99.757668 -37.208923 -190.547867
Custom
ExamineItem "a Mysterious Symbol"
99.757668 -37.208923 -190.547867
89.829567 -36.457443 -191.552643
79.758560 -35.141979 -190.677261
71.694374 -34.969799 -184.730606
71.231316 -34.084492 -174.655594
68.930489 -32.601112 -164.904190
70.293800 -31.558537 -155.011826
71.663345 -32.333923 -144.904892
75.055443 -32.200546 -135.368774
80.091675 -32.315292 -126.635254
88.495392 -32.551216 -120.959869
89.521904 -32.641556 -110.787605
82.840149 -32.893337 -103.046234
75.666389 -32.356720 -95.704453
71.344948 -32.501926 -86.451324
70.754829 -31.337748 -76.527946
70.674942 -26.955927 -67.303436
70.654762 -23.579023 -57.877735
70.599632 -23.166023 -47.879036
70.543724 -23.113838 -37.737099
70.489792 -20.586765 -27.953279
70.615753 -16.911758 -18.614944
70.544510 -14.610021 -8.858102
66.945999 -13.544954 0.534220
59.884659 -14.250126 7.616120
50.638615 -12.676043 11.521497
41.020012 -9.753544 11.850856
31.254047 -6.896489 11.783776
21.011827 -6.307992 11.059723
11.227145 -4.236053 8.580099
2.514415 -2.075065 3.555842
-6.146627 -0.820124 -1.621637
-16.266052 0.025564 -2.693747
-24.964584 -0.081971 2.302120
-30.692394 -0.068806 10.699423
Custom
ZoneDoor exit_to_innothule_upper
-33.693886 -0.032691 17.155254
721.550537 147.565048 -907.746277
720.799744 147.276794 -897.579956
722.768066 147.284027 -887.322205
725.516846 146.925583 -877.347351
728.676819 147.126785 -867.679565
732.400818 146.867249 -858.385315
735.980713 147.076065 -848.931519
739.695251 146.673813 -839.212585
743.178528 146.444839 -829.508667
744.005432 146.243912 -819.159973
745.322449 145.313965 -809.248779
747.418457 150.989288 -801.004028
750.084778 153.739441 -791.585205
752.912537 151.122971 -782.273926
757.655640 147.251694 -774.312134
763.772278 144.826065 -766.363770
768.717529 146.564011 -757.690125
768.647278 151.462616 -748.621826
767.917542 154.649353 -738.800659
768.912415 156.660706 -729.018188
771.949646 158.118057 -719.525024
776.390259 159.386658 -710.259277
781.751282 160.391220 -701.476868
786.965515 161.368378 -692.941101
792.792908 162.155869 -684.449158
798.863464 162.797440 -676.427246
804.869202 162.930267 -668.217712
808.701660 163.110092 -658.534058
809.142456 163.128616 -648.424194
808.442017 163.321442 -637.909851
807.709534 163.100998 -627.589294
807.063049 162.755127 -617.492859
804.992310 162.279099 -607.505493
802.362549 161.550476 -597.658752
799.256836 161.003448 -587.830811
796.569031 160.301163 -577.918762
793.428406 159.595612 -568.185913
789.958496 158.070984 -558.825317
786.441956 156.499466 -549.338867
782.932190 154.675842 -539.870361
779.462097 152.833954 -530.509399
776.414063 150.763977 -520.795776
775.528687 148.688065 -510.825470
775.916687 146.143524 -500.830658
775.908203 143.185516 -491.223816
772.629639 141.001907 -481.801086
765.217529 139.736572 -474.664673
755.068115 139.715790 -473.059906
745.093811 137.964935 -472.645630
734.981018 136.470169 -472.348358
724.677002 135.867767 -472.045471
714.925964 132.837509 -471.819305
706.645996 127.161407 -471.682770
696.377258 126.896996 -471.516357
686.298279 126.243027 -470.854706
676.642029 123.748436 -470.122650
668.687378 117.333351 -469.987427
659.339294 113.438148 -469.719696
649.125732 111.514389 -469.156006
639.367126 109.641670 -467.971832
629.630188 106.804153 -466.622589
619.805603 104.553360 -465.209900
609.947632 101.834702 -463.239380
601.075439 98.706306 -459.485931
595.977478 95.109520 -451.614471
593.733704 91.555740 -442.168396
592.880371 88.133942 -432.464661
594.630981 84.915390 -423.097321
596.666443 81.682503 -413.598969
598.425476 78.342545 -404.199646
600.052246 74.665390 -394.777008
601.340576 70.904030 -385.263062
602.603271 66.784576 -375.880768
603.845459 62.730888 -366.650024
605.097778 58.505627 -357.343506
606.360474 54.361984 -347.961151
607.625488 50.298820 -338.559937
608.865112 46.291809 -329.309692
610.115479 44.110165 -318.788788
610.651917 43.157703 -308.514069
611.245483 36.710232 -300.772125
611.931824 34.832958 -290.793610
612.546692 34.723740 -280.791077
613.289490 33.354630 -270.528900
613.647583 27.119574 -262.561768
613.992676 21.895828 -253.618042
613.399780 20.303831 -243.575775
610.903564 18.435690 -233.621811
607.347656 16.364229 -224.459991
602.760254 16.163897 -215.247650
597.286743 15.939734 -206.650787
575.117126 48.696720 -175.632980
551.611816 78.318115 -142.749420
531.538147 113.789261 -113.504745
511.488098 149.218872 -84.294502
492.005188 164.003448 -40.425541
495.152405 199.573227 -5.373520
518.019775 236.730682 19.566641
549.573914 259.121246 51.394417
582.761658 280.673920 82.445786
617.337402 297.452240 114.946701
649.740479 321.697174 144.536285
683.709778 342.222412 175.034729
718.552856 359.700043 206.926468
756.306519 359.698822 240.165375
794.465271 359.698822 272.483459
832.714966 359.698822 304.878510
870.995056 359.698822 337.299377
876.536804 374.609833 384.855408
858.686829 390.771667 429.032318
854.024536 390.771667 478.839935
892.369019 390.610626 511.395508
942.377014 394.672180 509.222351
987.596863 413.532257 498.567322
1035.503906 428.087891 502.626770
1063.874390 455.000732 534.220154
1097.846436 457.741211 570.889954
1136.426025 478.863922 595.327026
1180.701294 493.901489 613.939514
1226.842041 497.695953 633.260315
1273.130737 497.695953 652.643005
1319.493164 497.695953 672.056519
1365.891357 497.695953 691.485718
1412.015259 497.695953 710.799255
1458.341309 497.695953 730.197388
1504.668213 497.695953 749.595154
1551.214722 497.695953 769.085327
1597.265381 493.894470 788.306824
1643.230103 488.479614 807.816406
1689.301514 483.060852 827.381165
1735.227417 477.659088 846.884155
1780.989624 472.276398 866.317505
1820.680420 468.478485 896.955627
1848.741821 462.525665 938.256775
Custom
FlyDown
1862.877808 458.938873 957.939453
1869.006226 453.270081 963.955627
1876.348511 453.186584 971.170715
1883.254639 453.186584 978.523376
1889.540039 453.186584 986.693787
1896.439941 453.186584 994.318542
1903.543945 453.338440 1001.495056
Custom
ClickActor mariners_bell
1910.022217 453.186584 1007.353210
Wait
50
1910.022217 453.186584 1007.353210
Custom
TravelMap "Jarsath Wastes"
1910.022217 453.186584 1007.353210
-303.517700 -46.089073 1397.618652
-275.258392 -5.420480 1389.599121
-233.024887 21.192591 1392.451050
-183.072708 25.521965 1396.248169
-133.073349 28.318432 1400.048828
-82.917412 28.318758 1403.859253
-32.957367 28.319016 1406.084595
15.948587 19.504004 1400.084839
61.206917 0.521140 1390.097900
103.167076 -24.917826 1380.417969
Custom
FlyDown
122.193344 -35.076866 1374.852295
122.174232 -47.583260 1374.865112
129.288239 -47.063023 1382.070923
Custom
HailActor "Gamble Blitherton" 8
130.200638 -48.556217 1389.957642
127.550781 -47.132355 1380.222046
124.867088 -46.139111 1370.361328
122.692879 -45.220486 1360.233887
121.356987 -44.155102 1350.282837
122.265610 -42.217556 1340.495483
122.316513 -40.332352 1330.414063
121.797516 -38.367222 1320.612061
121.512199 -35.075027 1310.920654
121.695068 -31.528419 1301.418579
121.896118 -33.180462 1291.496216
120.840126 -31.873880 1281.304688
119.152252 -30.246849 1271.369141
117.139450 -29.513195 1261.552124
114.973495 -28.945299 1251.553345
112.355743 -28.147985 1241.839966
109.746826 -26.736664 1232.084595
107.162613 -25.602232 1222.421631
104.312477 -25.409851 1212.760376
100.079147 -26.979689 1203.610229
94.868195 -29.852446 1195.366089
90.017380 -32.846405 1187.059082
86.215408 -35.882133 1177.907593
86.348000 -37.224079 1167.978027
91.849800 -37.972485 1159.323486
101.020973 -37.922382 1155.210693
111.062950 -37.367931 1154.971924
121.307022 -36.850029 1156.422974
131.508667 -36.544979 1157.902466
141.388519 -37.192673 1159.335327
151.344040 -39.191307 1160.778809
161.545609 -39.481926 1162.258423
171.747177 -39.623516 1163.738159
181.835236 -39.741138 1165.201416
192.112518 -39.458107 1166.691772
202.314117 -39.188019 1168.171143
212.421036 -39.010159 1169.637085
222.319794 -38.951855 1171.072876
232.313187 -39.230007 1172.522095
242.268738 -39.515968 1173.966187
252.142792 -39.213600 1175.751099
262.024200 -38.149792 1178.325439
271.363739 -36.006630 1181.833252
280.246674 -33.736374 1186.286377
288.255829 -30.791540 1192.006104
295.873962 -28.547550 1198.528198
302.337982 -26.199427 1206.201172
305.768677 -23.557968 1215.310059
308.149689 -22.297220 1224.966064
310.783722 -22.126970 1234.951660
313.252686 -24.947739 1244.506104
316.243805 -29.405140 1253.333862
319.866577 -34.665428 1261.034790
323.921844 -38.696037 1269.263916
329.347870 -42.254330 1277.489258
Custom
PathKill 52 35 35 1 1 1 "a Yha-lei" "I have the artifacts that Gamble desires! Let's hope he tells me what I want to know" 1
333.153503 -43.508526 1281.337646
342.805267 -44.283916 1278.271973
352.400909 -44.893986 1275.224365
362.243103 -45.539707 1272.098633
371.831970 -46.042942 1269.127441
381.753113 -46.955353 1267.060547
391.843506 -48.160255 1265.946899
401.870361 -47.052174 1265.134644
411.733429 -44.909729 1264.439697
421.731781 -47.300819 1263.759888
431.882874 -47.323952 1263.069580
442.025909 -46.617962 1262.100586
451.867157 -45.943939 1259.794556
461.526001 -45.379662 1256.096436
471.138794 -45.993263 1252.217773
480.514526 -46.321232 1248.222168
489.502472 -46.348404 1243.791626
498.242554 -46.197495 1238.344604
506.162445 -45.566074 1231.981445
514.254028 -44.572681 1225.454224
513.052002 -42.395718 1215.432129
506.589844 -41.179703 1207.609741
497.527374 -40.063919 1203.085815
488.433533 -37.005039 1199.654175
479.827576 -31.871536 1197.216309
470.414154 -34.175171 1194.684692
460.828949 -32.735928 1191.830688
451.476685 -37.236191 1191.731079
442.334503 -41.209694 1192.754028
432.879547 -37.792156 1193.710938
422.929779 -38.892113 1195.947144
413.581665 -40.550953 1199.626709
403.809326 -41.128281 1202.550537
394.060181 -40.387611 1200.420288
393.539398 -37.469265 1190.686523
396.895538 -33.084457 1182.107544
401.307770 -27.982267 1174.411621
404.453766 -25.388222 1165.229370
402.774078 -25.445038 1154.997070
400.553680 -23.206154 1145.364624
399.260712 -22.195248 1135.476318
397.330322 -19.343248 1125.994995
393.402954 -15.799234 1117.297852
388.925781 -13.644074 1108.597046
385.034546 -13.320278 1099.150024
382.774200 -17.194464 1089.872070
380.992889 -14.872920 1079.893555
379.709442 -12.291329 1070.187622
378.228424 -16.860683 1061.312256
375.015869 -16.626282 1051.781738
369.365234 -13.286517 1044.039795
362.641266 -8.166407 1038.130859
365.667847 -8.803391 1028.616943
333.297668 -43.521893 1281.291016
333.297668 -43.521893 1281.291016
334.979736 -41.692528 1271.458984
336.504272 -40.130058 1261.592163
334.131104 -37.833221 1251.798584
329.643738 -34.293697 1243.230713
323.539001 -29.674910 1236.417603
316.433441 -25.514097 1230.067383
308.737122 -22.624857 1224.138794
300.455505 -21.380756 1218.462280
291.865387 -22.540077 1212.942017
283.173645 -24.718702 1208.272339
274.316010 -27.890812 1203.626221
265.695282 -30.290411 1199.104736
257.244019 -33.436737 1194.671997
248.691101 -36.516106 1190.186035
239.613190 -37.476170 1185.424194
230.552216 -38.339901 1180.671509
221.389618 -38.617329 1175.865479
212.314606 -39.038704 1171.599121
202.469238 -39.176266 1169.439209
192.271591 -39.418114 1168.606445
182.147705 -39.579956 1167.808472
171.909470 -39.353230 1167.001099
161.938110 -39.406425 1166.214966
151.718964 -38.525089 1165.409424
141.900146 -36.397194 1164.635376
131.947861 -34.900757 1163.850830
121.766716 -34.700851 1163.047852
111.623680 -35.502277 1162.248291
101.438232 -36.486488 1161.524902
91.984375 -37.003147 1164.817871
84.838646 -36.898258 1172.136230
79.972931 -37.016285 1181.202271
79.813286 -36.539375 1191.394775
80.309669 -36.222099 1201.594482
81.956444 -36.349426 1211.610352
84.426132 -36.217598 1221.445190
87.429482 -36.900360 1231.226074
90.432838 -37.880764 1241.006836
93.430595 -38.674820 1250.769653
96.043159 -39.027916 1260.773682
98.241592 -39.691456 1270.571045
100.465149 -40.402969 1280.480103
102.807335 -40.926620 1290.340454
105.550873 -40.715912 1300.098267
108.296768 -40.333469 1309.855347
110.980530 -41.736359 1319.391724
113.726440 -42.581982 1329.149048
116.657562 -43.363140 1338.831543
119.839584 -44.195255 1348.475464
123.033653 -44.868320 1358.095337
126.191330 -45.460075 1367.706665
129.111282 -46.349285 1377.252563
130.155975 -47.859573 1387.419556
Custom
HailActor "Gamble Blitherton" 4
129.868958 -48.523945 1389.411865
122.291977 0.924099 1390.198242
83.475578 32.216984 1394.866699
33.357731 33.438988 1397.511719
-16.598137 33.438427 1400.147217
-66.772331 33.437859 1402.794189
-116.906807 33.437286 1405.438721
-167.040894 33.436707 1408.083130
-212.486465 12.543386 1411.722900
-255.520370 -13.556507 1414.055298
-298.917480 -39.085388 1413.755493
Custom
FlyDown
-301.226013 -40.663692 1413.380005
Custom
ClickActor mariners_bell
-307.983917 -46.064316 1410.785156
Wait
50
-307.983917 -46.064316 1410.785156
Custom
TravelMap "Butcherblock Mountains"
-307.983917 -46.064316 1410.785156
741.465210 24.002501 524.272339
741.267761 24.002501 534.378113
740.723267 24.002501 544.498596
739.918823 24.870007 554.429749
735.999268 25.911055 563.900879
726.745361 24.366732 567.482422
716.773621 23.127678 569.248779
706.465820 24.002501 570.578735
696.374329 24.002501 571.715576
686.286987 24.002501 573.873413
676.289917 24.002501 575.814026
666.132263 24.002501 576.255127
656.084167 25.911055 575.987976
646.024353 25.911055 575.983276
635.987915 26.002501 576.118225
626.814697 25.911055 580.557068
623.676208 25.911055 590.213989
623.847412 25.911055 600.229553
625.587524 25.911055 610.481384
630.178223 26.401472 619.700439
638.248230 23.851324 625.423767
648.248413 23.932863 627.492065
Custom
HailActor "Drarson McCale" 7
656.918579 23.996750 622.540100
Wait
50
656.918579 23.996750 622.540100
Wait
450
46.949314 2.231899 3.784975
Custom
HailActor "Drarson McCale" 5
37.892426 0.309630 3.533176
