Piercing the Darkness: A Very Fortunate Turn of Events Part III
Custom
ExamineItem "Benosch Ironsprocket's Enchanted Field Guide to Luclin" 1 1 1 2
146.721024 -510.724182 4.283753
132.855881 -510.724182 5.447670
122.855171 -510.724182 6.276390
112.943832 -510.724182 7.714726
102.990768 -510.856201 9.191625
93.064415 -511.814697 10.664560
83.146973 -511.814697 12.136174
73.309952 -511.814697 14.235862
63.516193 -511.814697 16.541994
54.351280 -511.814697 20.729292
Custom
ZoneDoor zone_from_ts_sigline_seru_tradeskill_room
50.999199 -511.814697 24.160563
-203.449615 179.799500 95.322411
-212.925461 179.785141 91.458405
-222.176025 179.752686 87.555946
-231.533463 179.758163 83.362434
Custom
Teleporter -240.899399 180.167099 79.115356
-233.550034 179.757965 82.467819
-196.789352 86.851440 288.682770
-190.719177 86.468933 296.683289
-179.433258 81.854668 282.159729
-182.638016 81.857491 272.512207
-187.447952 81.862747 263.723999
-195.524460 81.875023 257.520325
-203.831680 81.878021 251.618637
-211.516647 81.871094 245.108154
-218.494720 83.408012 238.032715
-224.956375 87.475609 231.480911
-232.129791 87.645119 224.207367
-238.846237 87.646149 216.749832
-245.559814 87.637848 209.235413
-252.273392 87.633842 201.721024
-259.106049 87.639313 194.073242
-265.819336 87.656395 186.558868
-272.506226 87.680649 179.074112
-278.829071 87.682327 171.300568
-284.063141 87.673325 162.477951
-288.255035 87.664497 153.165756
-292.276550 87.655769 143.818176
-295.563446 87.647346 134.305298
-298.527161 87.638824 124.508118
-301.847931 87.633377 114.452354
-305.211151 87.638885 104.744766
-308.308167 87.650024 95.009796
-311.356964 87.666183 85.426376
-314.247864 88.686096 75.836052
-316.924500 89.681580 66.126404
-319.027527 89.616943 56.312336
-321.147156 89.616943 46.420540
-323.996338 89.616943 36.513699
-329.847992 89.616943 28.282785
-337.680939 89.616943 21.984627
-346.342438 89.617119 16.710602
-355.778809 89.627808 12.768673
-365.421082 89.632263 9.774682
-374.991791 88.041206 6.818101
-385.047363 87.724243 4.045496
-395.061920 88.036392 2.934035
-405.090912 87.997009 1.013733
Custom
ZoneDoor "Zone from Sanctus Seru" "The Blinding"
-406.040131 87.997009 0.562333
Wait
50
705.155884 53.422195 688.157837
Custom
ExamineItem "Benosch Ironsprocket's Enchanted Field Guide to Luclin" 1 1 1 1 1 2
705.155884 53.422195 688.157837
691.983887 50.838879 674.344238
684.850708 49.874435 667.231689
677.756531 47.708973 660.157959
670.734619 45.973618 653.156311
663.613647 44.965450 646.055054
656.548889 43.718559 639.009888
649.455994 41.661503 631.936707
642.348999 40.543655 624.849487
635.059265 40.504772 617.579773
627.825500 41.021431 610.366272
620.577820 42.224037 603.138672
613.400635 43.139759 595.981262
606.349976 44.385071 588.950134
599.411926 46.438774 582.031372
592.361328 48.253586 575.000244
584.847412 49.192558 568.346802
575.807739 48.876503 563.467041
566.726013 48.835262 559.147156
557.428894 48.815434 554.724854
548.383057 48.658035 550.422119
539.319275 47.842190 546.110779
530.273438 47.334175 541.807922
521.227600 47.994484 537.505066
511.948425 48.220337 533.091248
502.902649 48.648273 528.788452
493.605560 49.242172 524.366089
484.577698 49.765965 520.071838
475.567749 50.935246 515.786133
466.404510 52.356842 511.719177
456.694397 53.086830 508.881592
446.856812 53.890362 506.202606
437.191742 55.543076 503.570648
427.565002 57.911777 500.949188
417.804108 59.814465 498.291107
408.177429 60.937973 495.669556
398.512390 62.257259 493.037628
388.904846 63.759254 490.421295
379.182220 64.537659 487.773682
369.287048 65.072769 485.079010
359.545288 65.732933 482.426178
349.899384 66.342010 479.799408
340.234283 66.248901 477.167450
330.454102 65.766800 474.504181
320.578125 65.273056 471.814758
310.836365 65.293930 469.161926
300.941132 65.321304 466.467285
291.237701 65.280838 463.824921
281.717377 64.449081 460.030670
273.225494 63.391090 454.546448
265.301849 62.578056 448.484039
257.361023 61.661709 442.252136
249.727646 60.200569 435.766022
242.222549 59.138138 429.052399
235.162857 58.461548 421.890198
227.971222 58.084885 414.918640
220.609848 57.924919 407.893036
213.147858 57.882290 400.771454
205.815247 57.882290 393.773285
198.290619 57.882290 386.720703
190.540237 57.631264 380.188049
183.063400 54.909668 373.885834
175.738525 51.876667 367.711761
168.018539 49.631996 361.204681
160.464630 47.971821 354.778534
152.717667 47.083645 348.397522
144.639786 46.437565 342.112091
136.555969 44.657856 335.964020
128.772736 42.488445 330.044495
120.768021 41.692215 323.956512
112.551460 41.473278 317.888123
103.920441 40.811718 312.239838
95.271111 40.492706 306.619110
87.320015 40.827480 300.514191
83.521698 41.405243 290.943634
80.493744 42.364876 281.257233
75.606010 47.605015 273.867615
70.029381 52.323490 266.727203
63.953495 49.528053 259.145782
58.208069 48.983810 250.603409
52.650547 50.475632 242.221725
46.848724 50.834126 233.888733
40.789185 49.695759 225.713562
34.264286 50.716969 217.793777
26.423174 53.280403 211.949677
16.769638 55.176819 209.484192
6.857983 56.361874 211.541092
-3.375757 56.506447 212.826279
Custom
ExamineItem "Benosch Ironsprocket's Enchanted Field Guide to Luclin" 1 1 1 1 1 2
-6.060683 56.563023 213.135117
-13.791198 56.079090 206.591446
-22.043823 56.291393 200.618881
-29.174828 56.057014 193.529190
-32.388012 52.392677 184.656372
-31.769342 46.465832 176.236099
-29.455378 39.509697 169.239609
-26.716845 34.406319 160.824448
-28.162521 40.650299 152.840332
-29.694609 45.149635 146.812469
-19.639847 44.819260 146.847198
-15.109838 39.155071 139.497726
-12.560286 31.636299 133.268829
-10.395365 24.444630 126.628250
-8.802394 17.588717 119.399895
-9.348562 11.826845 111.060379
-12.765548 7.035263 102.683273
-17.577499 6.880742 93.716896
-22.391870 7.302830 84.774422
-27.253347 7.949652 75.744446
-30.731075 7.476206 66.369629
-33.485340 6.859195 56.470570
-36.927212 6.768428 46.876854
-41.609608 7.079558 37.782330
-48.024086 6.106674 29.789900
-54.660450 4.615772 22.323866
-61.668472 3.701975 14.952266
-70.140488 3.712752 8.988910
-79.129799 4.768294 4.226509
-87.989517 6.331673 -0.230532
-96.929008 7.161640 -4.705760
-105.885475 8.479931 -8.964648
-114.696907 10.839776 -13.111998
Custom
ExamineItem "Benosch Ironsprocket's Enchanted Field Guide to Luclin" 1 1 1 1 1 2
-117.699989 11.068551 -14.525482
-127.778038 10.705231 -13.577734
-137.805557 9.677801 -12.782658
-147.807999 8.625128 -11.491685
-157.648117 8.348120 -9.617846
-167.517303 8.220549 -7.584382
-177.401398 8.018171 -5.524476
-187.441147 8.160018 -3.432129
-197.227951 9.089927 -1.392498
-207.267685 8.977517 0.699848
-217.210144 8.859716 2.771919
-227.113693 8.967327 4.835880
-237.133987 9.216021 6.924171
-246.920792 8.972382 8.963800
-256.960541 9.229317 11.056142
-266.844635 9.416648 13.116041
-276.767670 8.989099 15.184057
-286.632324 7.557373 17.239899
-296.477539 6.813705 19.291683
-306.381073 6.739888 21.355631
-316.381958 6.732212 23.439856
-326.382813 6.647621 25.524078
-336.266907 6.605177 27.583971
-346.306641 6.601775 29.676304
-356.179840 7.199440 31.472950
-366.474701 7.768337 32.727100
-376.781006 7.535558 33.117916
-386.916626 7.330297 33.068737
-396.927795 7.415776 32.755463
-407.045074 7.694028 31.686783
-417.109833 7.225278 30.187603
-427.180511 6.769716 28.060139
-437.010559 6.767068 25.670630
-447.034790 6.837252 23.325897
-456.891449 8.238672 21.138224
-467.060577 8.560858 19.623837
-477.127289 7.311829 20.236979
-486.664063 7.128596 23.644941
-494.425385 7.759818 30.316889
-501.322357 10.436034 37.412701
-508.134949 15.639969 42.718853
-516.957642 19.800611 45.576736
-526.723145 22.975670 46.000584
-536.381653 26.162640 45.963398
-546.168213 28.242300 45.495319
-555.945679 30.768013 43.878971
-563.238220 36.333141 39.403851
-569.866455 42.506557 34.340820
-575.708313 47.392479 27.859606
-580.437195 51.245361 19.661459
-583.258057 56.308357 11.496093
-580.180054 60.752972 3.013215
-571.984985 63.545708 -2.342119
-561.878906 62.593647 -2.869109
-552.188171 62.563435 -0.295626
Custom
ClickActor pow_hitchingpost
-547.071045 63.816261 1.340822
Wait
20
0 0 0
Custom
WaitWhileMoving
0 0 0
Custom
ExamineItem "Benosch Ironsprocket's Enchanted Field Guide to Luclin" 1 1 1 1 1 2
-605.800537 33.517944 360.048615
Custom
HailActor "a tamed Shik'Nar drone" 2
-588.904968 33.517944 358.907288
Custom
WaitWhileMoving
0 0 0
Custom
ExamineItem "Benosch Ironsprocket's Enchanted Field Guide to Luclin" 1 1 1 1 1 2
600.098938 428.970520 -581.233093
Custom
ClickActor "a tamed Shik'Nar drone" 
594.855164 428.864197 -581.257935
Custom
WaitWhileMoving
0 0 0
Custom
HailActor "a tamed Shik'Nar drone" 2 2 
-584.260010 33.520000 362.760010
Custom
WaitWhileMoving
0 0 0
586.991211 47.534531 580.104370
596.776001 46.738323 582.614319
603.739319 44.777859 589.805847
610.888000 43.436481 596.958557
618.223633 42.827881 603.749512
625.690613 41.396465 610.662048
633.070007 40.707405 617.493530
640.607666 40.469349 624.476074
647.853455 41.432590 631.334961
654.989014 43.288235 638.108215
662.398438 44.830780 645.141479
669.850891 45.769054 652.215820
677.202515 47.478897 659.194397
684.412415 49.670444 666.119690
691.337341 50.751724 673.464233
697.907471 51.160198 680.997742
704.534058 53.304333 688.215942
711.116455 56.367359 695.312561
718.176392 57.078835 702.612793
Custom
ZoneDoor zone_to_sanctus_seru
721.546631 57.417042 706.361511
-386.512726 87.724243 -4.721754
-377.159241 87.724243 -9.070771
-368.256989 89.633583 -13.209979
-358.904114 89.625595 -17.558661
-349.676697 89.632263 -21.849007
-340.521484 89.616943 -26.105850
-331.212402 89.616943 -30.455585
-322.570892 89.616943 -35.889774
-316.760590 89.616943 -44.209782
-315.971710 89.616943 -54.272705
-316.189697 89.744095 -64.305603
-317.043121 89.031738 -74.265732
-318.069489 87.660339 -84.269890
-319.241119 87.660339 -94.518242
-320.396851 87.660339 -104.528404
-321.564056 87.660339 -114.637283
-322.851593 87.660339 -124.609344
-324.496368 87.660339 -134.651337
-326.545074 87.660339 -144.477036
-328.752014 87.660339 -154.388489
Custom
Teleporter -332.378815 88.069069 -169.628601
-330.897552 87.660339 -163.172836
-238.075760 179.763000 -68.396713
-233.763779 179.853149 -59.343395
-229.457260 179.777527 -50.301647
-225.210220 179.777527 -41.077885
-221.604782 179.770691 -31.398516
-218.528198 179.769440 -21.448826
-215.547150 180.443069 -11.802448
-212.507416 181.533630 -1.966183
-209.502914 181.533630 7.756148
-206.815735 181.187927 17.443657
-204.676285 180.988266 27.489302
-202.833588 179.821594 37.497086
-201.001648 179.821594 47.446255
-199.173325 179.821594 57.375874
-197.345001 179.903748 67.305496
-195.509460 179.790283 77.274216
-193.691956 179.802948 87.145203
-190.861710 179.814667 96.739815
Custom
ZoneDoor "Sanctus Seru: Fabrication Hall"
-181.886383 180.511292 96.095016
59.571480 -511.814697 14.366079
69.533859 -511.814697 12.897688
79.515144 -511.814697 11.766550
89.596581 -511.814697 10.941976
99.546936 -511.754639 9.794415
109.479950 -510.724182 8.570891
119.494865 -510.724182 7.438402
129.482605 -510.724182 6.482398
139.504791 -510.724182 5.174738
Custom
HailActor "Hulda Flintbraid" 16
146.458740 -510.724182 4.267407
136.435150 -510.724182 3.312045
126.516220 -510.724182 5.022373
116.595261 -510.724182 6.582893
106.749146 -510.724182 8.425775
96.946724 -511.754608 10.265371
87.063438 -511.814697 12.120166
77.138641 -511.814697 13.982738
67.458145 -511.814697 16.623400
57.935974 -511.814697 20.026939
Custom
ZoneDoor zone_from_ts_sigline_seru_tradeskill_room
51.314217 -511.814697 23.260260
-190.717316 179.813431 100.253792
-199.786438 179.803894 95.849586
-209.495422 179.790070 92.380272
-219.135559 179.830872 89.130295
-228.669098 179.756073 85.202141
Custom
Teleporter -240.899399 180.167099 79.115356
-234.162247 179.757370 82.608452
-190.119263 86.467613 296.893372
-180.295975 81.854774 283.163788
-178.949509 81.855415 273.130280
-184.498718 81.861176 264.647766
-191.754501 81.868141 257.554688
-200.348511 81.884789 252.264618
-208.825806 81.874435 246.918442
-216.469986 81.866234 240.262115
-223.306030 86.346916 234.221252
-230.886810 87.645439 227.522308
-238.437775 87.645905 220.849747
-246.033432 87.639999 214.137695
-253.409439 87.631226 207.252472
-259.837311 87.636963 199.472824
-265.593903 87.646484 191.107162
-271.038818 87.672119 182.604630
-276.603668 87.685326 173.895599
-282.072327 87.676392 165.337234
-287.306702 87.667412 156.543396
-292.230682 87.658607 147.774689
-296.889618 87.649773 138.733475
-300.244995 87.641121 129.012772
-302.868561 87.632843 119.263046
-305.506805 87.636368 109.455505
-308.160645 87.643234 99.590416
-310.778320 87.659126 89.859695
-313.401184 88.101471 80.109749
-316.029144 89.377258 70.340637
-318.646820 89.616943 60.609898
-321.264496 89.616943 50.879166
-323.933807 89.616943 40.956512
-327.419525 89.616943 31.564226
-335.525330 89.616943 25.543243
-344.473724 89.616943 20.574602
-353.536469 89.629395 16.173355
-362.957184 89.631142 12.021069
-372.675262 88.654785 8.292949
-382.299469 87.724243 5.381587
-392.315063 87.937973 3.200133
-402.532837 87.997009 1.651723
Custom
ZoneDoor "Zone from Sanctus Seru" "The Blinding"
-406.533722 88.061783 0.881135
Wait
50
705.155884 53.422195 688.157837
Custom
ExamineItem "Benosch Ironsprocket's Enchanted Field Guide to Luclin" 1 1 1 1 1 1 2
705.155884 53.422195 688.157837
672.043152 46.236710 653.875549
664.932556 45.110722 646.934326
657.736633 44.042549 639.909790
650.896851 41.917072 632.650757
644.037659 40.698841 625.351440
637.085999 40.411411 618.030029
630.079773 40.883320 610.651062
623.155640 41.817867 603.358459
616.067200 42.839390 595.892944
609.143066 44.434975 588.600403
601.811523 46.068943 581.853394
593.408508 48.029907 576.204895
584.142212 48.973286 571.810425
574.579651 48.844414 568.762695
564.735229 48.835262 565.753357
555.243896 48.909683 562.488586
545.677673 48.933426 559.197388
535.960999 48.495937 555.854492
526.469910 47.781570 552.589172
516.753357 47.906902 549.246277
507.262756 47.991512 545.980957
497.546692 48.572880 542.638062
488.074921 49.503429 539.379211
478.589081 50.122665 536.100037
469.250916 50.879642 532.534302
459.926666 52.234653 528.713989
450.694366 53.457539 524.931396
441.351685 54.635525 521.103577
432.119446 56.605022 517.321228
423.071075 58.962673 513.614014
413.838806 60.481426 509.831177
404.514557 61.410831 506.010498
395.264038 62.280357 502.219940
385.939789 63.816948 498.399261
376.413269 64.705902 494.495667
367.107422 65.040535 490.682526
357.525726 65.647896 486.756317
348.238434 66.163177 482.950714
338.859039 66.076614 479.107422
329.350952 65.644073 475.211365
320.008331 65.260109 471.383148
310.481842 65.459244 467.479553
301.120850 65.503716 463.643799
291.575897 65.405998 459.732666
282.196503 64.585869 455.889374
273.039948 63.295921 451.766052
264.812927 62.398716 445.882935
257.092834 61.309803 439.563110
249.295792 59.759953 433.148834
241.529465 58.912693 426.759796
233.699936 58.336735 420.318848
225.797577 58.029831 413.817993
217.941071 57.897095 407.354828
210.208344 57.882290 400.987488
202.393387 57.882290 394.501251
194.511017 57.882294 387.909424
186.709137 57.430355 381.376221
179.257797 54.275047 375.136505
171.684525 51.264851 368.794708
164.217896 48.738739 362.542236
156.614136 46.484837 356.174927
149.314102 45.850967 349.211212
142.718658 45.980690 341.435669
134.521652 44.019394 335.997375
125.878418 41.842091 330.930115
116.901825 41.082897 326.014771
108.248177 40.515846 320.969269
99.423012 39.609413 315.823303
90.790390 39.194164 310.703613
82.329063 39.750198 305.390839
80.387169 41.438732 295.669189
79.916382 41.832523 285.500732
79.504135 44.139694 275.753052
75.603683 49.799911 268.400879
68.383034 49.452133 261.180481
60.614937 48.807789 254.244263
53.954781 50.703262 246.795303
49.460625 51.217129 237.871078
45.152538 49.579323 228.696075
40.569359 49.387856 219.752838
33.031197 51.690048 213.335800
Custom
ExamineItem "Benosch Ironsprocket's Enchanted Field Guide to Luclin" 1 1 1 1 1 2
33.031197 51.690048 213.335800
37.990822 52.939602 204.432663
42.233231 51.918861 195.383026
33.389126 51.083721 190.417007
25.351091 46.459400 186.363235
17.115147 42.273674 182.309601
8.460409 41.461563 177.349792
0.770978 44.922169 171.808228
-6.951490 45.613926 165.460739
-13.755333 42.193237 158.520996
-19.918684 44.283035 150.589706
-21.386328 45.918491 148.401840
-14.953783 40.914623 142.257385
-10.827854 33.590359 136.182709
-8.511721 25.944635 129.426910
-6.690908 18.979202 121.913589
-5.137857 13.178288 113.602264
-5.889664 7.156589 105.059029
-8.351013 6.459623 95.390984
-13.457325 6.466861 86.708755
Custom
ExamineItem "Benosch Ironsprocket's Enchanted Field Guide to Luclin" 1 1 1 1 1 2
-15.622645 6.495074 84.316711
-22.329374 7.162970 76.693970
-30.177176 7.871107 70.204735
-38.797371 9.579982 64.887260
-47.871498 11.044509 60.742184
-57.119820 12.497887 56.642281
-66.320625 11.850122 52.484829
-74.844551 8.505509 48.382618
-83.798599 6.477336 43.804443
-92.746910 6.527112 39.085613
-101.779305 7.069648 34.356167
-111.035088 8.471321 30.406033
-120.692848 10.091135 28.294876
-130.130829 6.670073 26.905060
-139.945984 6.702214 24.653358
-148.609909 11.300766 21.993832
-158.523972 12.579075 19.149906
-168.222198 12.503083 16.643316
-178.093628 12.066232 14.091959
-187.791809 11.856792 11.585360
-197.624756 10.608209 9.043946
-207.322983 9.673195 6.537347
-217.020340 8.968091 4.115846
-227.034271 9.007367 5.108378
-237.146149 9.234297 7.037703
-246.939102 9.005084 9.144292
-256.945709 9.269750 11.296850
-266.874603 9.439981 13.432694
-276.861725 9.025182 15.581076
-286.596283 7.580918 17.675119
-296.544556 6.793892 19.815144
-306.512238 6.718973 21.959349
-316.577118 6.742909 24.124460
-326.622528 6.772591 26.285385
-336.493073 6.768691 28.408689
-346.285919 6.683105 30.515280
-356.156525 7.173335 32.638580
-366.027130 7.703052 34.761883
-375.917114 7.485756 36.889362
-385.943115 7.541746 39.046101
-395.877228 7.448709 41.053959
-405.994537 7.637356 41.820065
-416.166748 6.772123 42.090397
-426.338562 6.605002 42.155655
-436.276917 6.787233 38.961185
-445.076569 6.772123 33.542225
-453.664703 6.947386 28.196163
-462.153748 8.208033 22.916643
-471.694427 7.931046 19.619814
-481.872955 7.802162 18.972605
-490.218262 7.559287 24.688643
-496.885529 8.121266 32.133698
-503.175568 12.014938 39.279881
-510.153412 16.134195 45.578430
-519.146973 19.790081 49.096489
-528.867126 22.334356 49.577610
-538.583740 24.899902 49.802380
-548.573669 26.949785 49.062725
-558.020752 30.684341 46.957466
-566.151794 36.271797 44.507240
-573.809387 42.106190 41.136505
-581.396912 47.321560 36.854130
-588.995850 51.299381 31.252674
-595.618774 53.995888 24.225195
-598.466309 57.479832 15.135170
-596.385498 59.869984 5.445066
-589.862122 62.823067 -1.741730
-580.285095 62.560825 -5.011757
-570.235352 63.630783 -3.891647
-560.464111 62.377415 -1.782449
-549.854797 63.117874 0.682473
Custom
ClickActor pow_hitchingpost
-546.083374 64.052773 1.559391
Custom
WaitWhileMoving
0 0 0
Custom
ExamineItem "Benosch Ironsprocket's Enchanted Field Guide to Luclin" 1 1 1 1 1 2
-607.129639 33.517944 362.638031
Custom
HailActor "a tamed Shik'Nar drone" 2
-588.301453 33.517941 359.108429
Custom
WaitWhileMoving
0 0 0
Custom
ExamineItem "Benosch Ironsprocket's Enchanted Field Guide to Luclin" 1 1 1 1 1 2
599.973694 428.976074 -581.394897
Custom
ClickActor "a tamed Shik'Nar drone" 
594.588623 428.852356 -581.721375
Custom
WaitWhileMoving
0 0 0
-591.524109 31.537914 373.528351
-596.181641 31.537914 382.428192
-599.290161 31.537914 392.142731
-601.032227 32.164207 402.279907
-601.697632 33.517971 412.306366
-602.015137 35.522038 422.342682
-602.143188 35.196659 432.344269
-601.919312 34.966476 442.408997
-601.611450 35.422398 452.619690
-601.539185 38.388027 462.492432
-601.571472 38.388027 465.192627
-591.433167 38.388027 462.610199
-585.209351 38.388027 460.936676
Custom
HailActor "Daini the Wright" 4
-585.714722 38.388027 452.854340
-586.013367 38.388027 462.928101
-596.235107 38.388031 462.016418
-602.059448 38.388031 461.002106
-601.998047 34.966885 451.266357
-600.784424 34.966461 441.325287
-601.622253 35.613892 431.064301
-602.477173 35.522091 421.086212
-602.348999 33.517975 410.983704
-599.682678 31.819954 401.190491
-596.144226 31.537914 391.501495
-592.683044 31.537914 381.868896
-589.016541 31.537914 372.526581
-585.549561 33.517944 363.243195
Custom
HailActor "a tamed Shik'Nar drone" 2 2 
-584.964905 33.517944 361.677460
Custom
WaitWhileMoving
0 0 0
591.707336 47.217052 581.344910
601.651062 45.994892 582.346191
611.837097 45.751900 583.372070
621.901428 44.602398 584.385681
632.164856 43.937996 585.419128
642.028748 42.746132 587.646667
651.624268 41.088158 590.520691
661.308044 40.892918 593.514465
670.853760 40.866390 596.550293
680.532654 40.866390 599.750671
690.098877 40.866390 603.608887
699.492126 40.866390 607.417297
709.038269 40.865417 611.270569
718.435608 40.815300 615.068359
727.985901 40.834911 619.018616
737.531006 40.286430 622.818298
747.122070 38.640278 625.838562
756.864441 36.969856 627.577515
766.846008 35.287819 627.431091
776.570496 33.965378 624.729431
Custom
Zone 782 624
771.581604 34.472954 628.490845
587.146545 113.948250 -528.708069
577.682495 117.637566 -529.549988
568.183167 121.173416 -527.907166
559.068298 124.909340 -525.255737
550.201782 127.871689 -521.154602
541.707153 130.191055 -516.120361
533.230347 131.513596 -510.635498
524.837585 132.031006 -505.204285
516.144531 133.670227 -499.578705
507.584900 134.519196 -494.039520
498.857758 134.204529 -489.009369
489.911926 132.726334 -484.741272
480.141510 131.899918 -481.814148
469.886536 131.580902 -481.551727
Custom
ExamineItem "Benosch Ironsprocket's Enchanted Field Guide to Luclin" 1 1 1 1 1
460.231354 132.264938 -481.801025
