Piercing the Darkness: Gifts from the Great Beyond Part II
Custom
ExamineItem "Ironsprocket's M.A.G.I.C. Device" 1 1
-248.911728 2.600187 84.872398
Custom
CheckPreReqs -ITEMQTY "Portable Work Bench" 1
-248.911728 2.600187 84.872398
Custom
UseItem "Portable Work Bench"
-248.911728 2.600187 84.872398
Custom
CraftIt "Advanced Lightning Tracker Mach I" 3
-248.911728 2.600187 84.872398
Custom
Path -PathLines 296 -Loop -Reverse -QueryActor "-ActorName|soft metal vein|-Trigger|AnnounceText:azurite for the recipe (24/24)|-Events|Harvest" -QueryActor "-ActorName|school of guppies|-Trigger|AnnounceText:dartfish (25/25)|-Events|Harvest" -QueryActor "-ActorName|fallen branch|-Trigger|AnnounceText:logs (32/32)|-Events|Harvest" -CommonTrigger "AnnounceText:have collected the remaining components"
-248.583145 2.600187 84.375107
-238.972397 2.240650 81.668648
-229.696564 0.642855 77.788177
-220.301514 1.287958 74.269508
-210.842682 1.460071 70.726990
-201.326599 0.693760 67.579811
-191.224899 0.075669 66.570183
-181.251907 0.301778 67.819397
-172.879684 0.178281 73.631577
-166.393295 0.178281 81.543365
-161.419647 0.178281 90.428085
-163.354935 0.178281 100.481300
-170.825439 0.178281 107.478592
-179.698975 1.011073 112.359886
-187.431595 0.859678 119.086639
-189.671555 0.426902 128.828598
-190.048843 0.878514 138.980515
-187.169876 0.223048 148.794937
-180.634354 0.178281 156.676926
-175.105225 0.178281 165.161346
-165.618668 0.178281 168.345825
-156.079697 0.275007 171.370178
-148.083771 0.184474 177.390472
-155.712494 0.875918 184.098007
-165.461823 0.816095 187.303284
-174.289886 0.997910 192.431992
-181.399292 1.400195 199.883499
-184.424408 1.171722 209.720276
-182.685410 0.920573 219.843445
-178.820206 0.518746 229.287842
-172.514313 -0.075960 237.051926
-164.146774 0.094204 242.641815
-156.025131 0.140337 248.746307
-148.001694 0.155946 254.796295
-139.889389 0.187058 260.913483
-131.865952 1.207364 266.963593
-123.855209 -0.046162 273.004181
-115.704819 0.196085 279.149994
-107.683060 -0.134577 285.280884
-99.819221 0.000793 291.510529
-92.086166 0.095362 297.901489
-84.717018 0.109575 304.906708
-78.569595 0.140311 312.797852
-73.829582 0.165183 321.938995
-73.265526 0.146840 332.042969
-82.561096 0.171566 335.890045
-92.089066 0.165440 332.058990
-101.138771 0.157197 327.215271
-109.355606 0.178516 321.355530
-117.469841 0.158709 315.188202
-125.609398 0.164771 309.001587
-133.584396 0.179713 302.940002
-141.613693 0.155050 296.871521
-150.226151 0.170604 291.713287
-159.372040 0.176450 287.590454
-169.321930 0.154711 285.530884
-179.512772 0.175978 284.977081
-189.480179 0.167038 285.922546
-199.478119 0.158159 287.210724
-209.489548 0.179007 288.519012
-219.674438 0.158707 289.849884
-229.748947 0.164630 291.166382
-239.781204 0.179737 292.813171
-249.682678 0.154991 295.229309
-259.684845 0.171894 297.502350
-269.627441 0.174132 298.689270
-279.201813 0.155576 301.863800
-289.130341 0.177440 299.569000
-298.682434 0.160658 303.065063
-307.168518 0.162646 308.534210
-312.583405 0.179871 317.205322
-313.981293 0.154989 327.188904
-315.443970 0.171619 337.211029
-316.912354 3.217241 346.922821
-318.544525 9.336757 354.745331
-320.451263 15.001698 362.825226
-320.402832 18.662704 372.379852
-320.642731 20.629776 382.384552
-324.624634 22.557823 391.725189
-331.632294 24.520332 398.729828
-338.414551 24.044931 406.265900
-331.907593 24.015724 398.443939
-324.195435 22.732204 392.155792
-321.123749 28.535704 399.928864
-322.848877 33.293560 408.596710
-321.821564 39.097713 416.883392
-319.814056 45.484528 424.457031
-314.817596 49.862617 430.502838
-317.279510 49.143551 440.258698
-312.689117 51.795296 436.769470
-321.388489 48.279102 441.291992
-323.409485 47.108540 442.322937
-314.845642 50.046471 437.940430
-313.606110 50.593365 436.860931
-315.782623 49.122837 429.235840
-319.670074 43.654034 421.651886
-321.601257 36.782673 414.477570
-315.218262 38.984104 406.809692
-309.513275 42.590084 399.211853
-304.360352 44.286682 390.664429
-307.312622 43.092274 400.268555
-313.700317 39.732410 407.558533
-320.902008 36.451694 413.737946
-321.631561 32.566257 404.478882
-322.950012 29.662487 394.846191
-322.926971 23.430803 386.582458
-322.560181 19.268583 377.220001
-321.112518 16.481781 367.432983
-318.533905 12.461266 358.463898
-316.198181 6.022455 351.022461
-313.584351 1.247978 342.386658
-310.709351 -0.086092 332.707397
-307.546906 0.022581 323.003998
-303.765320 0.107524 313.660065
-294.800079 0.120430 308.864563
-284.932617 0.660267 307.236359
-274.948364 -0.203771 305.443604
-264.932739 0.036866 303.555603
-254.921631 0.113209 301.645020
-245.045807 0.135651 299.258636
-235.093719 0.138910 296.848663
-225.126175 0.169172 294.435089
-215.174103 0.154084 292.025238
-205.160187 0.161432 289.600311
-195.285370 0.178217 287.209106
-185.379623 0.154213 284.810455
-175.257187 0.170991 283.413910
-165.386826 0.174672 286.019867
-156.280533 0.155064 290.334839
-147.408081 0.176614 295.317017
-138.611023 0.165141 300.336731
-129.920395 0.159066 305.381775
-120.915497 0.179343 309.862915
-111.287697 0.157853 313.300873
-101.476921 0.166121 316.649139
-91.587212 0.179337 319.347046
-81.562912 0.154729 321.271393
-71.451790 0.173474 319.498169
-70.747147 0.078587 309.289703
-77.540672 -0.082270 301.631256
-84.406494 0.031220 294.186310
-92.438728 0.111335 288.159485
-101.988136 0.117824 284.530609
-111.559372 0.147230 281.266815
-121.085472 0.167400 278.018372
-130.460510 0.148285 274.163025
-138.322525 0.170473 267.873810
-146.050674 0.169369 261.204956
-153.802902 0.155686 254.515320
-161.078598 0.177676 247.519791
-168.007004 0.161574 240.286118
-174.693726 0.540332 232.680466
-180.936615 0.708858 224.826599
-187.365128 0.444699 216.693619
-190.327118 0.441256 207.120575
-190.605515 0.209531 196.974167
-188.812683 0.071822 187.097443
-188.675903 -0.108664 177.040039
-189.478302 -0.041425 166.944824
-190.185074 0.052237 156.762344
-190.331299 0.178508 146.665939
-190.343719 0.724121 136.378555
-189.843811 0.370870 126.240944
-189.178986 0.232049 116.007210
-188.462967 0.105768 105.936996
-180.809952 0.179017 99.455849
-171.371140 0.178281 103.379662
-161.197083 0.178281 103.522430
-157.051575 0.177330 94.037819
-161.102005 0.178281 84.711044
-161.087265 0.178281 74.615776
-168.844864 0.288625 67.814766
-178.247330 0.802977 63.788933
-188.378754 0.588247 62.637985
-198.246994 0.391376 65.371643
-207.420822 1.228759 69.314140
-216.611282 1.458121 73.278732
-256.193481 2.926408 77.735794
-263.871857 3.017207 71.048416
-271.640167 2.600187 64.499847
-279.291931 1.467875 58.052074
-286.220062 0.412608 50.745148
-291.383087 1.134856 42.050343
-294.640564 1.489067 32.420589
-297.482422 0.900853 22.608004
-300.154114 0.009444 12.811436
-298.987946 1.823613 2.960247
-300.651398 2.408729 -5.942102
-292.400421 3.720849 -11.943978
-289.523102 3.904648 -13.639338
-279.533264 4.433935 -12.449500
-273.965515 3.523822 -11.727827
-274.986420 3.442325 -21.950996
-275.529144 1.814584 -31.857279
-276.714752 1.393287 -41.927269
-282.378967 1.133513 -50.326508
-289.443665 0.451021 -57.568687
-296.751556 2.479407 -64.171852
-304.102417 0.541083 -70.716400
-312.141022 -0.011469 -76.871422
-320.235107 0.003853 -82.985733
-328.266174 0.578064 -89.156677
-336.322449 0.793984 -95.347008
-339.762329 2.063381 -104.893524
-341.352905 2.579140 -115.050156
-339.365845 2.520503 -125.156639
-332.654053 2.562596 -132.946655
-326.853607 1.519953 -141.084076
-325.080078 0.006406 -150.874435
-323.829437 0.006406 -160.889999
-321.437164 0.363756 -170.744736
-316.586487 1.081068 -179.607468
-311.362579 2.201564 -188.293777
-305.661621 3.152376 -196.644165
-296.644836 3.270506 -201.326813
-286.621674 3.694427 -201.332062
-276.877716 3.051655 -204.104706
-272.643219 1.437453 -213.275421
-269.203094 0.053281 -222.787003
-264.163116 0.526021 -231.552155
-258.699219 0.335424 -240.099045
-253.346375 0.505995 -248.746216
-254.732895 0.365540 -258.800812
-260.489258 0.214390 -267.099976
-268.316071 0.436309 -273.618195
-277.023102 -0.057992 -278.899048
-285.897614 0.025649 -283.878296
-294.722809 0.106457 -288.879608
-303.387238 0.133634 -294.123810
-312.063873 0.679312 -299.378601
-320.740509 0.856849 -304.633392
-328.926361 2.523295 -310.356689
-336.322906 1.674357 -317.308258
-343.286285 0.116470 -324.580261
-351.403442 0.241238 -318.734375
-350.211823 2.550734 -308.770905
-351.373749 2.584562 -298.629700
-353.428070 2.584562 -288.558014
-359.183716 2.584562 -280.175262
-357.968597 7.610509 -271.351746
-354.565582 10.706813 -262.402588
-352.693085 10.160563 -252.549286
-351.034943 9.777139 -242.509460
-349.451172 9.970419 -232.598343
-347.917786 9.971332 -222.538483
-346.574219 9.916464 -212.613571
-348.321136 11.070970 -202.563843
-353.073303 12.445667 -193.835571
-360.470184 14.394776 -187.077194
-368.937775 15.284924 -181.803619
-373.558258 14.868752 -172.891983
-379.891052 14.697006 -164.749329
-389.582947 14.057070 -161.673752
-399.492401 13.055264 -159.650360
-409.758301 13.366241 -159.438858
-419.142212 14.245806 -155.378159
-427.671906 14.925938 -150.042450
-426.699280 14.716614 -160.250366
-425.280853 15.813437 -170.128647
-429.390045 15.848091 -179.337830
-438.903259 18.692791 -180.946228
-447.514618 23.789581 -181.084732
-455.784058 29.410246 -181.561478
-465.645081 31.350773 -183.662949
-475.244202 32.333618 -186.938660
-483.646393 33.710445 -192.571960
-492.903870 36.466457 -195.921173
-491.548065 34.075089 -186.083755
-492.385437 32.005302 -176.211563
-493.477051 30.915115 -166.195877
-494.317291 30.766891 -155.980377
-494.715118 31.535713 -145.852585
-495.647125 32.958138 -135.899902
-497.679565 34.154797 -125.963837
-502.207367 35.726727 -116.814766
-507.242798 37.627651 -108.118546
-513.250793 38.557266 -99.958099
-519.630554 40.479507 -92.288979
-526.854370 43.000084 -85.601303
-535.416199 44.709930 -80.411865
-543.708801 46.212681 -74.789772
-552.997986 47.272476 -70.794891
-562.239807 48.260265 -66.784241
-569.859192 49.934715 -60.194950
-574.949280 52.103592 -51.610725
-576.160645 55.132259 -41.909161
-575.310486 57.865192 -32.231983
-571.469971 59.738514 -23.085514
-564.981140 59.748272 -15.167342
-559.014221 59.806316 -6.752539
-555.907532 59.083153 2.902687
-555.464233 59.608185 12.926901
-555.072571 59.319504 23.153296
-554.367615 59.297398 33.455006
-550.427063 60.431023 42.877083
-541.770752 59.994400 37.526619
-535.373108 58.806854 30.628826
-249.121704 2.600187 84.510460
-249.121704 2.600187 84.510460
Custom
CheckPreReqs -ITEMQTY "Portable Work Bench" 1
-248.911728 2.600187 84.872398
Custom
UseItem "Portable Work Bench"
-248.911728 2.600187 84.872398
Custom
CraftIt "Advanced Lightning Tracker Mach II" 3
-248.911728 2.600187 84.872398
Custom
UseItem "Advanced Lightning Tracker Mach II"
-248.911728 2.600187 84.872398
Wait
50
-248.911728 2.600187 84.872398
