Gone Astray
Custom
CheckPreReqs -Completed "Deeper Disguise"
0 0 0
Custom
HailActor Sokszar 5
634.127136 247.034485 1240.834595
628.430054 247.664108 1249.417969
622.719482 248.333710 1257.769287
616.885986 248.547424 1266.293213
611.061890 248.630661 1274.803589
605.408691 248.837753 1283.422241
601.765808 249.488785 1292.944702
597.704834 249.985168 1302.099854
593.650940 251.064346 1311.239380
588.937927 252.067856 1320.294922
583.698853 252.230316 1328.983643
577.753418 252.088089 1337.032593
569.305908 251.662735 1342.764526
560.634705 250.417801 1347.984619
552.751160 250.628174 1354.389404
548.886780 250.765564 1363.738892
545.938782 250.862579 1373.500244
543.015259 250.926819 1383.217407
540.061646 250.997345 1393.028931
536.995667 251.086761 1402.822876
533.385498 250.836746 1412.491821
528.295654 249.914749 1421.090088
521.894592 249.208267 1428.961914
515.348999 248.695786 1436.844727
508.820557 248.273193 1444.720459
502.334045 247.481140 1452.545532
496.022675 244.871185 1460.151489
488.732452 243.821365 1467.007446
479.956573 242.673782 1472.204590
470.753815 242.568466 1476.519165
461.646576 242.628494 1481.065063
452.790680 243.187317 1485.950806
443.910339 245.182556 1490.928345
Custom
CraftIt "Sokokar Leash"
436.699921 245.182556 1494.945801
445.854065 245.182556 1490.768433
454.817017 242.764832 1486.677368
463.992188 242.661865 1482.343384
473.048248 242.618149 1478.066162
482.053925 242.604004 1473.255249
490.122742 243.918930 1467.352661
497.519196 244.981232 1460.535156
503.862213 247.481140 1453.155762
510.252625 248.341614 1445.167480
516.653442 248.710403 1437.166260
522.913940 249.199417 1429.306763
528.755798 249.925323 1420.920044
533.269287 250.861343 1411.962402
537.468994 251.076248 1402.496094
540.238708 250.997665 1392.588867
542.204285 250.912292 1382.734619
546.332947 250.863266 1373.375854
552.769226 250.772873 1365.284668
559.446167 250.643784 1357.406250
566.150940 251.157669 1349.592285
572.737549 251.923172 1341.915894
579.249634 252.327606 1334.306641
585.544800 252.176712 1326.517212
591.964172 251.766281 1318.509399
598.153076 250.636932 1310.697876
604.616760 249.967133 1302.627197
610.705139 249.111008 1294.387451
Custom
ExecuteCommand "RI_CMD_PauseCombatBots 1"
613.884033 248.939117 1290.923340
Custom
MoveToActor "a stray sokokar"
613.884033 248.939117 1290.923340
Custom
Target Sokokar
0 0 0
Custom
UseItem "sokokar leash"
0 0 0
Wait
20
0 0 0
613.884033 248.939117 1290.92334
620.074463 248.566727 1277.073730
625.214539 248.428543 1268.128052
630.298279 248.135574 1259.280518
635.400818 247.034485 1250.413818
640.701477 247.034485 1241.664307
645.863770 246.869080 1232.966431
650.777649 243.141556 1224.889282
Custom
MoveToActor "a stray sokokar"
654.818665 242.617432 1218.212524
Custom
Target Sokokar
0 0 0
Custom
UseItem "sokokar leash"
0 0 0
Wait
20
0 0 0
654.818665 242.617432 1218.212524
Custom
ExecuteCommand "RI_CMD_PauseCombatBots 0"
654.818665 242.617432 1218.212524
656.432739 242.628555 1218.455688
651.420593 243.284149 1227.235107
646.806091 247.034485 1235.317383
641.815735 247.034485 1244.058228
636.715027 247.264877 1252.991699
631.666809 248.178833 1261.834229
626.654724 248.411255 1270.613892
621.354858 248.602997 1279.128540
615.634155 248.851303 1287.787842
609.948547 249.281067 1296.371094
604.363159 250.134293 1304.803223
598.805054 250.868332 1313.194092
593.203613 251.763092 1321.575317
587.269714 252.103271 1329.624146
580.761536 252.211182 1337.598267
573.830933 251.855057 1345.093872
566.618835 251.210434 1351.995117
560.321838 250.818954 1360.069458
554.631653 250.868103 1368.530518
548.994202 250.895767 1377.007324
544.269592 250.979355 1385.886963
540.046631 251.022202 1395.185791
535.804382 251.137482 1404.531128
531.569031 250.655869 1413.861816
527.361023 249.767380 1423.131958
523.214294 249.142181 1432.266968
518.141785 248.825272 1441.130737
512.138123 248.159088 1449.104248
505.254028 247.481140 1456.387329
497.510620 244.486069 1462.149780
489.305481 243.755310 1468.062500
480.658051 242.635651 1473.266846
471.042694 242.429016 1469.750122
462.779419 244.330795 1464.331055
454.480682 245.182556 1458.383179
Custom
HailActor Zharss 3
453.608337 245.182556 1457.735718
460.014282 244.308762 1465.450684
467.900970 242.428268 1471.557983
476.801666 242.661041 1476.275757
486.637787 242.479843 1478.757935
496.276459 243.499237 1475.955688
502.049133 244.482513 1467.787476
506.072449 247.442200 1459.050293
510.611908 247.898575 1449.945190
515.866699 248.744247 1441.420410
521.613586 249.012360 1432.977051
527.248840 249.652603 1424.697021
532.528015 250.404449 1415.945068
536.116211 251.155457 1406.435791
539.609985 251.022888 1397.066895
543.201782 250.994324 1387.434937
546.730469 250.893143 1377.973389
550.276184 250.845276 1368.465332
555.579651 250.689362 1359.690918
562.597473 250.669403 1352.157349
569.436218 251.685547 1344.772583
576.443237 251.935501 1337.206299
583.416504 252.237518 1329.676270
590.255371 252.031921 1322.291870
596.800659 251.024307 1314.443115
602.277588 250.230087 1305.830566
607.273621 249.449463 1297.054688
612.350952 248.873138 1288.135986
617.297974 248.640015 1279.446411
622.326599 248.482956 1270.613525
627.267090 248.274338 1261.807617
631.196228 247.801727 1252.319946
Custom
HailActor Sokszar 2
633.032104 247.034485 1244.293213
