-420.674591 -484.217194 932.955322
-414.896027 -485.291687 924.645447
-409.624512 -485.715057 915.960876
-404.575928 -486.182983 907.311096
-399.044403 -487.795074 898.628296
-393.745728 -490.133728 890.268555
-388.522736 -491.147675 881.674622
-383.340576 -491.642456 873.102539
-377.894745 -490.705994 864.405212
-372.229858 -490.705994 855.880066
-366.645386 -490.705994 847.540100
-361.000549 -490.705994 839.049133
-355.349213 -490.705994 830.538757
-349.642822 -490.705994 821.945435
-343.842529 -490.705994 813.736267
-337.451660 -490.705994 805.868469
-331.035431 -490.705994 797.970154
-324.631622 -490.705994 790.087097
-318.951019 -490.705994 781.726074
-314.379028 -490.705994 772.777344
-309.953430 -490.705994 763.319824
-304.588623 -490.705994 754.797791
-299.210449 -490.705994 746.276794
-293.779114 -490.705994 737.671631
-288.145569 -490.705994 729.009338
-281.816528 -490.705994 720.952576
-274.688721 -490.705994 713.887512
-267.432404 -490.705994 706.782043
-260.941437 -490.705994 699.146057
-256.852020 -490.705994 689.834106
-255.275223 -490.859802 679.906006
-254.358551 -487.591980 670.195190
-251.948151 -485.270447 660.562317
-249.294601 -482.634766 651.192200
-245.523468 -479.312927 642.184082
-241.104630 -476.915375 633.416626
-235.452576 -475.894165 624.993469
Wait
50
-233.131332 -475.582764 621.939697
-238.056549 -476.384003 630.983887
-242.877762 -478.255524 639.837830
-246.777725 -481.610718 648.486267
-249.595169 -484.481140 657.740112
-251.511063 -486.821625 667.286194
-252.964294 -490.521362 676.634521
-254.637512 -490.705994 686.731262
-257.738190 -490.705994 696.449829
-262.362274 -490.705994 705.480225
-267.800659 -490.705994 713.986328
-273.392242 -490.705994 722.536194
-279.563751 -490.705994 730.749146
-285.662567 -490.705994 738.745544
-291.614563 -490.705994 746.802429
-297.678772 -490.705994 754.899780
-303.764313 -490.705994 762.906128
-309.856873 -490.705994 770.882202
DontStopForCombat
Wait
50
-314.806122 -490.705994 777.002014
Custom
ClickActor "Trial 1 Starter"
-314.806122 -490.705994 777.002014
Custom
WaitForMob Cyclono
-314.806122 -490.705994 777.002014
Named
Cyclono
CustomNamed
-314.806122 -490.705994 777.002014
Wait
50
-314.629883 -490.705994 777.291199
Custom
ClickActor "Trial 2 Starter"
-314.629883 -490.705994 777.291199
Custom
WaitForMob Quarez
-314.629883 -490.705994 777.291199
Named
Quarez
CustomNamed
-314.629883 -490.705994 777.291199
Wait
50
-314.667542 -490.705994 777.337952
Custom
ClickActor "Trial 3 Starter"
-314.667542 -490.705994 777.337952
Custom
WaitForMob Kamara
-314.667542 -490.705994 777.337952
Named
Kamara
CustomNamed
-314.667542 -490.705994 777.337952
StopForCombat
Wait
20
-349.682983 -490.705994 825.495239
