Unexpected Ally
Custom
HailActor "Alzilius" 7
-2047.466553 218.191437 816.772034
-2070.159668 262.752167 819.628357
-2118.331543 275.313477 826.247742
-2166.209961 261.960175 832.968811
-2214.519775 250.672592 839.639099
-2217.509766 290.633850 869.573669
-2184.114258 289.878387 906.999939
-2156.791016 286.199829 949.056702
-2129.607178 286.199829 991.250977
-2102.454590 286.199829 1033.396362
-2075.236572 286.199829 1075.542969
-2025.441040 286.199829 1069.964478
-1977.082520 286.199829 1056.710693
-1928.954224 286.199829 1042.053101
-1882.276611 286.199829 1023.093384
-1842.081909 286.199829 993.103516
-1801.758057 286.199829 962.824036
-1761.698853 286.199829 932.743591
-1721.578247 286.199829 902.616272
-1682.002319 294.100647 872.896240
-1642.843262 305.379669 843.489624
-1602.567139 305.379669 813.244385
-1562.524780 305.379669 783.174866
-1522.498047 305.379669 753.117004
-1482.456055 305.379669 723.047119
-1448.620850 284.592499 692.099182
-1417.577148 260.986908 660.401184
-1385.720947 240.012848 627.670227
Custom
FlyDown
-1354.081543 219.614731 601.791687
Custom
HailActor "Gulthga" 5
-1352.259521 218.045471 603.442993
-1367.477539 262.974365 619.248535
-1392.822388 296.645172 646.311523
-1425.797852 317.643738 677.503723
-1462.493774 317.635040 712.065857
-1499.020142 317.626282 746.467651
-1535.418457 317.617676 780.749146
-1572.015503 317.609039 815.217896
-1608.495972 317.601624 849.579773
-1645.638306 311.611603 882.891968
-1682.713135 301.567657 915.228394
-1719.285522 297.786713 949.152527
-1758.144531 297.783386 981.075562
-1801.786377 297.783386 1006.110291
-1849.838989 297.783386 1020.348267
-1897.910767 297.783386 1034.592529
-1946.091553 297.683777 1048.876221
-1994.641968 296.855652 1061.005249
-2044.315063 296.469513 1067.458130
-2093.891357 296.441772 1059.850098
-2143.040283 296.441772 1050.608643
-2179.247803 286.018677 1017.491272
-2206.945068 279.517975 976.307739
-2209.103027 269.323578 927.031433
-2198.489746 259.879456 878.997253
-2181.121582 246.698914 833.791321
-2166.783691 230.924789 788.288147
Custom
FlyDown
-2162.079346 225.202911 769.887085
Custom
ZoneDoor faceless_entrance 3
-2161.530518 222.388916 764.618835
-404.685211 1.330072 459.054565
-405.858978 -0.753782 449.273254
-406.183014 -0.970315 439.180786
-402.422516 -1.379838 429.914948
-400.146667 -1.329801 420.140747
-400.482574 -1.297838 410.114441
-401.456146 -1.138677 400.098785
-402.765289 -1.141801 390.127380
-404.071350 -1.062479 380.179443
-405.678192 -1.243812 370.263031
-408.522919 -1.511070 360.649689
-411.467224 -1.495390 350.992371
-414.726532 -1.175208 341.489197
Wait
20
-417.170349 -1.019809 335.719818
-407.202423 -1.048782 336.893494
-397.207458 -1.031549 335.978485
Wait
20
-390.471741 -0.981634 334.375000
-397.606110 -0.953524 327.290619
-404.004822 1.267197 319.851196
-409.761871 4.931801 312.472656
-416.885559 6.290869 305.499969
-425.620148 6.290802 300.613342
-434.442627 6.290766 295.884064
-443.227905 6.290778 290.884094
-450.512451 6.290755 283.901093
-450.720398 6.290643 273.892151
-446.758331 8.408043 264.868683
-441.752502 11.043740 256.617706
Wait
20
-437.369019 11.048189 250.538422
-446.246521 11.049266 245.753738
-455.029388 11.053100 240.871429
-463.082703 12.741018 235.067413
-470.537811 14.084752 228.372681
-477.804688 13.914220 221.362717
Wait
20
-480.167969 13.914220 219.082962
-473.024933 13.881082 226.158798
-465.712646 13.361607 233.120377
-458.556396 11.264314 239.888779
-451.127167 11.048054 246.644012
-442.989960 11.046256 252.714432
-435.172577 11.041650 258.977203
-428.208435 11.053456 266.268982
-421.630981 11.057264 273.904694
Wait
20
-419.236969 11.057264 278.507874
-409.270844 11.057264 280.485077
-399.181946 11.057264 280.104340
-389.195129 11.057263 278.729401
Wait
20
-385.715851 11.057263 276.979919
-383.384674 11.057263 267.201538
-378.448853 11.043568 258.460449
-371.839722 11.048000 250.873306
Wait
20
-370.788330 11.048480 249.749863
-362.036621 11.049464 244.861588
-353.381409 11.055101 239.604324
-345.156097 13.099413 234.013992
-337.617767 13.881082 227.322571
-330.769043 13.914220 219.949371
Wait
20
-329.083282 13.914220 218.203415
-336.592072 13.881083 224.912643
-343.985962 13.709862 231.682419
-351.186890 11.526280 238.275452
-358.613617 11.048995 245.005112
-368.179749 11.051675 242.059464
-374.192932 11.299562 233.939209
-380.283478 13.346198 226.181992
-385.072754 15.223027 217.562027
-387.416473 15.223083 207.742569
-390.131989 15.223102 198.016190
-394.903595 15.223083 189.091965
Custom
Target Sarinich
-395.244110 15.223083 188.297348
Wait
50
-395.244110 15.223083 188.297348
-386.551392 15.223035 183.304947
-377.338776 15.223118 179.285477
-368.203827 15.223196 174.838394
-359.231659 15.223196 170.371170
-353.917389 15.223195 161.780594
Wait
20
-353.474213 15.365141 154.669464
-354.019989 47.660000 131.240005
Wait
20
-354.058563 47.658047 128.247223
-353.476746 47.526676 138.246811
-360.880585 47.528687 145.023285
-369.617950 47.529354 149.943771
-377.950256 47.529068 155.544647
-386.282837 47.526852 161.217636
-394.900208 47.526871 166.311935
-404.869659 47.526901 167.847626
-405.893433 47.635529 177.849976
-405.759247 45.815460 187.729111
-405.438263 44.140961 197.638046
-405.134369 42.676342 207.563309
-404.882202 41.281307 217.529602
-404.871674 40.016697 227.562347
-404.869354 38.900700 237.611359
-404.869476 37.943848 247.580994
-404.869568 37.707123 257.629944
Custom
Target Baroddas
-404.869598 37.707123 262.261566
Wait
50
-404.869598 37.707123 262.261566
-405.487244 37.827816 252.236496
-405.543854 38.465984 242.140717
-405.537689 39.498161 232.091858
-405.440399 40.651588 222.130722
-405.314423 42.012688 212.185577
-405.312286 43.464188 202.224335
-405.380035 45.047085 192.263077
-405.447937 46.805550 182.293839
-405.407379 47.527161 172.290344
-405.319580 47.743378 162.167114
-405.288910 49.870232 152.285004
-405.258301 51.257790 142.379059
-405.227509 52.817295 132.465179
-405.196442 54.323078 122.463966
-405.187866 55.828808 112.442314
-405.286224 56.283714 102.339516
-411.278839 56.267975 94.319046
-417.397247 56.268414 86.340919
-412.405273 56.273075 77.540833
-406.533478 56.277004 69.419632
-404.954132 56.323574 59.494240
-404.376373 56.323616 49.414982
-404.287292 55.926907 39.311062
-404.214874 55.699795 29.199001
-403.544464 55.699795 19.219444
-404.018768 55.699795 9.224957
-403.979889 55.699795 -0.805191
-404.161804 55.699795 -10.989803
-404.503906 55.699795 -21.050453
Custom
Target Phobis
-404.736145 55.699795 -27.081671
Wait
50
-404.736145 55.699795 -27.081671
-413.848541 55.699795 -31.343405
Custom
ClickActor fright_staff 1
-417.144562 55.928066 -32.752148
-404.801392 55.699795 -32.091595
-404.729248 54.994251 -42.103664
-404.890472 59.600430 -48.199287
Custom
SwimDown
-404.890472 59.600430 -48.199287
-405.176392 12.506012 -55.518345
-405.569519 11.693778 -65.583618
-405.799896 11.083189 -75.641342
-405.675354 10.424836 -85.683998
-405.563843 5.609804 -94.592484
-405.458588 0.012982 -103.000069
-405.248108 -2.742525 -112.617538
-401.685791 -3.208659 -122.003288
-396.770233 -1.939681 -130.740601
-391.810028 -0.154264 -139.342361
-389.215088 -0.310477 -149.113647
-387.588470 -0.142162 -159.036514
-386.064972 -0.084197 -169.025253
-384.555786 -0.830009 -178.919861
-383.039398 -1.747365 -188.861557
-381.531921 -2.664466 -198.724380
-378.462280 -3.566578 -208.329727
-374.648499 -6.050677 -217.351730
-370.862701 -7.745625 -226.581528
-371.589752 -10.248934 -236.400620
-372.802155 -11.564798 -246.289047
-374.018341 -10.942962 -256.207550
-375.110168 -10.196030 -266.160522
-374.012054 -10.195998 -276.104553
-370.962280 -10.511251 -285.817413
-366.768707 -11.699729 -294.910095
-362.850555 -13.092301 -304.051514
Custom
ClickActor wastes_staff 1
-362.509552 -13.155884 -304.845917
-372.156586 -13.109359 -302.185913
-375.680878 -12.822359 -311.602509
-375.840912 -10.913342 -321.536163
-376.020721 -8.702152 -331.345154
-376.085144 -6.288530 -341.171234
-376.018097 -4.018509 -351.021484
-376.046722 -1.709491 -360.760742
-376.232544 -0.404153 -370.775970
-376.160461 -0.816177 -380.818665
-376.476227 -0.816177 -390.900818
Wait
200
-376.436066 -0.816177 -393.984009
Custom
Target Venekor
-376.436066 -0.816177 -393.984009
Wait
50
-376.436066 -0.816177 -393.984009
Custom
HailActor "Shade of Venekor" 5
-376.435547 -0.816177 -393.479187
Custom
ClickActor "Zone Out Portal"
0 0 0
Custom
ZoneDoor "zone_to_eidolon_jungle"
-405.045197 1.815647 463.416992
-2162.570068 222.390640 768.719971
-2159.910645 220.358429 778.421570
-2155.937744 218.132813 787.390930
-2149.581055 217.253311 795.254639
-2140.669678 216.552216 800.060486
-2130.813232 216.126480 802.757446
-2121.053711 215.947449 805.244568
-2111.184326 215.586243 807.759521
-2101.406494 214.975311 810.251099
-2091.281738 214.807800 812.295349
-2081.300049 215.035568 813.059387
-2070.915039 215.454193 813.479614
-2061.444336 219.129929 814.673889
-2051.660400 218.191437 816.552185
Custom
HailActor "Alzilius" 6
-2047.092651 218.191437 816.820984
