Bixie Distraction
Custom
QuestStarter -62 -17 -9 5 Rivervale "Enchanted Lands" 50
0 0 0
-0.802733 4.482332 78.697144
-16.100508 34.980961 41.877426
-41.724644 30.005650 -0.902968
-67.408615 25.018620 -43.783234
-93.017166 29.740707 -86.500053
-119.544533 28.834066 -128.915451
-152.660858 28.834066 -166.814484
-185.661850 28.834066 -204.581100
-218.739838 28.834066 -242.435791
-253.228439 28.229111 -275.108124
Custom
FlyDown
-266.209076 19.591164 -277.917786
-276.241821 19.469788 -277.779327
-295.051331 22.220764 -277.916901
-310.141571 28.188986 -277.823700
-316.364807 31.737602 -278.029572
-333.539459 32.322933 -278.269409
ClickActor
zone_to_rivervale
-333.539459 32.322933 -278.269409
71.706703 -11.620687 32.259495
51.581074 -11.042648 29.547916
37.417973 -11.774783 15.132632
20.711939 -15.183113 4.479239
2.647775 -18.539553 -3.562970
-14.726861 -20.452524 -13.363517
-34.178612 -22.930124 -8.173177
-44.372253 -20.970699 1.824037
-50.322086 -18.638977 3.199661
-64.240387 -18.424248 7.064011
Custom
ToggleWalkRun
-70.452629 -17.353037 2.315666
ClickActor
03_foolsgold_0
-70.452629 -17.353037 2.315666
-73.989410 -17.938999 -5.772447
-72.377808 -17.938997 -6.240400
ClickActor
03_foolsgold_1
-72.377808 -17.938997 -6.240400
-69.480820 -17.659691 -8.448896
-64.185852 -17.438784 -11.826606
ClickActor
03_foolsgold_2
-63.871246 -17.438784 -11.532611
-62.062706 -17.423843 -8.368052
Custom
HailActor Neeta 2
-62.062706 -17.423843 -8.368052
Custom
HailActor Neeta 1 4 FALSE
-62.062706 -17.423843 -8.368052
Custom
HailActor Neeta 4 1 FALSE
-62.062706 -17.423843 -8.368052
Wait
10
-62.062706 -17.423843 -8.368052
-62.388245 -17.423843 -8.623461
ClickActor
03_foolsgold_2
-62.906647 -17.438784 -9.994613
Wait
10
-62.906647 -17.438784 -9.994613
-64.401428 -17.438784 -13.273791
ClickActor
03_foolsgold_1
-70.890877 -17.856413 -7.310087
Wait
10
-70.890877 -17.856413 -7.310087
-73.299026 -17.938997 -5.874205
ClickActor
03_foolsgold_0
-71.170578 -17.461754 0.658515
Wait
10
-71.170578 -17.461754 0.658515
-70.261681 -17.342419 2.138695
-69.759880 -17.958895 3.149787
-68.817520 -18.483250 5.048596
Custom
ToggleWalkRun
-66.791153 -18.642838 8.904610
-57.656361 -18.215845 4.313015
-49.676842 -18.435436 -1.809212
-41.084698 -21.280416 -6.590342
-31.451944 -22.532436 -9.898570
-21.651714 -20.549824 -12.310909
-11.542672 -20.259895 -11.284095
-2.327115 -19.298452 -7.194449
6.673285 -17.671957 -2.898404
15.776149 -15.818362 1.337678
24.941797 -14.543517 5.478171
33.354469 -12.558546 10.860157
39.935432 -11.416870 18.405546
47.011906 -10.851029 25.462620
55.787685 -11.291101 30.600763
65.540482 -12.117499 33.065010
75.771606 -11.593096 33.716354
ClickActor
zone_to_enchanted
79.647026 -11.588489 33.932812
Custom
WaitForZoning
79.647026 -11.588489 33.932812
-325.235901 32.247818 -277.928253
-316.613037 31.824879 -278.685242
-307.690918 26.826544 -277.974854
-298.278168 22.922344 -277.283783
-288.565155 20.282511 -277.049225
-278.505920 19.560644 -277.511902
-264.670837 18.778629 -278.182190
-232.613953 42.377060 -279.105591
-204.841141 42.377060 -237.511932
-176.762589 42.377060 -195.942261
-148.684052 42.377060 -154.372543
-120.671852 42.377060 -112.901871
-92.503212 42.377060 -71.200821
-65.059990 42.377060 -29.093822
-39.858437 33.388142 13.336477
-14.341406 16.192915 52.979836
Custom
FlyDown
-0.390337 6.161746 73.584579
ClickActor
mariners_bell
-0.390337 6.161746 73.584579
Wait
10
-0.390337 6.161746 73.584579
Custom
TravelMap "Greater Faydark"
-0.390337 6.161746 73.584579
451.057800 91.708923 168.082077
433.174469 128.644531 139.273376
417.474884 130.380814 91.550301
396.921570 124.953766 46.108570
376.301422 119.543709 0.861877
355.468018 119.289650 -44.850620
334.587006 119.288628 -90.665993
294.722565 113.893089 -120.922356
246.444626 106.508255 -132.667877
198.072754 99.109108 -144.436325
149.757217 91.718513 -156.191177
101.330070 84.098434 -166.275116
62.167423 75.895638 -135.987808
14.737842 72.660500 -120.220184
-32.966045 72.653336 -104.361359
-82.420647 64.916344 -102.515541
-110.414223 39.476639 -135.239700
-135.919205 15.532812 -171.090347
-125.537926 -8.063742 -214.043900
-123.410904 -14.337247 -222.768661
-132.890152 -19.187477 -239.894333
-133.439087 -24.705135 -259.235443
-128.020844 -29.021778 -278.183868
-124.736855 -30.951624 -291.411438
-107.358101 -32.350430 -301.715851
-90.526405 -33.256313 -312.513977
-77.749702 -33.905209 -320.710571
-85.662552 -34.438057 -339.133270
-93.424713 -33.914917 -357.706329
-101.099983 -34.023621 -376.385986
-105.350075 -34.436298 -387.902466
-93.444611 -36.399750 -403.981812
-81.603577 -38.924206 -419.973999
-75.810608 -40.443813 -427.797729
-75.689499 -46.314175 -447.193146
-75.561516 -51.996784 -466.497467
-74.933395 -55.643898 -486.500885
-74.194260 -55.645832 -506.666748
-72.848297 -56.933266 -526.713135
-70.428337 -60.013165 -546.431030
-71.464470 -59.590473 -566.493774
-80.895569 -56.163532 -584.044922
-91.785271 -50.316875 -599.962158
-102.868622 -47.587044 -616.644897
-111.531998 -46.899029 -634.880737
-113.246338 -45.862656 -655.056396
-113.554092 -43.412815 -674.977539
-112.704216 -44.282597 -695.155273
-111.852432 -49.123249 -714.919312
-110.168411 -50.712627 -734.895813
-108.600891 -47.302990 -754.550598
-107.861801 -43.170120 -774.308289
-120.253448 -43.938358 -790.164612
Custom
HailActor Matron 3
-120.740639 -43.938358 -790.956421
-116.622238 -44.837288 -771.255615
-118.064796 -49.281860 -751.576416
-122.048683 -52.146854 -731.825439
-124.746445 -49.425274 -712.076782
-126.133728 -45.157993 -692.586060
-119.974998 -45.528820 -673.364990
-112.726891 -45.867287 -654.414307
-116.799561 -45.954548 -634.606750
-110.690651 -47.786861 -615.205017
-97.667152 -49.986988 -599.981445
-84.085365 -55.448277 -585.940613
-72.405106 -59.066059 -570.069702
-68.257729 -60.142445 -550.300842
-69.877159 -57.959618 -530.385681
-71.785744 -55.576218 -510.564941
-73.495964 -55.721832 -490.441498
-75.181053 -52.869740 -470.613983
-76.825638 -47.694656 -451.263306
-77.869820 -41.197079 -432.257538
-80.481270 -38.269630 -413.239685
-95.834335 -35.844837 -400.571808
-108.484116 -34.144798 -385.048706
-98.253654 -33.596687 -367.560516
-90.038162 -34.290188 -349.020996
-82.473495 -34.549995 -330.462738
-76.116386 -33.305309 -313.391693
-94.483765 -32.676407 -305.299286
-112.534470 -31.684319 -296.279114
-129.167786 -30.339663 -287.287201
-129.206375 -26.987970 -267.411072
-131.396637 -21.447041 -247.850739
-132.354553 -15.918187 -228.409302
-132.261597 -15.333761 -226.943756
-123.564499 -11.406934 -212.434982
-130.061203 -5.987985 -194.099014
-134.277069 0.065563 -175.332047
-136.666992 25.547419 -151.286194
-138.953430 39.926662 -137.184616
-143.774323 66.880554 -107.451706
-158.709412 85.251648 -43.360374
-171.037354 82.097572 5.233077
-197.267746 79.167343 47.949844
-227.630768 76.208549 87.807510
-258.041199 73.245178 127.727104
-288.413025 71.430000 167.595673
-317.856476 83.453835 206.245682
-346.946259 98.240669 244.431091
-377.398193 98.231895 284.404663
-404.895691 119.692978 320.499908
-435.217529 119.684120 360.303131
-461.052643 119.683708 403.205048
-458.455688 130.245728 452.230804
-441.935944 130.245728 499.639862
-432.271606 130.295731 520.472900
-428.149475 130.507385 543.600159
-424.471069 130.507385 563.441223
Custom
Zone -418 583
-426.349152 130.507385 567.379944
-488.971680 125.462952 605.695374
-506.795227 158.042831 639.600220
-519.885925 182.756119 681.364380
-522.431519 217.075546 717.657288
-526.814209 238.026169 763.021851
-531.628113 238.018967 812.821899
-536.459717 238.011734 862.800537
-541.302124 238.004471 912.895630
Custom
FlyDown
-545.983093 191.214645 982.600647
ClickActor
gnome_hq_door_4
-538.973633 175.108231 985.487366
-536.678711 175.212830 987.505554
Custom
HailActor Maladominus 7
-529.869690 175.212830 990.945496
ClickActor
gnome_hq_door_4
-537.098572 175.212830 986.680847
-540.980957 174.045532 982.735535
-545.829102 173.140167 977.779785
-545.390869 223.227417 977.322021
-534.789246 262.060944 982.693237
-487.911102 249.120834 970.578857
-439.342651 249.112381 958.270874
-391.117065 239.107635 948.157959
-344.166321 224.603958 938.223145
-297.325134 210.134125 928.311462
-250.173264 195.568405 918.333984
-203.185333 181.053497 908.391541
-158.842911 159.110901 900.080261
-122.187752 124.856079 901.180908
-74.759209 113.453972 889.201904
Custom
FlyDown
-44.980705 98.256325 887.847839
Custom
BixieDistractionGatherItems
-44.990349 91.468117 887.837036
Custom
Zone -30 847
-43.539330 91.035240 872.022522
-756.250244 10.066601 249.987228
-724.284973 45.029987 233.783737
-680.255859 50.320328 210.108200
-636.202942 50.314171 186.422119
-591.995361 50.307987 162.652649
-547.942383 50.301830 138.966309
-503.631531 50.295650 115.141502
-459.853424 46.055119 91.075127
-415.015472 38.754658 69.941650
Custom
FlyDown
-382.728546 17.074858 61.788162
Custom
PathHarvest 21 15 1 0 0 0 "eternal nightshade" 0 15
-375.797546 17.600355 63.116295
-380.549774 16.692076 53.740112
-381.643005 16.703724 50.401638
-391.184021 16.452175 47.399757
-400.991730 16.172081 45.171528
-411.027802 15.456699 44.240471
-421.119110 14.804485 44.948818
-431.071106 14.636902 46.417751
-440.996521 14.365783 48.673439
-450.643036 13.976727 51.515270
-460.133698 14.051115 54.996773
-462.106354 14.420191 64.872673
-461.688080 14.879245 74.928009
-452.495422 15.273214 79.019012
-442.274231 15.812521 80.336906
-432.267548 16.520985 81.000877
-421.956970 17.009665 81.002716
-411.887726 17.676796 80.854965
-401.828888 17.941278 80.822540
-393.139282 17.730619 75.564171
-386.154358 17.440544 68.200356
-379.965942 17.023417 61.020550
-375.797546 17.600355 63.116295
-380.788666 16.920284 59.134521
-413.820526 53.600731 49.883034
-463.688873 54.819859 57.011456
-511.750549 54.819859 71.882820
-559.834167 54.819859 86.749886
-607.131165 54.819859 103.221024
-647.341614 46.762993 132.591232
-680.015686 38.108788 169.459946
-713.046326 27.475174 205.851257
Custom
FlyDown
-740.162476 10.255863 235.873703
Custom
Zone -825 295
-740.162476 10.255863 235.873703
-59.475636 92.193954 871.431702
-95.112946 126.971016 876.679932
-137.058197 152.698425 885.653442
-171.537079 188.507401 892.756348
-210.657928 219.013626 901.493286
-246.479874 253.099350 910.256165
-294.457550 261.072937 922.458008
-342.888702 266.499451 934.654541
-390.640259 276.492767 946.463318
-438.138428 269.527832 962.010132
-484.082977 257.556458 977.847900
-528.252502 237.303802 990.488953
-545.449219 190.823090 983.867981
Custom
FlyDown
-547.210693 172.901245 977.132751
ClickActor
gnome_hq_door_4
-538.986755 175.102982 985.473511
-536.503052 175.212830 987.231995
Custom
HailActor Maladominus 6
-529.611633 175.212830 991.144409
Custom
CallToGuildHall
-529.611623 175.212830 991.144409
Custom
TravelMap "Enchanted Lands" 0 1
0 0 0
-0.802733 4.482332 78.697144
-16.100508 34.980961 41.877426
-41.724644 30.005650 -0.902968
-67.408615 25.018620 -43.783234
-93.017166 29.740707 -86.500053
-119.544533 28.834066 -128.915451
-152.660858 28.834066 -166.814484
-185.661850 28.834066 -204.581100
-218.739838 28.834066 -242.435791
-253.228439 28.229111 -275.108124
Custom
FlyDown
-266.209076 19.591164 -277.917786
-276.241821 19.469788 -277.779327
-295.051331 22.220764 -277.916901
-310.141571 28.188986 -277.823700
-316.364807 31.737602 -278.029572
-333.539459 32.322933 -278.269409
ClickActor
zone_to_rivervale
-333.539459 32.322933 -278.269409
71.706703 -11.620687 32.259495
51.581074 -11.042648 29.547916
37.417973 -11.774783 15.132632
20.711939 -15.183113 4.479239
2.647775 -18.539553 -3.562970
-14.726861 -20.452524 -13.363517
-34.178612 -22.930124 -8.173177
-44.372253 -20.970699 1.824037
-50.322086 -18.638977 3.199661
-64.240387 -18.424248 7.064011
Custom
ToggleWalkRun
-70.452629 -17.353037 2.315666
ClickActor
03_foolsgold_0
-70.452629 -17.353037 2.315666
-73.989410 -17.938999 -5.772447
-72.377808 -17.938997 -6.240400
ClickActor
03_foolsgold_1
-72.377808 -17.938997 -6.240400
-69.480820 -17.659691 -8.448896
-64.185852 -17.438784 -11.826606
ClickActor
03_foolsgold_2
-63.871246 -17.438784 -11.532611
-62.062706 -17.423843 -8.368052
Custom
ToggleWalkRun
-62.062706 -17.423843 -8.368052
Custom
HailActor Neeta 1
-62.062706 -17.423843 -8.368052
