625.645630 21.858013 -419.185852
632.173584 18.952736 -411.988190
638.732788 17.812647 -404.291412
Wait
20
644.639648 17.730789 -396.038788
639.500427 17.812622 -387.145081
634.750977 16.498285 -378.389923
Wait
20
632.091492 15.482771 -373.267120
635.004944 14.199580 -363.781097
637.928711 13.004077 -354.064301
642.733643 12.030092 -345.312439
648.049561 12.341144 -336.632080
653.393372 12.485844 -327.926147
Wait
20
657.418945 12.767837 -321.772125
Custom
Target spore 0 100
657.418945 12.767837 -321.772125
Wait
20
657.418945 12.767837 -321.772125
Custom
ClickActor "shroom door 1"
657.418945 12.767837 -321.772125
Wait
20
0 0 0
Wait
20
721.325867 27.330673 -337.213531
Wait
20
726.680725 27.504721 -343.033325
Wait
20
723.828735 27.777464 -323.147278
Named
Kwillix
CustomNamed
720.953796 27.421082 -335.700775
Custom
CheckAndSet -NoGrabShinys 55
720.953796 27.421082 -335.700775
709.381104 26.607824 -340.060913
694.084351 23.749027 -347.893158
686.822449 17.888433 -380.183075
687.435059 21.437342 -356.819305
700.359253 25.585388 -340.420502
723.887329 27.479494 -337.338440
728.767944 27.863121 -323.077820
719.770142 27.764896 -323.054260
Custom
WaitForMob spore 30
735.549805 27.732832 -339.088501
Custom
Target spore 0 30
735.549805 27.732832 -339.088501
Wait
20
735.549805 27.732832 -339.088501
Custom
ClickActor "shroom door 3"
735.549805 27.732832 -339.088501
755.525330 11.905525 -490.982391
745.465027 12.818210 -491.552917
735.934509 13.210814 -494.617340
Wait
20
734.033508 12.433020 -501.447845
Wait
20
732.672974 11.659973 -517.778015
742.993958 11.601657 -517.622681
Wait
20
746.133423 11.604162 -517.575256
Wait
20
746.133423 11.604162 -517.575256
Named
Steena
CustomNamed
746.133423 11.604162 -517.575256
Custom
CheckAndSet -NoGrabShinys 97
746.133423 11.604162 -517.575256
759.232971 12.064431 -520.166199
739.456543 11.660804 -510.947144
739.212219 12.964576 -494.924194
732.120789 14.060340 -487.981934
756.472778 11.841968 -490.746674
736.841309 12.973996 -496.194580
738.776550 11.623342 -513.937988
Custom
WaitForMob spore 15
746.133423 11.604162 -517.575256
Custom
Target spore 0 15
746.133423 11.604162 -517.575256
Wait
20
746.133423 11.604162 -517.575256
736.034302 11.616806 -518.802612
DontStopForCombat
Custom
ClickActor "shroom door 5"
730.093384 11.702345 -520.969666
Wait
20
0 0 0
Wait
20
709.206787 17.928112 -449.740906
Custom
Target rangie 1 20
709.206787 17.928112 -449.740906
709.729614 17.924660 -457.113800
Wait
20
693.408997 18.384123 -454.034271
Custom
Target rangie 1 30
693.658997 18.353979 -454.072845
679.549744 17.930716 -439.292938
Wait
20
685.960876 17.998772 -432.368652
Custom
Target rangie 1 30
685.960876 17.998772 -432.368652
Wait
20
677.438965 17.908178 -439.758087
Custom
ClickActor "Frindel Sporemiser" 
677.242432 17.904991 -439.928345
Custom
WaitForMob Frindel 100 1
677.242432 17.904991 -439.928345
Named
Frindel
CustomNamed
677.242432 17.904991 -439.928345
Custom
CheckAndSet -NoGrabShinys 153
662.209473 17.845243 -431.518311
680.960571 17.976767 -428.711365
676.215149 17.931393 -416.513306
662.219177 17.981663 -406.696564
Wait
20
662.209473 17.845243 -431.518311
