41.504597 115.569084 -210.951111
46.355461 115.309868 -220.058075
51.080914 115.948280 -228.979202
54.151073 119.540100 -237.972839
53.760525 122.925400 -247.488800
52.311855 122.885529 -257.694733
49.756645 123.376167 -267.544342
Wait
20
46.204445 124.289955 -271.324432
37.843143 124.334061 -271.816315
28.384041 127.685043 -270.414734
19.649494 132.973541 -269.752350
9.494471 134.208588 -269.854523
-0.759568 134.260315 -269.870392
-10.750701 136.626175 -269.524384
-20.707602 141.141327 -269.167480
-30.879818 142.085388 -268.531830
-40.406799 142.126556 -265.169556
Wait
20
-42.554649 142.046753 -260.183319
Custom
ClickActor "zipline activator 1"
-42.554649 142.046753 -260.183319
Wait
50
0 0 0
-104.885956 125.056877 -195.969849
-113.781967 120.516792 -194.645706
-122.172935 114.668274 -193.476791
-131.680939 110.971046 -192.739944
-141.843094 110.492691 -191.921585
-151.822296 112.823265 -190.274765
-161.688507 114.192909 -188.547134
-171.860199 113.959297 -187.445343
-181.845978 111.593147 -187.549362
-190.953613 110.821457 -192.174698
-199.464111 111.078651 -197.852066
-209.608139 111.752197 -196.088303
-219.681824 112.078171 -194.958328
-229.670410 113.033676 -196.325745
-238.998672 116.006699 -198.970993
-247.816238 119.375145 -202.956223
-255.545105 123.925224 -207.729660
-263.163116 127.582108 -213.237701
-271.346954 129.074081 -218.994598
-278.264099 131.361572 -220.021317
-286.893402 135.261017 -229.948914
-296.256470 135.967438 -233.971863
-305.647705 134.553589 -237.599915
-314.924255 134.137451 -241.777542
-324.293274 134.012207 -245.996948
-333.330109 133.868652 -250.737808
-342.596802 133.828720 -255.050842
Wait
20
-350.258972 134.107513 -260.958130
-342.389374 133.772018 -267.282959
-334.628174 134.363205 -273.776398
-326.974335 134.597443 -280.865112
-319.306122 135.590790 -288.085724
-312.191620 136.968613 -295.385986
-305.068878 138.561478 -302.676208
Wait
50
-299.893738 139.273605 -307.142517
Wait
20
-289.609985 141.169998 -314.269989
-238.970901 52.190845 -342.018982
-231.636902 51.900139 -334.746765
-221.503067 51.408173 -334.190613
-211.361694 52.762745 -333.690704
-201.183517 54.032997 -333.297180
-191.906433 54.194397 -337.234161
-182.938705 54.121693 -342.009583
-173.296387 53.580097 -345.526703
-165.512527 54.020321 -352.462006
-158.247101 56.158417 -359.329132
Custom
WaitForMob Construct 100 1 0 150
-154.200119 57.077740 -374.528107
Named
Construct
CustomNamed
-154.200119 57.077740 -374.528107
-184.818314 55.551022 -329.836212
-196.930267 54.515835 -333.219788
-207.146759 53.454330 -333.113617
-217.281677 52.201530 -332.896637
-226.988480 51.816727 -335.401428
-235.821732 52.005276 -340.803162
-244.455383 51.931267 -335.507050
-261.618011 52.526196 -348.389587
-259.481964 50.285275 -321.827728
-265.161743 51.571117 -313.695862
-270.848053 52.194786 -305.261597
-274.919281 55.358856 -296.382019
-277.861694 58.557686 -287.030792
-281.747986 60.606625 -277.562744
-285.502655 61.535431 -268.186371
-289.361877 60.775177 -258.883087
-291.629028 59.528278 -249.023636
-296.713409 57.551537 -240.469803
-299.018250 57.590191 -230.618271
-308.908875 57.786289 -228.353516
-319.092804 58.963490 -228.205795
-329.076080 60.234127 -227.440292
Wait
20
-329.076080 60.234127 -227.440292
Wait
20
-340.049988 62.919998 -209.339996
-248.481979 212.065765 -152.271942
-262.845459 210.393082 -188.038040
-284.991272 214.494507 -220.806671
-282.100647 214.703888 -234.945297
-280.966034 215.471268 -242.872147
Custom
Target fiend 0 30
-285.646698 215.988174 -244.382019
Wait
20
-285.646698 215.988174 -244.382019
-282.100647 214.703888 -234.945297
-284.991272 214.494507 -220.806671
-262.845459 210.393082 -188.038040
-248.481979 212.065765 -152.271942
-231.637787 212.858704 -138.989517
-231.689789 212.799438 -140.443939
-225.028763 213.224686 -147.976730
-223.552185 215.156921 -157.803574
-220.691971 215.639130 -167.425140
Custom
Target fiend 0 30
-210.491058 214.809830 -174.938324
Wait
50
-210.491058 214.809830 -174.938324
-216.691788 214.385269 -176.601303
-216.517746 213.161087 -186.745163
-216.047623 210.571045 -196.886795
-213.847076 206.536224 -205.810318
-206.093735 202.452423 -210.677200
-196.802139 199.775406 -213.864532
Wait
20
-188.273590 199.844666 -217.822159
-196.856857 199.858368 -211.889801
-206.525360 202.459930 -209.668747
-215.987915 205.580399 -210.730942
-225.714844 206.612198 -213.392059
-233.865372 206.893463 -219.627609
Wait
20
-244.228302 206.406525 -218.067352
-248.672501 207.399460 -217.022644
-263.417572 223.750534 -242.143555
Custom
Target fiend 0 25
-274.115356 233.306137 -251.301376
Wait
20
-274.115356 233.306137 -251.301376
-278.884094 239.089249 -264.258270
-283.435944 245.700455 -264.888123
-289.518982 248.869049 -272.321198
-281.425262 249.904785 -278.719025
-261.941803 251.883148 -277.815125
Custom
Target fiend 0 25
-256.711304 255.669098 -269.493835
Wait
20
-256.711304 255.669098 -269.493835
-261.941803 251.883148 -277.815125
-281.425262 249.904785 -278.719025
-274.090179 250.945465 -285.449677
-267.880859 253.738480 -292.924011
-263.465912 254.225082 -302.261139
-259.692383 254.828796 -311.540100
-264.778687 254.436096 -320.424225
-268.336945 254.083572 -330.009644
-276.884277 255.388123 -335.616821
Custom
Target fiend 0 30
-293.044464 254.064728 -331.913544
Wait
50
-293.044464 254.064728 -331.913544
-280.346222 255.527771 -332.761780
-271.732819 254.200043 -326.939270
-264.013092 254.526993 -320.002472
-259.966492 254.773804 -310.688568
-263.903564 254.171326 -301.377380
Custom
WaitForMob Shadowphage
-263.842102 254.177261 -301.471313
Named
Shadowphage
CustomNamed
-263.842102 254.177261 -301.471313
-274.485931 250.149597 -281.338440
-264.006500 250.910782 -278.580811
-274.485931 250.149597 -281.338440
Wait
20
-254.525223 255.393799 -313.395050
Custom
ClickActor -Actor "zipline activator 3" -LoopUntilNotInteractable
-254.525223 255.393799 -313.395050
Wait
100
0 0 0
Wait
20
-186.155014 168.736832 -364.155060
Custom
ClickActor -Actor "boot backpack launcher" -LoopUntilNotInteractable
-186.155014 168.736832 -364.155060
Wait
50
0 0 0
-261.369293 254.741531 -319.007294
Wait
20
-280.140015 255.529999 -332.910004
Named
Vinzerah
CustomNamed
-190.126694 312.813477 -303.418091
Custom
ClickActor "hermit portal"
-190.442932 313.607727 -349.396790
Wait
50
0 0 0
113.471146 75.926178 -475.849091
Custom
LootOptions ROUNDROBIN
113.471146 75.926178 -475.849091
103.460785 77.803497 -475.646606
93.977661 80.736931 -473.277985
84.779846 83.720161 -470.136108
75.506546 86.740120 -466.897034
65.979744 89.827042 -463.569489
56.718430 92.454681 -460.223206
Custom
CheckQuest -NotActive "Save the Last Blast for Me" 401
47.178219 94.061798 -457.423187
37.623409 96.324432 -454.936005
27.962080 100.547874 -455.483704
17.835299 101.521103 -456.487854
7.840206 101.445419 -456.991974
-2.351707 101.296494 -455.250977
-10.784445 100.896309 -449.501312
-18.167351 101.182587 -442.460175
-25.048876 101.134865 -435.012634
-32.455208 99.657974 -427.707275
-41.026234 99.354309 -422.264618
-50.487198 100.334702 -418.549316
-60.000233 101.598976 -414.833160
-68.786736 105.102211 -411.400818
-78.013260 108.010162 -408.181396
-87.978333 109.791710 -405.871246
-97.846939 112.696999 -404.648407
-107.929832 115.598389 -403.842590
-117.953796 117.467232 -402.943542
-127.944595 117.952248 -400.982330
-137.706650 118.302452 -397.473785
-146.444427 118.762520 -392.452850
-153.451538 118.198753 -385.240265
-158.265961 117.401634 -376.241608
-161.353561 114.880455 -366.938660
-163.794388 113.791298 -356.845734
-166.797379 114.560722 -346.969330
-171.298126 114.519493 -337.852905
-167.910690 114.632286 -327.827057
-164.259872 115.771828 -318.202942
-159.051392 116.858452 -309.474121
-153.734848 115.691254 -301.072388
-155.101715 114.518349 -291.052917
-159.343704 113.414017 -281.768188
-163.853836 116.489403 -273.001678
-168.819595 118.783340 -264.328552
-172.765945 119.907440 -254.855927
-180.496628 118.138184 -248.358368
-189.356003 113.515015 -245.228409
-198.027924 110.364708 -241.094162
-205.896622 110.284317 -234.285034
-212.452087 111.700455 -226.173965
-217.013550 110.952995 -217.050079
-218.325027 110.140137 -206.815536
-218.821960 112.163216 -196.702469
-226.456787 112.419472 -190.187744
-235.105621 114.211884 -195.305084
-243.318954 117.541740 -200.062302
-250.861282 121.346313 -205.664795
-258.830597 125.487526 -210.757263
-267.194183 128.796021 -215.753510
-276.330292 130.237000 -220.479553
-284.845612 133.864532 -225.011597
-293.486359 135.851776 -229.983307
-302.652100 134.634125 -234.515762
-312.172028 134.241455 -238.473129
-321.278656 133.877335 -242.706299
-330.729218 134.005859 -246.945129
-340.461456 133.551468 -250.329361
-350.497620 134.576965 -251.170944
-360.707520 134.599091 -249.503586
-370.186096 134.852707 -245.712753
-377.768463 135.073059 -238.686615
-385.520172 137.632767 -232.721054
Wait
20
-393.344818 139.541077 -227.073608
-391.860291 142.127029 -217.409317
-392.829010 143.819809 -207.355331
-402.851990 144.535706 -207.963837
-413.049103 143.871719 -208.570282
-423.200256 143.154037 -208.950577
-433.858093 143.899231 -208.470016
-443.650085 144.775436 -205.547379
-451.682556 146.424133 -199.158829
-456.520905 148.763062 -190.701218
-459.308838 152.348251 -181.385117
-461.236542 155.739944 -171.799606
-461.916412 159.383957 -161.931564
-462.272491 162.835342 -152.351852
-462.028870 166.178040 -142.902252
-460.118286 169.882401 -133.708023
Custom
HailActor "Selig Balderdash" 6
-456.489044 172.024796 -128.281082
-457.286682 167.793243 -137.587341
-465.183075 161.032944 -157.413467
-462.618408 157.658234 -166.639648
-460.423645 154.214249 -176.020554
-457.291687 150.822891 -184.999130
-452.215302 147.586853 -193.477066
-445.301178 145.752884 -200.690109
-436.859711 143.928406 -206.030716
-428.071075 143.814621 -211.038025
-419.402405 143.086731 -216.574615
-410.741852 143.774231 -221.845566
-402.242096 141.537155 -226.671768
-393.673462 138.870682 -231.372498
-384.984039 136.305450 -235.740494
-376.100281 135.286560 -240.969406
-367.508911 134.745041 -246.244965
-358.500671 134.947708 -251.037720
-349.148804 134.734589 -255.071396
-339.077759 133.621765 -252.843292
-329.714844 134.003784 -248.170181
-320.297394 133.938446 -243.421921
-310.825256 134.306015 -238.767746
-301.372375 134.773514 -234.957550
-292.240479 135.752731 -230.601807
-283.437347 133.656219 -226.038361
-275.244141 129.801041 -221.666534
-266.221313 128.658112 -216.933701
-257.845764 125.184677 -212.437927
-249.603149 120.922523 -207.901154
-241.134567 117.209633 -203.269714
-232.258072 113.857300 -199.542603
-222.500031 112.271393 -197.986069
-215.417633 110.808212 -205.565018
-213.483734 110.913246 -216.564697
-212.472748 111.727844 -226.806320
-208.537857 110.637421 -235.995270
-199.626251 110.126358 -241.126343
-190.329849 112.925392 -244.296982
-181.714127 117.503723 -247.495789
-174.377884 119.503403 -254.560898
-169.211395 119.484543 -263.514496
-164.430786 116.682007 -272.027313
-159.035233 113.716949 -280.230621
-151.973083 114.353668 -287.362366
-142.388748 114.249939 -290.861359
-132.838577 113.987503 -294.898956
-123.305969 113.290230 -299.114563
-114.322182 112.387352 -303.530792
-105.770294 110.100746 -308.458557
-97.323189 108.911346 -313.844482
-88.857346 106.228348 -319.246429
-80.391495 104.540916 -324.648468
-72.254395 101.923119 -329.840668
-63.952938 99.430397 -335.137756
-55.596672 96.800850 -340.668152
-47.258339 95.131165 -346.771606
-39.710938 93.596413 -353.343079
-33.561939 92.762108 -361.349579
-29.085411 91.703529 -370.418976
-24.999554 93.001472 -379.588470
-19.285101 93.007813 -388.068390
-12.150481 93.117653 -395.612610
-5.128026 95.165100 -402.790009
3.359358 97.775047 -408.468384
12.078416 99.608665 -413.451355
20.802664 100.686150 -418.987885
30.473482 99.798714 -420.775665
36.034855 100.493546 -410.943848
43.506031 100.926872 -404.097321
51.822681 103.301910 -398.796387
59.890015 103.560570 -392.640930
67.181236 103.645493 -385.392944
74.127579 104.168274 -377.972382
81.173363 103.672295 -370.511993
88.380379 103.126816 -363.588806
95.619797 103.621933 -356.594543
102.472336 103.068016 -349.088074
109.078766 100.689171 -341.752441
115.786484 98.477753 -334.344421
123.897102 95.396660 -328.867340
132.848480 92.952377 -325.009064
142.384476 90.608719 -321.561981
151.219650 87.299820 -317.868103
Custom
CheckQuest -NotActive "Save the Last Blast for Me" 619
154.994308 85.775459 -314.947205
Custom
HailActor "Zofia Cobbleshod" 12
154.994308 85.775459 -314.947205
Custom
Path -PathLines 191 -Loop -Reverse -QueryActor "-ActorName|Boom Barrel|-Trigger|QuestStepChecked:Recover the stolen boom barrels within Fungus Grove|-Events|Harvest"
167.942459 80.547226 -312.679016
175.886353 78.147415 -318.710785
181.790100 73.561508 -325.808411
185.464432 70.480103 -334.598511
187.315506 67.271629 -343.973877
188.643982 65.049294 -353.962433
189.456284 63.873245 -364.141632
189.957977 62.055901 -374.086334
190.451675 59.397335 -383.872253
199.957764 60.615067 -380.684418
208.987457 61.242237 -376.310547
216.770508 65.363945 -371.229034
223.130524 69.999298 -364.787415
229.374268 72.806137 -357.423737
236.752411 74.600914 -350.564270
245.343750 72.432762 -345.474426
255.244263 74.036713 -345.250153
263.396881 77.994583 -349.913574
267.138428 79.679184 -359.168213
268.565094 80.261765 -369.107635
269.951416 80.559235 -379.148071
271.906372 82.784409 -389.278046
269.210602 80.383156 -379.795959
266.817932 79.828934 -369.996063
271.709259 81.197121 -361.366699
280.932678 83.773453 -358.171814
290.668091 86.538399 -356.884064
298.411377 87.119049 -363.453094
304.845337 86.976151 -371.413727
311.237885 86.197083 -379.176575
305.805939 87.220207 -370.679474
302.409515 88.080780 -361.047241
303.184967 90.263313 -351.232452
309.702271 93.002403 -343.903656
319.751373 94.549149 -343.950256
329.507874 95.990295 -346.376984
339.173676 99.004211 -346.551300
348.730103 102.786919 -346.307587
358.254822 106.367050 -347.835876
367.235962 109.198273 -351.276825
376.371704 112.395935 -354.320923
385.772888 115.976852 -352.940186
395.659637 117.972145 -351.496704
397.023560 118.262665 -349.880676
388.335358 116.699120 -355.012329
378.858032 113.408623 -353.308563
370.584900 110.545013 -348.096710
370.389954 111.148445 -337.887939
374.392822 113.091408 -328.555389
377.057922 114.410011 -318.933685
375.434113 113.809555 -308.869720
371.933075 112.431511 -299.424316
365.838440 110.045387 -291.678680
356.299347 106.590424 -289.831726
346.487976 105.054573 -291.453491
338.377869 104.931137 -297.752319
330.452362 103.848961 -304.291138
322.758026 102.068802 -310.823608
315.991821 99.930977 -318.152802
309.320190 97.317139 -325.597900
302.741028 93.862984 -332.583527
294.527374 90.921242 -337.616821
285.103973 87.713890 -339.695679
275.614899 84.300720 -340.022430
266.108795 80.565376 -339.330261
257.440918 75.388786 -338.347961
248.178848 71.442909 -337.298401
237.927597 73.486702 -336.152527
227.681442 72.862991 -334.810699
217.886353 71.505661 -332.829193
208.673019 68.638733 -329.541962
200.542068 69.121307 -323.290283
193.724243 71.689278 -316.394348
189.974655 73.516136 -307.224487
193.829178 72.241020 -298.044373
199.666000 70.391342 -290.021942
207.600266 68.416237 -284.077820
216.640945 66.166992 -279.764130
225.523560 64.689995 -275.223022
234.388702 63.857735 -270.559509
243.930099 62.977291 -266.005493
253.786835 62.751190 -263.599609
263.736206 62.409649 -261.769104
273.696503 63.066666 -260.249390
283.617249 63.918198 -258.866089
293.616699 64.008949 -257.471802
303.810333 63.848335 -256.031311
313.925446 63.654419 -254.019409
323.655945 64.348862 -251.814514
333.670685 63.817207 -249.514542
343.414246 64.628151 -247.276855
353.315186 64.349785 -245.110001
363.475616 64.393951 -243.333069
373.595032 64.194885 -241.802261
383.654633 64.206482 -240.736588
391.922028 64.194885 -234.697937
401.308685 64.194885 -230.772537
410.767914 64.194885 -227.085693
420.617950 64.194885 -224.928986
430.596771 64.993706 -223.679047
440.538910 67.503838 -222.457672
450.472168 69.931732 -221.809692
460.187439 72.380104 -221.815567
469.849762 74.883011 -222.631271
479.741913 77.024437 -224.061249
489.560059 79.233635 -226.131226
498.577637 81.698540 -229.982437
506.330383 84.959602 -235.669708
505.712280 86.321548 -245.586517
503.194550 86.882187 -255.259064
502.518463 87.504135 -265.286438
502.908722 86.451439 -275.471344
503.426086 85.984406 -285.614136
504.256378 84.863243 -295.774292
505.285034 85.403328 -305.978394
506.305786 85.392883 -316.103333
507.365417 85.937218 -326.263947
509.629425 86.266777 -336.062592
517.030457 86.448624 -342.959991
527.242981 85.206352 -343.428711
537.092285 85.491371 -340.999268
545.734802 86.262001 -335.844116
552.304504 87.246384 -328.348999
557.354797 87.947906 -319.521820
562.672668 88.332275 -309.168701
560.413940 88.111839 -318.928192
555.204895 87.433784 -327.622314
547.422668 86.509506 -334.042938
537.783936 85.642532 -336.688477
527.781555 85.893051 -338.680267
518.403809 87.159470 -335.314972
511.936188 86.682564 -327.463959
507.709869 85.846916 -318.425446
504.266754 85.268936 -308.919464
502.196503 85.449455 -298.959442
500.626617 85.614120 -288.764648
499.068634 86.787140 -278.688782
496.646301 87.657089 -268.752869
492.715729 87.307518 -259.447388
486.954346 85.351936 -251.343262
480.503693 81.871635 -244.080521
473.110107 78.471588 -237.915878
465.074097 74.350441 -233.127167
456.039551 71.054558 -229.710861
446.143188 68.859909 -228.321289
436.344818 66.547035 -227.256805
426.477844 64.404243 -227.314575
416.529633 64.194885 -228.756210
406.903595 64.187546 -232.475922
400.313812 63.623878 -240.506897
405.735321 60.349819 -248.580292
412.918732 56.918911 -254.926590
419.937500 53.755089 -261.916595
427.967163 50.498852 -267.021545
436.603638 47.151508 -271.126373
445.430786 43.796101 -274.893677
454.112854 41.430977 -279.329498
461.934723 41.365585 -285.566010
456.486359 40.031147 -293.923462
447.157257 39.036583 -297.625763
436.815552 38.703293 -298.597198
426.748932 37.864708 -299.348236
416.794769 36.557724 -300.631256
406.612946 35.629795 -301.433136
394.205627 34.665909 -303.380371
404.147156 35.539207 -301.106873
414.213104 36.240795 -300.939453
424.200745 36.930424 -301.918701
434.350464 37.014904 -302.883179
444.313843 38.611553 -303.405914
454.346832 39.007233 -304.415009
464.245880 38.347393 -307.131897
473.428680 37.441948 -311.832703
481.296173 35.929916 -317.865326
487.904968 34.240070 -325.470337
494.312469 31.543842 -332.697968
501.767456 28.418407 -338.597412
510.788971 26.303490 -342.436340
520.216003 24.828314 -345.632355
530.233459 25.256804 -347.648590
540.458313 25.256804 -348.669586
550.324463 25.256804 -350.816650
558.039001 25.134739 -357.573700
561.560669 24.817978 -366.955872
563.893616 24.819273 -376.737061
566.057251 24.817091 -386.598999
567.398010 24.819273 -396.607025
565.943054 24.819273 -406.736328
563.024170 24.912634 -416.384125
558.064392 24.913023 -425.481323
554.355408 24.935749 -434.861786
552.639893 24.818739 -441.971680
167.595581 80.663658 -312.850403
167.595581 80.663658 -312.850403
167.595581 80.663658 -312.850403
174.602692 78.562698 -309.960144
183.187073 75.573654 -305.431732
191.486465 72.933716 -299.871002
199.415421 70.829002 -293.820892
207.334213 68.775932 -287.525574
214.972992 66.551880 -281.452637
222.856537 64.952652 -275.506500
231.603546 63.997856 -270.275238
240.683670 62.990967 -265.966217
250.485641 62.647560 -262.818451
260.347992 62.523403 -260.011627
270.468811 62.727013 -258.885376
280.549377 63.943512 -258.055908
290.717194 63.964508 -256.884064
300.826508 63.864143 -255.291428
310.937531 63.430801 -253.251266
320.814301 64.422188 -251.158401
330.597595 63.768311 -248.916046
340.574646 64.516876 -246.629288
350.474182 64.222130 -244.360291
360.654358 64.339737 -242.072662
370.803558 64.220734 -240.352173
380.860199 64.194885 -239.094864
390.857910 64.181572 -239.433228
399.951385 62.946468 -243.817139
407.261810 59.615852 -249.789948
414.841248 56.188946 -255.742691
422.872742 52.842785 -261.284973
430.947632 49.535183 -266.729828
438.956573 46.253979 -272.130219
446.229279 43.159904 -278.355499
453.379395 41.221592 -285.399109
450.902527 39.617580 -295.121002
441.890167 38.590855 -300.075958
432.143036 37.001980 -302.140472
422.129486 36.721447 -302.642548
412.024963 35.863380 -302.200775
401.849487 35.354370 -301.395020
392.227966 34.495777 -304.742798
Wait
20
384.380341 33.552521 -311.128479
Custom
UseItemVdl puffball
384.380341 33.552521 -311.128479
379.656281 30.616596 -319.682678
375.396667 26.515156 -328.169739
370.915985 22.009048 -335.967865
366.308319 17.409075 -343.982452
361.295227 13.826128 -352.023224
356.020905 12.367621 -360.439301
355.313751 9.265736 -370.027039
364.273834 5.697310 -373.032990
373.078644 5.297340 -367.905640
381.144897 6.094495 -361.673645
388.945282 4.477077 -355.201447
397.408600 3.803342 -349.461700
406.925995 3.788367 -345.822083
416.751984 3.644428 -343.306885
426.799347 3.502561 -342.905609
436.953156 4.325788 -343.036957
446.898895 4.736995 -344.308929
456.649719 5.019856 -347.041748
465.567291 2.655528 -351.429596
473.774200 1.328768 -357.195618
481.386566 0.520075 -363.886993
488.691528 -0.624077 -371.332275
494.863129 -0.932698 -379.256683
499.711487 -1.904208 -388.016510
503.699799 -2.175039 -397.417908
Wait
50
508.704407 -2.769792 -407.760956 
505.672058 -2.867456 -417.344696
502.301819 -3.005472 -427.021393
Wait
50
500.411255 -4.373946 -444.440735
497.763824 -4.075456 -435.884338
492.841644 -3.371505 -445.151001
487.027588 -3.086033 -453.484650
479.501648 -2.983697 -460.530426
471.635101 -1.446634 -466.952881
Wait
50
465.824249 -0.650352 -475.954498
454.758453 1.066311 -477.540436
445.143707 3.113967 -479.760559
434.689758 3.431204 -479.469208
424.717285 3.525663 -477.893280
414.955841 3.775135 -475.228363
Wait
50
404.147552 4.194301 -473.430298
396.869019 4.490077 -466.430939
389.594147 4.168840 -459.551086
382.273010 4.012489 -452.284454
375.121216 4.117164 -445.185944
Wait
50
364.609955 4.928182 -437.088196
359.745239 5.671776 -431.945892
Wait
20
354.276154 6.685794 -430.965912
Wait
50
338.740479 7.684180 -445.486664
Named
Zugu
CustomNamed
338.740479 7.684180 -445.486664
362.325195 5.549901 -437.004303
370.858734 4.120142 -442.676147
378.421600 4.068902 -449.634857
385.334259 4.062629 -457.248352
392.076660 4.357622 -464.919678
398.858612 4.185797 -472.422852
407.499451 3.871731 -477.600647
417.165192 3.368366 -480.314941
427.146729 3.927989 -482.800507
436.865479 5.006005 -485.124573
446.935394 3.237934 -485.475464
456.420715 0.707474 -482.252258
465.173798 -0.552201 -477.069733
473.439056 -1.235607 -471.028961
481.564850 -2.697615 -465.086517
489.651306 -3.045414 -459.172852
497.796783 -3.743275 -453.216034
505.468750 -4.092749 -446.702301
510.029419 -4.528472 -437.273590
511.525696 -4.128546 -427.094086
512.424072 -3.856712 -416.920593
511.909760 -2.957536 -406.608704
508.888275 -2.351389 -396.941895
504.222748 -2.132631 -387.971405
498.352325 -1.280791 -379.894165
491.484741 -0.852007 -372.475372
484.028320 0.370096 -365.460693
476.123596 1.147470 -358.617371
467.824951 2.303399 -351.983826
459.497314 4.201035 -346.463593
450.089966 4.888371 -342.354889
440.059601 4.224303 -340.763245
429.732635 3.471575 -340.533295
419.650146 3.453414 -341.271149
409.429901 3.635657 -343.443939
399.742584 3.804247 -346.948029
390.840668 4.024848 -351.978821
382.813843 5.248116 -357.846191
375.268494 5.596776 -364.433472
367.311615 5.353467 -371.243408
357.687378 6.562477 -374.557404
358.822113 9.430140 -364.933868
360.578186 12.743521 -355.657806
363.813141 16.025217 -346.334167
368.553589 20.150661 -338.331573
373.697876 25.043203 -331.001862
379.237335 28.856871 -323.391327
385.214691 32.640377 -315.937317
392.631165 34.192822 -309.411041
402.481445 35.265289 -305.794922
412.459717 35.875484 -304.187897
422.805176 36.721107 -303.745178
432.887634 36.984772 -302.601959
442.314423 38.663662 -299.357544
451.305084 39.782539 -294.276367
456.003510 41.160206 -285.073608
453.851410 41.589821 -275.033539
447.266846 44.183083 -267.737305
438.638153 47.810600 -262.808807
429.571838 51.338173 -259.096802
420.304108 54.544155 -255.841248
411.181702 57.903137 -252.341339
403.340302 61.554073 -246.392212
397.133362 64.025040 -238.904236
392.178894 64.194885 -231.070511
382.677185 64.225906 -235.349274
373.348083 64.213303 -239.422409
363.656342 64.337173 -242.568146
353.529663 64.262566 -244.172989
343.372681 64.632385 -245.633392
333.173065 63.731239 -247.142120
323.069916 64.097382 -248.636551
312.870270 63.524803 -250.145248
302.959991 63.667557 -251.611160
292.953247 64.205246 -253.091339
282.464233 64.206963 -254.642853
272.457520 63.509804 -256.123016
262.233795 62.910500 -257.635284
252.202927 63.286407 -259.119049
242.092072 63.269325 -260.712494
232.541168 63.685120 -263.788513
223.444244 64.312210 -267.970764
214.755936 66.240974 -273.325836
206.967270 68.895515 -279.621613
199.493591 70.596916 -286.431885
192.321091 72.176140 -293.425995
Custom
CheckQuest -NotActive "Save the Last Blast for Me" 828
185.193756 74.839882 -300.184204
177.364685 77.834198 -305.927032
Custom
HailActor "Zofia Cobbleshod" 3
157.451889 84.730034 -311.902863
180.198990 76.393127 -315.756897
182.479050 73.295280 -325.352905
184.551270 70.682419 -335.098877
186.163788 67.322037 -344.506744
186.592819 65.221291 -354.319183
187.183792 63.934441 -364.612030
187.827255 62.039211 -374.438324
188.467590 59.359184 -384.216003
189.119843 57.517395 -394.359253
188.654861 57.788074 -404.537842
185.607254 58.930515 -414.119232
180.238205 60.922009 -422.535736
178.993347 63.647774 -430.209381
158.996063 73.552330 -466.766357
169.895416 75.224556 -474.857697
178.428406 75.183411 -480.459229
185.070999 75.186935 -487.950165
191.384857 75.453217 -495.728302
197.862152 75.220100 -503.719147
204.706940 76.310417 -511.583252
212.339157 77.433113 -518.248474
221.538116 78.289864 -522.580444
231.270767 77.749596 -525.335266
240.987961 76.295876 -528.398865
250.819550 75.682426 -531.505127
260.764313 74.203247 -533.816467
270.901001 72.795197 -535.700439
281.069061 69.927353 -535.609070
290.486542 68.679039 -531.472107
299.650513 67.999954 -526.642334
308.309814 70.881531 -521.952881
317.439087 75.053604 -518.373657
326.482300 79.709633 -517.484924
336.033264 83.475769 -518.212769
345.440155 87.989250 -518.138733
354.348938 92.228249 -515.150818
361.679047 95.774200 -509.163849
367.495728 99.589874 -501.400116
374.466858 102.955521 -494.952942
383.580109 105.424706 -490.930084
393.625793 106.961266 -489.616638
403.703400 105.914787 -490.666138
413.539490 106.051857 -492.793396
423.020538 107.295059 -496.169525
432.394592 108.081047 -499.574677
441.783539 107.877045 -503.639221
450.094147 105.766182 -508.785919
459.102905 104.115982 -513.776733
468.017975 103.902069 -518.603027
477.173828 105.329933 -523.127380
486.496887 104.482803 -527.619446
495.776428 106.598228 -531.698792
505.598511 108.704399 -533.315491
515.248596 110.396408 -530.766052
505.168396 108.729195 -531.528687
Custom
ClickActor "dragonfly mount"
507.325012 110.433258 -525.159729
Wait
200
0 0 0
405.773376 203.260010 -305.966248
410.080292 206.710480 -314.481232
414.246155 211.549744 -322.335236
418.238678 216.689011 -330.044769
421.758606 222.323486 -338.053497
424.670959 227.510986 -346.432587
427.161377 232.618195 -354.726135
430.170715 237.005020 -363.371185
435.623047 240.433838 -371.101929
437.385712 243.367462 -380.578217
438.636414 245.095871 -390.497040
439.817902 246.504105 -400.341583
Wait
20
440.752747 248.314346 -408.131134
441.457397 251.433243 -417.872223
Custom
Target royal 0 20
441.752472 252.571884 -420.993896
Wait
20
441.752472 252.571884 -420.993896
Custom
LootOptions ROUNDROBIN
441.752472 252.571884 -420.993896
Custom
UseItemVdl puffball
441.752472 252.571884 -420.993896
Named
Cremini
CustomNamed
441.752472 252.571884 -420.993896
Wait
20
455.989899 262.120087 -452.899597
