-944.574707 71.157242 -431.998840
-960.855347 70.080994 -430.515259
-970.120789 70.079994 -426.513519
-978.000916 70.080994 -420.231171
-981.689453 70.340431 -410.710876
-985.645325 70.081001 -401.481720
-991.521423 70.080994 -393.097565
-997.620972 70.080994 -385.068237
-1005.296509 70.080994 -378.505432
-1014.302979 70.081001 -373.882935
-1024.052124 70.080994 -371.036499
-1034.043701 70.080994 -369.393402
-1044.202881 70.080994 -369.101379
-1054.334595 70.080994 -369.474060
-1064.433472 70.534630 -369.148529
-1074.719604 70.888321 -368.261322
DontStopForCombat
Custom
WaitForMob Bloodbath 200 1
-1088.329102 70.311707 -367.167145
Named
Bloodbath
CustomNamed
-1088.329102 70.311707 -367.167145
StopForCombat
Custom
Target "a cracked wall" 0 15
-1113.489380 69.454437 -378.715729
Custom
Target "a cracked wall" 0 15
-1113.489380 69.454437 -378.715729
Wait
50
-1113.489380 69.454437 -378.715729
Wait
20
-1113.489380 69.454437 -378.715729
-1106.332275 69.474838 -393.597809
-1102.171997 69.551102 -402.863220
-1099.273438 69.628723 -412.694733
-1094.730957 69.463623 -421.636627
-1085.008301 69.256485 -424.635132
-1075.074707 68.627182 -426.081146
-1065.028198 67.677521 -424.414429
-1054.925537 67.470428 -425.238312
-1047.442261 67.738525 -432.265442
-1040.565063 68.098312 -439.778381
-1033.798218 67.468666 -447.259369
-1026.943970 67.521820 -454.605530
-1020.250549 66.798828 -462.112335
-1014.150085 66.798836 -470.118469
-1008.385437 66.798828 -478.438141
-1002.519897 66.929901 -486.854065
DontStopForCombat
-996.631165 66.968498 -495.133240
Custom
Target whirl 1 10
-972.705566 67.433968 -497.110291
Custom
Target whirl 1 10
-956.687805 67.408470 -486.712891
Named
Spelobanzeothitem
CustomNamed
-956.145386 67.425407 -487.060638
StopForCombat
-955.619568 67.441833 -487.397614
-965.414185 67.014404 -489.663483
-975.409119 67.014404 -491.466644
-985.378967 67.014404 -492.815277
-995.518921 66.980301 -493.382568
Wait
20
-1001.165527 66.930702 -493.382813
-1002.221802 67.236473 -483.284973
-1006.452454 66.813736 -474.161499
-1015.968323 66.798828 -470.427185
-1025.158569 66.798828 -474.524261
Wait
20
-1028.572998 66.771492 -483.781403
Custom
Target "a cracked wall" 0 10
-1028.572998 66.771492 -483.781403
Wait
50
-1028.572998 66.771492 -483.781403
Wait
20
-1028.572998 66.771492 -483.781403
-1035.327026 66.305138 -494.509308
-1036.248779 65.710831 -504.630524
-1031.214600 63.195702 -513.068054
-1028.887939 60.728161 -522.647888
-1029.472778 57.892838 -532.260376
-1030.772461 55.487793 -542.135071
-1032.247559 55.252689 -552.071838
-1031.964722 55.424759 -562.312500
-1034.350586 54.820232 -572.013184
-1038.472656 53.856030 -581.252319
-1041.381470 53.055302 -590.822998
-1042.044312 52.007877 -600.908081
Custom
WaitForMob Forblarg 100 1
-1045.355957 53.075043 -600.350281
Named
Forblarg
CustomNamed
-1045.355957 53.075043 -600.350281
Custom
ClickActor pit_entrance
-1031.521606 52.565041 -609.773865
Wait
20
0 0 0
Named
Morbigog
CustomNamed
-1023.947754 12.070208 -602.394165
Custom
ClickActor pit_exit
-1020.624207 11.384729 -600.820496
Wait
20
0 0 0
Wait
20
-1063.585571 54.045586 -576.278137
Custom
Target "a cracked wall" 0 10
-1063.585571 54.045586 -576.278137
Wait
50
-1063.585571 54.045586 -576.278137
Wait
20
-1063.585571 54.045586 -576.278137
-1072.871460 54.964909 -572.646118
-1080.023804 55.356110 -565.639954
-1089.411377 55.110115 -561.983093
-1098.998901 55.932594 -558.842285
-1108.244629 59.522522 -557.075928
-1116.391846 65.354698 -557.840698
-1126.150146 68.084793 -558.316162
Wait
20
-1135.000244 68.705826 -552.613525
-1142.779907 68.639992 -546.202026
-1150.704224 69.373154 -539.323669
-1158.307983 69.835342 -532.121582
Wait
20
-1166.848511 69.569534 -527.158508
-1167.964600 69.841614 -516.893066
-1168.947998 69.842545 -506.681122
-1169.825317 69.371948 -496.671661
-1170.985352 69.744843 -486.483093
-1172.516846 71.304199 -476.490448
Wait
20
-1172.834961 71.290627 -474.871796
-1181.944702 70.891670 -479.362030
Wait
20
-1190.857300 70.261269 -486.771240
DontStopForCombat
-1197.934570 70.813339 -479.644745
Wait
20
-1205.332520 71.341850 -474.680145
-1213.381836 71.080696 -481.048096
Wait
20
-1218.290161 70.133347 -484.584229
StopForCombat
-1216.770142 69.933029 -494.570496
Wait
20
-1215.199707 70.705078 -508.706085
-1214.383301 70.480881 -518.743164
-1217.773560 70.343399 -528.164856
Wait
20
-1218.786743 70.334244 -528.685303
-1213.046509 70.372307 -536.900330
-1206.740723 70.503456 -544.821472
-1200.508179 70.241074 -553.031250
-1194.834595 70.289726 -561.472900
Wait
20
-1192.958130 70.245918 -563.865845
-1183.380005 69.974388 -567.093384
Wait
20
-1179.229004 71.088615 -568.605652
-1175.560181 70.122467 -559.348999
Wait
20
-1172.064087 70.203796 -551.977112
Wait
50
-1172.003540 70.193817 -552.239502
Custom
WaitForMob Tashakhi 200 1
-1172.003540 70.193817 -552.239502
Named
Tashakhi
CustomNamed
-1172.003540 70.193817 -552.239502
Wait
20
-1147.781006 69.371948 -485.802765
