-1.275587 -1.576841 0.394190
Custom
BalanceTrash 0
-11.316028 -2.703951 -1.328625
-21.185347 -4.640940 -2.039811
-31.155748 -6.597769 -2.826137
-41.088985 -8.547304 -3.610009
-50.898075 -10.472470 -4.499744
-61.069134 -10.997500 -5.608510
Wait
20
-63.784901 -10.997500 -5.931212
-63.784901 -10.997500 -5.931212
-62.845112 -11.298305 -15.956532
-61.876263 -12.536356 -25.860964
-60.797031 -12.997500 -35.919128
Wait
20
-60.761826 -12.997499 -36.223095
-60.761826 -12.997499 -36.223095
-50.722370 -13.338853 -37.316387
-40.700951 -14.591535 -37.656704
Wait
20
-31.697964 -14.997500 -37.922607
-31.697964 -14.997500 -37.922607
-28.033308 -14.997500 -47.324581
-18.764887 -14.997499 -51.277500
-8.766930 -14.997500 -51.882744
1.295221 -14.997500 -52.400360
11.370371 -14.997499 -52.668163
21.565895 -14.997499 -52.301395
Wait
20
30.777931 -14.997500 -51.471977
30.777931 -14.997500 -51.471977
20.553871 -14.997500 -51.369186
10.276132 -14.997500 -51.369160
0.345013 -14.997500 -49.079117
-6.836830 -14.866123 -42.011444
-12.094159 -14.997500 -33.268990
-11.041818 -14.997500 -23.066465
-2.992416 -14.997500 -16.971087
Wait
20
1.120072 -14.997500 -15.446046
1.120072 -14.997500 -15.446046
6.132130 -14.997500 -24.288044
10.914103 -14.997499 -33.297115
Wait
20
12.045919 -14.997500 -37.702202
12.045919 -14.997500 -37.702202
Custom
Target ripclaw
12.045919 -14.997500 -37.702202
Wait
50
12.045919 -14.997500 -37.702202
Named
Palovina
CustomNamed
12.045919 -14.997500 -37.702202
-0.005668 -14.997499 -46.626431
-0.264252 -14.997500 -56.712963
-1.239618 -14.997501 -66.667809
-3.687113 -14.997499 -76.404144
-7.713375 -14.997499 -85.571236
Wait
20
-4.140836 -14.997500 -83.653198
-4.140836 -14.997500 -83.653198
Wait
20
-13.540359 -14.997500 -87.233452
-13.540359 -14.997500 -87.233452
Wait
20
-22.393217 -14.997500 -70.329315
-22.393217 -14.997500 -70.329315
-11.416971 -14.997500 -66.823174
-28.598042 -14.997500 -71.399162
-27.179337 -14.997499 -81.365448
-25.744656 -14.997499 -91.443985
-24.226170 -14.997500 -101.541893
-22.479044 -14.997500 -111.642822
Wait
20
-21.519012 -14.997500 -117.144157
-21.519012 -14.997500 -117.144157
-27.657925 -14.965084 -129.646835
-35.856834 -14.983678 -129.633301
-35.880825 -14.997500 -119.255188
Wait
20
-35.797165 -14.970079 -129.643204
-35.797165 -14.970079 -129.643204
-11.554915 -14.997500 -127.946846
-16.285089 -14.997499 -115.099861
-17.246712 -14.997500 -105.768089
-18.588291 -14.997499 -97.584747
-20.992096 -14.997500 -87.033470
-11.845746 -14.997500 -84.856682
-1.799698 -14.997499 -82.935799
-0.775728 -14.997499 -94.994064
6.692909 -14.997500 -94.575294
11.122374 -14.997500 -91.328873
8.153421 -14.997499 -80.972275
16.173763 -14.997499 -74.692101
Wait
20
17.250788 -14.997500 -73.526016
17.250788 -14.997500 -73.526016
26.691696 -14.997499 -77.148529
26.959755 -14.997500 -87.180679
25.728380 -14.997499 -97.130447
26.014164 -14.997500 -107.202255
26.629971 -14.997500 -117.467613
Wait
20
26.753916 -14.997500 -118.973396
26.753916 -14.997500 -118.973396
20.546738 -14.997500 -129.189789
11.892326 -14.997500 -129.251007
20.192459 -14.997500 -129.192322
26.753271 -14.997499 -118.945206
16.309792 -14.997500 -113.719872
6.402820 -14.997500 -111.860184
Wait
20
-0.029621 -14.997500 -110.985245
-0.029621 -14.997500 -110.985245
-0.398378 -14.997500 -121.026215
-0.580258 -14.997500 -131.129395
-0.765182 -14.997500 -141.401672
-0.641877 -14.997500 -151.413528
Named
Vulgrat
CustomNamed
-0.447570 -14.997499 -156.707718
1.066380 -14.997500 -246.832611
0.422567 -14.997499 -257.041534
0.727309 -14.997499 -267.094147
-0.187783 -14.997499 -277.244202
0.707557 -14.997499 -287.377350
Wait
20
0.773758 -14.997500 -295.443604
0.773758 -14.997500 -295.443604
-12.107939 -14.997499 -293.712616
-17.671263 -14.997499 -280.199707
Wait
20
-23.559423 -14.997500 -279.348969
-23.559423 -14.997500 -279.348969
-27.360582 -14.997500 -288.869690
-34.896271 -14.997500 -279.493378
-27.360582 -14.997500 -288.869690
-28.311480 -14.997500 -298.999176
-27.819088 -14.997499 -309.393158
-28.587519 -14.997499 -319.524170
-27.655214 -14.997499 -329.636475
Wait
20
-33.210602 -14.930367 -335.867004
-33.210602 -14.930367 -335.867004
-13.784609 -14.997499 -336.168518
-15.603280 -14.997500 -315.296539
-18.088045 -14.997500 -305.572968
Wait
20
-20.102324 -14.997499 -297.682220
-20.102324 -14.997499 -297.682220
-9.884088 -14.997499 -296.167114
0.164165 -14.997500 -294.126953
9.740263 -14.997500 -290.675507
Wait
20
14.750794 -14.997500 -284.039337
14.750794 -14.997500 -284.039337
Wait
20
32.332947 -14.997500 -276.774597
32.332947 -14.997500 -276.774597
33.595516 -14.997500 -286.885162
34.297085 -14.997500 -297.483307
26.504801 -14.997500 -303.818604
Wait
20
23.984423 -14.997499 -305.955292
23.984423 -14.997499 -305.955292
27.888081 -14.997499 -315.891418
29.432598 -14.997500 -325.852020
30.270567 -14.997500 -335.876038
12.660518 -14.922856 -337.004303
15.869171 -14.997499 -321.530579
6.613273 -14.997500 -317.666199
Wait
20
-0.138989 -14.997500 -323.382233
-0.138989 -14.997500 -323.382233
0.202029 -14.997500 -333.694061
0.009534 -14.997499 -343.741547
-0.178577 -14.997494 -353.779541
-0.241674 -14.997500 -363.895691
-0.265736 -14.997500 -373.991577
Wait
20
-2.072069 -14.997499 -379.213257
-2.072069 -14.997499 -379.213257
4.149525 -14.997500 -371.215027
10.860392 -14.997500 -363.710724
18.026785 -14.997499 -356.335114
20.096508 -14.997500 -354.489929
12.913849 -14.997500 -362.015808
6.997509 -14.997500 -370.174500
2.225029 -14.997500 -379.025208
9.824387 -14.997499 -385.703918
16.993288 -14.997500 -392.952911
23.831270 -14.997499 -400.536957
30.678286 -14.997499 -407.851227
34.450294 -14.997500 -411.617767
26.361910 -14.997499 -405.619476
17.989967 -14.997500 -400.133728
9.624539 -14.997500 -394.652161
2.039304 -14.997500 -401.284576
Wait
20
-10.334989 -14.997500 -403.598236
-10.334989 -14.997500 -403.598236
-14.236754 -14.997500 -394.043640
-18.498987 -14.997500 -384.742706
-24.496536 -14.997500 -376.552948
-31.928595 -14.997500 -369.617096
-34.469589 -14.997500 -367.498077
-27.023870 -14.997500 -374.378784
-18.576199 -14.997500 -379.955017
-9.651481 -14.997500 -384.486969
-9.666734 -14.997500 -394.532623
-10.223557 -14.997500 -404.704254
-12.573592 -14.997500 -414.471558
-17.480967 -14.997500 -423.219757
Named
Francine
CustomNamed
-18.770828 -14.997500 -423.970734
Custom
FrancineCustomEnd
0 0 0
Wait
20
-17.221214 -14.997499 -380.299652
-17.221214 -14.997499 -380.299652
Wait
20
-33.118557 -14.997500 -370.936859
-33.118557 -14.997500 -370.936859
-25.680328 -14.997500 -363.637299
-15.936824 -14.997500 -354.232056
-34.465069 -14.997499 -369.291107
-29.981791 -14.997500 -357.717010
-24.712191 -14.997500 -347.458344
-32.145031 -14.997500 -371.892883
Wait
20
-27.536640 -14.997499 -374.831451
-27.536640 -14.997499 -374.831451
Wait
20
-10.656006 -14.997499 -384.631561
-10.656006 -14.997499 -384.631561
Wait
20
18.160444 -14.997499 -356.643860
18.160444 -14.997499 -356.643860
26.010715 -14.997500 -365.598938
35.588081 -14.997500 -374.455048
22.035982 -14.997500 -357.148621
31.766523 -14.997499 -360.625153
42.933475 -14.997500 -364.771515
14.877148 -14.997499 -355.814026
Wait
20
11.344419 -14.997499 -361.717896
11.344419 -14.997499 -361.717896
Wait
20
3.645317 -14.997499 -380.528564
3.645317 -14.997499 -380.528564
Wait
20
32.776485 -14.997500 -408.252014
32.776485 -14.997500 -408.252014
24.383690 -14.997500 -416.754883
16.945057 -14.997500 -425.907532
32.590286 -14.997499 -411.586365
30.340273 -14.997499 -424.232849
24.532890 -14.997500 -432.406067
33.742310 -14.997499 -406.262787
Wait
20
25.341240 -14.997500 -403.093170
25.341240 -14.997500 -403.093170
Wait
20
9.145850 -14.997500 -396.982819
9.145850 -14.997500 -396.982819
Wait
20
-19.701817 -14.997500 -422.908813
-19.701817 -14.997500 -422.908813
-26.982046 -14.997499 -413.490509
-36.081120 -14.997500 -406.523102
-20.624876 -14.997500 -423.866974
-33.225643 -14.997500 -421.095795
-42.799931 -14.997499 -415.233093
-19.135466 -14.997500 -424.977997
Wait
20
-13.138568 -14.997500 -416.123383
-13.138568 -14.997500 -416.123383
Wait
20
-5.229316 -14.997500 -399.465607
-5.229316 -14.997500 -399.465607
-14.461528 -14.997500 -390.259583
-17.937647 -14.997499 -389.298492
-13.628165 -14.997500 -389.815979
-23.635859 -14.997500 -390.207947
-33.720135 -14.997497 -390.131897
-43.931450 -14.997621 -390.035797
-52.414154 -14.997508 -384.701172
-52.781368 -14.997508 -374.416504
-53.210144 -14.997507 -364.351746
-53.927189 -14.997508 -358.794952
-63.940231 -14.997507 -357.264801
-74.098801 -14.997508 -355.712524
-83.985016 -14.997508 -353.827271
-92.911682 -14.997500 -348.637665
Wait
20
-95.395477 -14.997500 -346.691254
-95.395477 -14.997500 -346.691254
-90.281502 -14.997499 -337.851715
-84.658401 -14.997500 -329.248840
Wait
20
-82.450317 -14.997500 -325.940735
-82.450317 -14.997500 -325.940735
-73.015366 -14.997500 -322.183197
-64.083405 -14.997500 -317.588470
-65.300934 -14.997499 -307.365814
-74.661911 -14.997500 -303.802277
-84.656868 -14.997500 -305.697083
-87.322876 -14.997500 -315.508026
-88.076553 -14.997500 -325.741791
-89.495667 -14.997500 -335.854889
-94.374451 -14.997500 -344.713776
-100.496887 -14.997499 -352.869904
-108.205902 -14.997499 -359.285889
-116.625290 -14.997500 -364.756104
-124.399399 -14.997500 -371.470428
-130.221817 -14.997500 -379.812286
Wait
20
-133.288498 -14.997500 -384.318237
-133.288498 -14.997500 -384.318237
-143.198807 -14.997499 -386.787567
-148.483582 -14.997499 -386.470520
-147.008163 -14.997499 -376.316284
Wait
20
-148.300842 -14.997500 -366.543060
-148.300842 -14.997500 -366.543060
-156.913940 -19.184826 -363.240234
-164.552475 -24.825859 -359.329956
-171.709183 -30.175568 -354.495544
-178.260666 -35.402790 -348.537781
-183.541840 -41.331173 -341.780731
-185.920914 -45.036026 -332.741089
-188.347809 -48.163601 -323.551392
-189.296829 -51.890934 -313.916077
DontStopForCombat
-188.834045 -56.488541 -305.032684
-185.635605 -59.501106 -295.701385
-180.587677 -59.997501 -286.811615
-170.341293 -59.997501 -287.609161
-160.341614 -59.997501 -288.107208
-150.332199 -59.997501 -286.934998
Wait
20
-149.420441 -59.997501 -286.828217
-149.420441 -59.997501 -286.828217
Wait
20
-142.407791 -57.563633 -316.419891
StopForCombat
-142.407791 -57.563633 -316.419891
-149.492203 -59.997501 -323.798187
-157.727005 -59.997501 -329.815582
-166.854889 -59.997501 -334.019043
-173.408157 -59.997501 -341.779510
-169.330811 -59.997501 -350.989288
-161.407028 -59.997501 -357.340424
-152.416885 -59.997501 -362.185791
-142.743591 -59.997501 -364.995880
-132.676239 -59.997501 -363.850647
-123.234802 -59.997501 -360.143280
-115.774681 -59.997501 -353.396729
-110.056236 -59.997501 -345.072235
-104.166969 -59.997501 -336.961090
-95.843468 -59.997501 -330.959137
Wait
20
-91.460175 -59.997501 -328.289154
-91.460175 -59.997501 -328.289154
-86.536804 -59.997501 -322.064819
-85.030121 -59.675785 -307.764740
-104.786583 -59.779758 -306.030212
-112.042862 -59.997501 -297.250153
-122.106300 -59.997501 -296.190704
Wait
20
-123.641243 -59.367115 -296.040253
-123.641243 -59.367115 -296.040253
-118.045799 -59.997501 -287.417816
-112.537636 -59.997498 -278.716675
-120.522141 -59.997501 -272.360901
-129.798981 -59.997501 -268.096436
-129.177261 -59.997501 -268.437256
-139.343079 -59.997501 -268.889832
-148.924545 -59.997501 -271.784943
Named
Viktor
CustomNamed
-149.086929 -59.997501 -275.606598
Wait
20
-153.287811 -59.997501 -280.118866
-153.287811 -59.997501 -280.118866
-145.085999 -59.997501 -274.013397
-135.890076 -59.997501 -269.416504
-125.838379 -59.997501 -270.398712
-115.855949 -59.997501 -272.171021
Wait
20
-107.254082 -59.997501 -297.812164
-107.254082 -59.997501 -297.812164
-92.714836 -54.768948 -295.065796
-107.816803 -59.997501 -299.924011
-119.305779 -55.529694 -309.173431
-107.816803 -59.997501 -299.924011
Wait
20
-125.286346 -59.114788 -295.313965
-125.286346 -59.114788 -295.313965
Wait
20
-135.315918 -57.857315 -307.083435
-135.315918 -57.857315 -307.083435
-122.758163 -59.997501 -316.388336
-100.969673 -59.997501 -330.276337
Wait
20
-94.235191 -59.997501 -310.586914
-94.235191 -59.997501 -310.586914
Wait
20
-107.720169 -59.997501 -288.949432
-107.720169 -59.997501 -288.949432
Wait
20
-101.704430 -59.997501 -270.880219
-101.704430 -59.997501 -270.880219
-99.737099 -59.493614 -260.852539
-98.411942 -57.347748 -250.917831
Wait
20
-97.156769 -56.997501 -240.099457
-97.156769 -56.997501 -240.099457
-86.983780 -56.072033 -241.369492
-77.177536 -53.857574 -242.460739
-67.371651 -51.588619 -242.989853
-54.442001 -49.042473 -243.449936
Wait
20
-50.115501 -49.997509 -243.979202

-48.855350 -49.997532 -236.248444
-42.097130 -49.997532 -228.664505
-36.130424 -49.997578 -220.599228
-30.619764 -48.624393 -212.072418
-26.284416 -47.563663 -203.030289
Wait
20
-25.797642 -47.563663 -201.882965
-25.797642 -47.563663 -201.882965
-20.535448 -48.321617 -193.314270
-15.155345 -49.997620 -185.048950
-7.138998 -47.563663 -179.174408
Wait
20
-3.334812 -47.563663 -176.776932
-3.334812 -47.563663 -176.776932
6.832739 -47.563663 -177.311462
13.242528 -49.796288 -184.878220
20.259630 -48.525185 -192.743393
Wait
20
25.180304 -47.563663 -198.818878
25.180304 -47.563663 -198.818878
26.389631 -47.563663 -208.819031
23.162260 -49.997620 -218.113708
DontStopForCombat
14.817389 -49.997623 -223.643112
5.300261 -47.563663 -226.296906
-0.861382 -47.563663 -228.083176
-0.200051 -47.565475 -238.159622
StopForCombat
Wait
20
0.266080 -49.997505 -243.859528
0.266080 -49.997505 -243.859528
Named
Nogrovska
CustomNamed
0.266080 -49.997505 -243.859528
-7.290939 -49.997501 -250.585602
-13.860758 -49.999462 -258.368958
Wait
20
-15.424293 -48.977009 -260.250580
-15.424293 -48.977009 -260.250580
-22.895405 -49.997509 -253.480621
Wait
20
-23.812859 -49.997513 -252.673615
-23.812859 -49.997513 -252.673615
Wait
20
-26.238983 -49.997501 -259.040039
-26.238983 -49.997501 -259.040039
-36.423470 -49.997501 -258.096558
-46.432663 -49.997501 -258.579773
-54.031223 -49.997501 -262.217865
-53.794090 -49.997501 -252.145050
-53.638374 -49.997501 -242.094910
-56.319454 -49.997513 -232.262466
-51.582554 -49.997528 -223.398758
-44.488560 -49.997532 -216.341751
-46.744709 -49.997532 -206.497986
-47.961636 -49.997524 -202.341629
-41.355049 -49.997509 -194.536118
Wait
20
-37.967991 -49.997570 -189.547791
-37.967991 -49.997570 -189.547791
-47.245991 -49.997505 -185.584793
-54.853168 -49.997501 -180.401306
-52.782387 -49.997501 -170.386520
-51.760056 -49.997501 -160.259720
-50.948956 -49.999752 -150.260117
-50.478455 -49.997501 -146.008286
-40.384480 -49.997513 -145.590317
-30.335304 -49.997532 -147.636429
-21.185198 -49.997543 -152.081131
Wait
20
-13.889724 -49.997528 -153.680359
-13.889724 -49.997528 -153.680359
-14.191415 -49.997528 -145.019852
-9.646371 -49.997532 -153.997879
Wait
20
-7.714610 -49.997532 -156.571609
-7.714610 -49.997532 -156.571609
-3.458865 -49.999783 -147.448364
-1.245860 -49.997505 -140.090637
4.077468 -49.997501 -148.696838
9.662951 -49.997509 -157.009918
14.067881 -49.997509 -147.939560
Wait
20
14.924185 -49.085121 -145.955429
14.924185 -49.085121 -145.955429
Wait
20
15.305489 -49.997520 -154.913788
15.305489 -49.997520 -154.913788
24.212934 -49.997509 -150.337219
26.320326 -49.997501 -145.371643
35.888771 -49.997498 -144.301697
46.074455 -49.997501 -144.605957
53.669243 -49.997501 -144.386475
52.678802 -49.997509 -154.390747
51.074486 -49.997524 -164.490372
51.540623 -49.997532 -174.587372
50.283020 -49.997532 -184.652893
47.039604 -49.997532 -194.196762
45.309258 -49.997517 -202.068832
45.957047 -49.997501 -212.314880
48.624660 -49.997505 -222.043472
53.991257 -49.997501 -230.659576
48.299332 -49.997505 -238.942093
38.478207 -49.997517 -251.822296
33.812134 -49.997520 -257.821899
25.845072 -49.997524 -255.680801
16.898504 -49.997547 -255.890305
3.633113 -49.997532 -258.043304
Custom
Teleporter 0.000001 -47.019998 -234.839996
0.108151 -47.563660 -237.535629
23.358994 -14.997500 -37.383293
13.052668 -14.997499 -37.685101
2.971637 -14.997500 -37.980324
-7.144242 -14.997500 -38.008171
-17.360067 -14.997500 -37.822430
-27.457602 -14.997500 -37.638836
-17.640856 -14.997500 -39.711681
-7.504120 -14.997500 -40.636272
2.579518 -14.997500 -40.496193
12.224593 -14.997500 -37.786076
21.886877 -14.997500 -35.021717
32.025761 -14.997499 -33.907349
39.238201 -14.997499 -33.696037
47.026539 -14.997499 -27.025206
54.818501 -14.641485 -20.746954
Wait
20
54.795601 -14.997461 -19.632244
54.795601 -14.997461 -19.632244
54.238087 -14.997499 -29.657436
54.174904 -14.892215 -39.874737
54.190746 -14.997500 -49.967621
Wait
20
54.579010 -14.997499 -55.461884
54.579010 -14.997499 -55.461884
54.090092 -14.997500 -45.325581
Wait
20
53.888039 -14.892214 -37.480133
53.888039 -14.892214 -37.480133
62.596462 -14.892215 -32.182056
Wait
20
74.143219 -14.997500 -23.473219
74.143219 -14.997500 -23.473219
73.904045 -14.892214 -33.722252
73.697273 -14.928355 -43.787197
Wait
20
73.761864 -14.997499 -54.916821
73.761864 -14.997499 -54.916821
73.692978 -14.997500 -44.759243
Wait
20
73.515144 -14.892214 -38.047661
73.515144 -14.892214 -38.047661
Custom
Target cruor
73.515144 -14.892214 -38.047661
Wait
20
73.515144 -14.892214 -38.047661
Named
Labomination
CustomNamed
73.515144 -14.892214 -38.047661
Wait
20
40.242432 -14.997500 -37.494316
50.280247 -14.892215 -37.186062
60.322441 -14.892215 -37.255695
70.454224 -14.892214 -37.706242
79.745613 -14.892215 -42.049545
86.783821 -14.997500 -49.433311
95.852203 -11.822886 -51.173054
105.866898 -11.316775 -52.318714
115.272621 -11.190172 -48.834858
121.578926 -11.190173 -40.851761
120.664856 -11.190173 -30.847448
112.204552 -11.190173 -25.297625
102.038414 -11.316775 -24.042755
92.525917 -13.571763 -20.902494
Wait
20
85.461845 -14.854745 -18.930330
