0.091775 26.497129 -3.486638
-0.734399 26.497129 -13.669503
-2.184381 26.495638 -23.778004
-4.357911 26.494911 -33.638878
-6.845004 27.677265 -43.356087
Wait
20
-7.480849 28.440472 -47.100071
ClickActor
Statue
-7.480849 28.440472 -47.100071
Wait
10
-7.480849 28.440472 -47.100071
-16.914000 26.495672 -49.992329
-27.022873 26.494926 -51.022224
Wait
50
-30.008669 26.652439 -51.073151
-40.047215 26.486708 -50.063824
-50.077362 26.483953 -49.231899
-60.095852 26.493641 -51.577831
-69.958740 26.491379 -54.096691
-79.800484 26.493631 -56.500160
-89.969162 26.495926 -56.461811
-97.875313 26.495184 -49.909927
-105.162933 26.493387 -42.642677
-105.255287 26.493713 -32.520164
-105.946815 26.496147 -22.429472
-106.661354 26.488533 -12.224458
-106.991493 26.495329 -2.181391
-107.899269 26.495329 7.873632
-115.934090 26.484022 14.101290
-125.894653 26.498178 12.888709
-135.860443 26.492147 10.901641
-145.895996 26.496561 10.043172
-156.003571 26.497129 9.668408
-166.047775 26.497129 9.295994
-176.335159 26.491936 8.914570
DontStopForCombat
-186.409348 26.491037 8.770446
-199.327255 26.491381 8.965812
Named
Tootooz
CustomNamed
-205.253845 26.488251 10.279443
StopForCombat
-205.253845 26.488251 10.279443
-195.066971 26.495710 10.370717
-185.033569 26.495512 10.460616
-175.018509 26.495216 10.506228
-164.854889 26.497129 10.587833
-154.847336 26.497129 10.947909
-146.547867 26.479725 16.696960
Wait
20
-145.623840 26.470821 19.962793
Custom
Baronwall
-145.623840 26.470821 19.962793
-184.535690 26.492266 11.371360
-194.666656 26.636600 11.381099
-204.764618 26.490406 11.390805
-214.895569 26.495329 11.400543
-215.644455 26.495329 21.526793
-221.916077 26.495329 29.416166
-230.808624 26.495329 24.556082
-231.158875 26.495329 14.516577
-231.086044 26.493563 4.454384
-230.645142 26.493456 -5.733079
-230.222748 26.494314 -15.954013
-230.993179 26.490490 -26.053297
-231.445190 26.490801 -36.091667
-225.869751 26.491669 -44.473892
-216.289246 26.489170 -48.006035
-206.194183 26.494295 -49.444366
Wait
20
-199.268936 26.667397 -49.741467
ClickActor
Door
-199.268936 26.667397 -49.741467
Wait
10
-199.268936 26.667397 -49.741467
-189.100006 26.492043 -49.206200
-178.980286 26.494225 -48.092365
-169.037445 26.493803 -46.890293
-158.920898 26.494204 -48.012264
-153.840912 26.489414 -56.709621
-159.051926 26.489958 -65.449524
-168.442810 26.484571 -69.560158
-174.040237 26.485996 -78.010490
-174.497772 27.048557 -88.070038
-174.736389 26.931349 -98.295952
-174.965912 26.931349 -108.523300
-174.236053 26.830412 -118.509071
-173.242691 26.667425 -128.624405
-172.426620 26.522383 -138.718033
-172.739532 26.312824 -148.744995
-173.017044 22.199440 -158.162415
-173.198196 15.315639 -165.783264
-173.338379 6.751157 -171.870163
-173.551422 1.229663 -180.381424
-172.639679 1.229716 -169.957047
-172.162201 1.229716 -159.844345
-167.047379 1.229716 -151.218353
-160.083847 1.229716 -158.655136
-157.166046 1.229716 -168.235443
-156.246948 1.229716 -178.329361
-155.795135 1.229716 -188.486359
-155.341080 1.229716 -198.692596
-155.902756 1.229716 -208.893784
-158.603058 1.229716 -218.533554
-166.844269 1.229716 -224.498627
-176.870255 1.229717 -224.997559
-186.515732 1.229716 -222.179886
-193.658051 1.229716 -214.824097
-199.845200 1.229548 -206.715515
-206.134445 1.229835 -198.693558
-214.345230 1.229845 -192.620987
-224.139542 1.229755 -189.953568
-234.190002 1.229757 -189.775330
-244.160004 1.229855 -188.734314
-253.480362 1.229747 -184.447845
-260.764526 1.229623 -177.093765
-267.313782 1.229716 -169.210129
-274.397919 1.229716 -161.864075
-282.637054 1.229716 -156.062363
-292.172211 1.229716 -159.484039
-293.222473 1.229716 -169.523010
-293.628082 1.229716 -179.738266
-293.762787 1.229388 -190.102295
-293.895020 1.229716 -200.266235
-294.027679 1.229716 -210.465225
-303.877045 1.229716 -208.643997
-310.513214 1.229715 -200.944046
-318.216461 1.229952 -194.302582
-328.158234 1.229717 -192.037903
-338.658386 1.230249 -191.391876
-348.801056 1.230012 -190.329849
-358.975250 1.229717 -190.106232
-369.055267 1.229717 -190.419571
-379.138611 1.229717 -191.003815
-389.219482 1.229717 -191.864410
-399.158691 1.229717 -193.543915
-409.146271 1.229717 -195.359497
-419.247406 1.229002 -196.147446
Wait
20
-423.509155 1.228983 -195.886154
Custom
PreHeal
-423.509155 1.228983 -195.886154
ClickActor
Valve
-423.509155 1.228983 -195.886154
Named
Googantuan
CustomNamed
-423.509155 1.228983 -195.886154
Custom
BaronHuntForKey
0 0 0
-111.016991 1.229717 -189.237701
-100.801788 1.228135 -189.474701
-90.625542 1.220957 -189.710861
-80.409065 1.206338 -189.883728
-70.133644 1.191582 -190.032883
-59.936203 1.161780 -190.180878
-49.809071 1.147653 -190.376831
-39.606354 1.182910 -190.455917
-29.397461 1.182910 -189.773438
-19.148281 1.182910 -189.400146
-9.111102 1.206330 -189.073883
0.966239 1.210176 -188.784729
11.246100 1.223100 -187.612289
18.827486 1.216643 -194.343185
20.828854 1.222893 -204.180099
Wait
20
21.502338 1.321436 -210.880188
ClickActor
Foreman
21.502338 1.321436 -210.880188
Wait
10
21.502338 1.321436 -210.880188
21.833879 1.205184 -221.109116
Custom
PathKill 29 30 5 0 0 0 "Foreman" 0 1
22.180603 1.212955 -231.153137
20.883728 1.221459 -241.121811
13.114072 1.216653 -247.653549
3.191339 1.225332 -250.090332
-6.791638 1.222567 -249.313721
-17.001984 1.458855 -248.704483
-25.727020 6.703205 -248.479050
-27.196947 7.814106 -248.869583
-28.842810 8.309340 -248.476913
-38.373932 5.853042 -251.470901
-48.046284 3.302456 -254.379425
-57.408737 0.777999 -257.357330
-66.603928 -1.190128 -260.934143
-75.349838 -1.319541 -266.309021
-82.205452 -1.238632 -273.692535
-86.955002 -1.797795 -282.788086
-88.994904 -3.523301 -292.442169
-89.531685 -5.295125 -302.571869
-90.433640 -7.703866 -312.369263
-92.770584 -12.677417 -321.354187
-96.670959 -17.459394 -329.474518
-102.290939 -22.255297 -336.455811
-108.931305 -26.412331 -343.305695
-115.207230 -30.786007 -349.931091
-120.715569 -34.902294 -357.610748
-123.544586 -36.147816 -367.301575
-123.818726 -34.795300 -377.288849
-120.527168 -38.272587 -386.083252
-116.795341 -38.725906 -395.447754
-112.843674 -38.725773 -404.961731
-112.008888 -38.726711 -406.800415
-129.944305 -38.729721 -407.556213
-124.280930 -38.494106 -386.464386
-123.106903 -34.559330 -378.278046
-117.251434 -30.207479 -348.798065
-104.223869 -22.542356 -336.200409
-93.301514 -13.026461 -321.794464
-90.072395 -7.312475 -311.358643
-87.578491 -2.079524 -285.360840
-82.861931 -1.093130 -271.854980
-62.944508 -0.792655 -257.377167
-44.070065 4.511893 -252.086578
-28.898560 8.379961 -249.583359
-18.516335 1.319812 -247.877579
-8.334482 1.219276 -248.389755
1.791696 1.220352 -249.046326
11.920835 1.221697 -249.069702
20.783762 1.222266 -244.432190
23.213781 1.218864 -234.549850
22.802486 1.205105 -224.320068
21.837675 1.391318 -214.102493
20.883963 1.223089 -204.149109
19.852497 1.219416 -193.872437
15.072599 1.224239 -185.010971
4.832408 1.217638 -185.561462
-5.027353 1.204648 -188.093414
-15.217631 1.393731 -189.610214
-25.406738 1.182910 -190.308884
-35.570370 1.182910 -190.893463
-45.704544 1.152857 -191.413269
-55.757282 1.158400 -191.908783
-65.994492 1.186176 -192.344666
-76.165771 1.206338 -192.777740
-86.176682 1.216785 -193.203964
-96.259094 1.224931 -192.883850
-106.474037 1.229717 -191.956207
-116.693283 1.229717 -191.079819
-126.677383 1.229717 -190.459671
-136.845612 1.230013 -189.996323
-147.075623 1.229716 -189.607193
-157.251617 1.229716 -189.365051
-167.486938 1.229064 -189.153748
-177.722305 1.229342 -188.942474
-187.957764 1.229716 -188.737946
-198.136002 1.229716 -188.610657
-208.294861 1.229961 -188.490952
-218.336731 1.229717 -188.372620
-228.378616 1.230170 -188.254288
-238.381561 1.229717 -188.152313
-248.735352 1.230046 -188.234512
-258.833679 1.229716 -188.467392
-268.951599 1.229716 -188.700684
-279.166931 1.229128 -188.936234
-289.499237 1.229098 -189.174500
-299.968048 1.229716 -189.415894
-310.046906 1.229716 -189.648315
-320.340302 1.230078 -189.885666
-330.516663 1.229717 -190.120331
-340.790466 1.230431 -190.357269
-350.986389 1.229898 -190.592346
-361.084808 1.229717 -190.825195
-371.280640 1.229717 -191.061752
-381.271240 1.229717 -191.564423
-391.541748 1.229717 -192.259933
-401.825348 1.229717 -194.008072
-411.857178 1.229391 -194.437195
Wait
20
-416.569641 1.228983 -194.189301
ClickActor
Valve
-416.569641 1.228983 -194.189301
Wait
20
-416.569641 1.228983 -194.189301
ClickActor
Valve
-416.569641 1.228983 -194.189301
Wait
20
-416.569641 1.228983 -194.189301
-415.076721 1.229165 -184.107513
Wait
20
-431.849152 2.071800 -189.953888
Custom
UseItem Slimeskin
-431.849152 2.071800 -189.953888
DontStopForCombat
-431.501129 2.099572 -190.159256
Custom
SwimDown 40
-454.585846 -4.824555 -182.664566
Wait
20
-455.357056 -9.402696 -190.786652
-455.357056 -17.768101 -190.786652
-455.357056 -28.596106 -190.786652
-455.357056 -38.350384 -190.786652
-462.167297 -37.696877 -198.591064
-469.012451 -36.649929 -205.947952
-475.137054 -36.165119 -213.877930
-481.398407 -35.460011 -222.002563
-487.590179 -34.585091 -230.015244
-493.457550 -31.889629 -237.866760
-499.136536 -29.986219 -245.954941
-504.634094 -28.121267 -254.322662
-511.057312 -26.467798 -262.061340
-519.392029 -25.042315 -267.742859
-528.327332 -24.166981 -272.424194
-537.340759 -23.577398 -276.928314
-546.855652 -21.730745 -280.040619
-556.353149 -18.609428 -281.994476
-565.776794 -14.945133 -283.529724
-574.847107 -10.446585 -285.103455
-569.817078 -5.712543 -285.031769
-578.955200 -5.822633 -286.734772
-588.729370 -5.146865 -288.890198
-586.422363 -4.521750 -288.709900
-592.066223 -1.123733 -285.672577
Wait
20
-600.047791 0.769289 -282.796021
Custom
PreHeal
-600.047791 0.769289 -282.796021
Custom
ExecuteCommand "RIMUIObj:BalanceTrash[0]"
-600.047791 0.769289 -282.796021
Custom
PreHeal
-600.047791 0.769289 -282.796021
Named
Frenzied
CustomNamed
-600.047791 0.769289 -282.796021
Wait
50
-600.047791 0.769289 -282.796021
Custom
ExecuteCommand "RIMUIObj:BalanceTrash[1]"
-600.047791 0.769289 -282.796021
Custom
Evac
-600.047791 0.769289 -282.796021
StopForCombat
-9.756222 26.491127 -40.773716
-16.023602 26.490877 -48.647049
-25.716930 26.488613 -52.521774
-35.956379 26.492956 -51.569748
-45.871292 26.478239 -49.777710
-55.951385 26.487188 -49.372288
-66.100006 26.484247 -48.372974
-76.358345 26.487112 -47.755436
-86.586502 26.490646 -48.230095
-96.879807 26.491600 -47.845921
-105.352859 26.494062 -42.357727
-107.979744 26.490311 -32.610237
-108.838150 26.485855 -22.332367
-111.053947 26.479816 -12.149547
-114.043762 26.481701 -2.247133
-116.307709 26.500813 7.982229
-125.962334 26.508432 10.817941
-136.336563 26.494076 10.512117
-146.655060 26.494560 10.452309
-156.828888 26.497129 10.659949
-167.097931 26.497129 10.879172
-177.303406 26.493147 11.097039
-187.667770 26.492249 11.318298
-198.000397 26.491695 11.538877
-208.205841 26.487972 11.756742
-218.435211 26.495329 10.612280
-225.523392 26.495354 3.286811
-228.932678 26.496572 -6.303768
-229.839371 26.496058 -16.371923
-230.561584 26.491743 -26.378723
-231.141418 26.491203 -36.520924
-232.602005 26.492846 -46.501492
-242.395126 26.492617 -48.973518
ClickActor
Door
-259.913483 26.667957 -49.918587
Wait
10
-259.913483 26.667957 -49.918587
-270.053528 26.495768 -50.518986
-280.176422 26.496189 -50.952423
-290.245422 26.495329 -51.598305
-295.497528 26.495329 -60.240276
-291.783875 26.484159 -69.829926
-287.539642 26.484980 -78.919800
-284.723511 27.048929 -88.508415
-283.697784 26.931349 -98.755646
-284.097961 26.931349 -108.829010
Custom
Target gooblin
-283.754028 26.832764 -119.093903
Wait
50
-283.754028 26.832764 -119.093903
-284.494812 26.653015 -129.317017
ClickActor
Teleporter
-283.486237 26.841532 -140.924545
Wait
20
0 0 0
-285.489990 26.690001 -240.000000
-285.139771 26.591215 -246.779633
-284.986542 26.761045 -256.946411
-284.760376 26.927629 -266.942780
-284.144379 26.931349 -277.208160
-283.846008 26.931349 -287.474640
-283.550293 26.944201 -297.650726
-285.784882 26.935333 -307.644623
-288.382019 26.948162 -317.501740
-284.077179 26.950556 -326.650726
-273.917053 26.950943 -328.172913
-263.894562 26.950901 -328.160980
Wait
20
-261.890961 27.123522 -328.159576
ClickActor
Keeper
-261.890961 27.123522 -328.159576
Wait
10
-261.890961 27.123522 -328.159576
-251.818970 26.950884 -328.230865
-241.560211 26.949326 -328.546875
-231.418015 26.950924 -328.867310
-227.436768 26.949617 -338.143494
-224.511246 26.948080 -347.828033
-220.347122 26.944979 -357.184082
-216.746445 26.943541 -366.794128
-213.233276 26.942142 -376.401917
-211.779831 26.941786 -386.427063
-215.699692 26.944080 -395.802216
-221.164413 26.940620 -404.290009
Wait
20
-226.017639 26.936380 -411.584564
-228.517700 26.946850 -421.487366
Wait
20
-229.254623 27.098272 -424.599274
ClickActor
Forge
-229.254623 27.098272 -424.599274
-228.910675 26.948784 -416.104462
-228.734741 26.947920 -405.859253
Custom
PreHeal
-228.817307 26.950651 -395.663208
DontStopForCombat
-229.732651 26.950781 -389.957489
Custom
Target Shield
-229.732651 26.950781 -389.957489
Wait
30
-229.732651 26.950781 -389.957489
-256.161102 26.937397 -391.653809
-266.231842 26.918598 -382.241821
Named
Enchanted
CustomNamed
-266.231842 26.918598 -382.241821
StopForCombat
-255.239716 28.866198 -397.240448
Wait
20
-257.125763 28.859144 -401.959015
ClickActor
Podium
-257.125763 28.859144 -401.959015
Wait
30
-257.125763 28.859144 -401.959015
-247.271652 26.942005 -402.175568
-237.043076 26.946625 -402.134094
-226.897797 26.946892 -401.936920
-216.785324 26.942146 -401.739288
-206.524384 26.937328 -401.538727
Wait
20
-202.317993 28.859142 -401.456451
ClickActor
Podium
-202.317993 28.859142 -401.456451
Wait
30
-202.317993 28.859142 -401.456451
-212.167679 26.941393 -400.675690
-222.283600 26.947206 -400.139648
-230.840378 26.945787 -405.343628
-231.201157 26.944504 -415.520050
Wait
20
-230.178421 27.629669 -424.755219
ClickActor
Forge
-230.178421 27.629669 -424.755219
Wait
10
-227.178421 27.629669 -424.755219
-226.445084 26.944094 -435.094208
Wait
20
-225.158905 26.945402 -444.910736
Custom
ExecuteCommand "RIObj:SetShinyScanDistance[10]"
-225.158905 26.945402 -444.910736
-212.045166 26.945011 -447.036011
ClickActor
Forge
-199.886185 27.122637 -448.946198
-212.045166 26.945011 -447.036011
-225.158905 26.945402 -444.910736
-224.780807 26.951004 -448.905579
-225.978729 26.948891 -458.875000
-227.722580 26.950190 -468.804382
Custom
PreHeal
-229.018637 26.447044 -478.950470
Custom
Target kly
-229.018637 26.447044 -478.950470
Wait
50
-229.018637 26.447044 -478.950470
-229.099448 26.259445 -488.963257
-229.129465 25.181273 -499.006256
-229.259497 25.181273 -509.049194
-229.329190 25.181273 -519.049805
-229.441336 25.181273 -529.000305
Wait
20
-229.284012 25.181273 -541.320190
Custom
LootOptions FREEFORALL
-229.284012 25.181273 -541.320190
Custom
PreHeal
-229.284012 25.181273 -541.320190
Named
Baron
CustomNamed
-229.284012 25.181273 -541.320190
Custom
LootOptions ROUNDROBIN
-229.284012 25.181273 -541.320190
-229.302185 26.359713 -488.642151
Wait
20
-233.652756 26.934435 -469.942688
Custom
ToggleWalkRun 1
-233.652756 26.934435 -469.942688
-242.183594 26.904085 -470.678772
-242.105728 26.881365 -479.253174
-270.509979 26.893919 -519.169678
-270.539429 26.890718 -566.130981
-229.454025 26.891844 -588.779419
-195.840973 26.898329 -573.953918
-185.022629 26.908266 -560.796143
-188.005524 26.893015 -521.235474
-188.303925 26.901474 -517.693726
-216.105118 26.885962 -478.774963
Wait
20
-220.172424 26.924963 -465.765289
Custom
ToggleWalkRun 1
-220.172424 26.924963 -465.765289
Custom
ExecuteCommand "RIObj:SetShinyScanDistance[50]"
-220.172424 26.924963 -465.765289
Wait
20
-223.081100 26.950979 -449.050476
-229.289993 27.139999 -449.250000
Wait
50
0 0 0
-60.520668 26.495329 -58.797226
-14.681950 26.482109 -45.590290
Custom
EndScript
7.728307 26.497129 -6.127722
