0.141166 26.497129 -5.217684
0.412788 26.497129 -15.470417
1.820958 26.495846 -25.541380
5.077646 26.494549 -35.303871
8.582422 27.295191 -44.717365
Wait
20
9.121527 27.880873 -47.873737
ClickActor
Statue
9.121527 27.880873 -47.873737
Wait
20
9.121527 27.880873 -47.873737
18.813461 26.495720 -50.115135
29.055759 26.666374 -50.485435
Wait
100
29.785349 26.669342 -50.498482
39.978535 26.496174 -50.155594
50.218037 26.496721 -50.335567
60.509415 26.497021 -50.562660
70.716461 26.496777 -50.787895
81.195999 26.495850 -50.891438
91.506874 26.496140 -50.825836
101.699135 26.496935 -50.741386
112.196953 26.495964 -50.281845
122.263367 26.494387 -48.437687
132.022522 26.491488 -46.144550
Wait
20
134.556351 26.490406 -45.549168
Custom
PreHeal
134.556351 26.490406 -45.549168
138.260162 26.486401 -44.539143
140.046555 26.481796 -44.181152
148.911789 21.974979 -41.524632
156.490936 15.489542 -40.217476
163.153397 7.713881 -38.854916
171.713821 2.576312 -36.444206
176.489868 -6.601286 -35.099201
179.967026 -16.157364 -34.119984
186.062073 -24.105234 -33.238625
195.192215 -27.217949 -30.313816
200.681335 -33.103115 -24.142904
206.484329 -38.160786 -17.619165
Wait
20
207.750854 -42.364433 -16.364899
216.958862 -44.144817 -19.859873
226.725281 -44.813416 -23.566071
Wait
20
230.160156 -45.000629 -24.869553
228.201294 -45.037830 -34.933922
226.276443 -45.004776 -44.823666
Wait
20
225.538971 -44.971943 -48.612659
215.605881 -44.565979 -50.996353
206.056686 -44.022636 -54.978111
197.462372 -43.294918 -60.441750
189.736908 -42.591244 -66.772118
182.362808 -41.536987 -73.485725
174.908340 -39.718994 -80.287178
Wait
20
171.831497 -39.296799 -83.094498
180.028564 -40.586849 -77.485428
188.151138 -42.211487 -71.512054
195.723694 -42.977425 -64.939537
203.291672 -43.759319 -57.738426
210.648209 -44.381397 -50.782375
218.719986 -44.756252 -44.426731
Wait
20
221.476883 -44.849457 -43.386364
231.094772 -45.146080 -46.702164
241.093781 -45.297310 -49.675980
Wait
20
245.556488 -45.204613 -51.003239
253.881256 -45.030033 -45.427013
262.518677 -45.047501 -39.641376
Wait
20
265.670776 -45.119652 -35.199806
Custom
ClickNoNameActor
265.670776 -45.119652 -35.199806
Wait
20
265.670776 -45.119652 -35.199806
273.634888 -45.672802 -33.271683
Wait
50
282.705566 -46.659058 -28.926128
DontStopForCombat
Custom
Target Collector
282.705566 -46.659058 -28.926128
Wait
100
282.705566 -46.659058 -28.926128
291.811279 -49.526016 -24.656916
301.428619 -50.001019 -21.034336
310.012085 -53.882641 -17.047264
316.198669 -55.640137 -22.374418
318.150970 -55.354858 -32.409050
319.742889 -54.635456 -42.338524
321.122375 -54.674885 -52.539280
321.988098 -54.680271 -62.765694
319.254089 -55.659454 -72.725243
314.740723 -55.578369 -81.731873
310.129333 -55.517822 -90.725021
305.751801 -55.467625 -99.721619
302.752106 -55.452091 -109.451836
Custom
WaitForMob Collector 9 0 1
298.321136 -55.553841 -113.865143
Wait
50
298.321136 -55.553841 -113.865143
Named
Collector
StandardNamed
DiffLock
301.788971 -55.728729 -109.097847
DontKillAdd
DontMoveBehind
295.722412 -53.008957 -115.566093
StopForCombat
302.009735 -55.607502 -107.845886
305.532349 -55.500385 -98.213303
309.043610 -55.504158 -88.689255
312.713226 -55.448540 -79.261398
316.370270 -55.459373 -69.873009
319.488495 -54.713650 -60.107300
320.901276 -54.594250 -50.032452
319.334625 -54.798695 -40.023174
317.108643 -55.287643 -30.250154
315.497070 -55.734131 -20.388050
314.068878 -55.789703 -10.467030
Wait
10
313.773102 -55.809231 -8.827650
303.821686 -54.264702 -8.286601
294.471863 -50.211613 -9.710025
Wait
10
291.040619 -48.756229 -10.232399
286.557373 -48.165955 -19.633970
284.313110 -46.830444 -29.769281
283.875824 -45.904713 -39.798431
273.774170 -44.963726 -38.908302
264.132202 -45.315247 -35.682472
254.520187 -45.272934 -38.935585
248.313980 -45.107990 -46.845192
252.027176 -44.637074 -56.284504
242.153107 -45.287579 -54.763660
233.234055 -45.203541 -50.032463
223.626221 -44.913841 -47.096630
213.649460 -44.528271 -48.121880
204.639984 -44.001461 -53.038437
197.477097 -43.310066 -60.171928
190.859589 -42.611206 -67.677620
183.459335 -41.256042 -74.555557
175.171539 -39.767773 -80.125404
183.372650 -41.331059 -74.057480
191.267441 -42.620251 -67.967316
199.015259 -43.298187 -61.663498
200.482773 -42.776123 -69.209167
212.651764 -39.683079 -65.492378
219.373138 -32.666214 -75.864586
226.294632 -29.106764 -81.517639
Custom
ToggleWalkRun
226.294632 -29.106764 -81.517639
245.160568 -25.366323 -84.902756
249.735321 -24.813400 -85.380455
220.800079 -29.797314 -79.673157
Custom
ToggleWalkRun
202.117767 -42.926037 -67.749733
206.502655 -44.052902 -54.773117
214.025116 -44.545517 -47.823002
221.541641 -44.831020 -40.778362
226.177185 -44.926105 -31.650509
224.935638 -44.674778 -21.467878
215.459167 -43.873238 -18.028955
205.447891 -42.101002 -17.253254
195.570282 -39.883045 -16.816952
205.419159 -42.327312 -18.509470
215.519470 -43.906727 -18.611439
225.202530 -44.569290 -16.011019
231.055878 -44.620808 -7.642764
237.901779 -44.561581 0.112806
243.785843 -44.277172 8.199911
248.161606 -43.555370 17.261818
240.912292 -41.441154 24.115068
248.912109 -43.512821 17.965960
250.545242 -44.416416 7.959892
251.428558 -44.932854 -2.354250
252.816177 -45.206619 -12.263429
254.197205 -45.452999 -22.618313
255.553589 -45.428524 -32.788589
256.934662 -44.995480 -43.143459
265.782013 -45.120632 -37.727135
274.152588 -45.786545 -31.785839
282.142944 -46.660698 -25.402876
289.249451 -49.091560 -18.778112
297.125946 -51.566406 -12.811742
305.480560 -54.881313 -7.852533
314.813446 -55.777527 -3.631023
324.651825 -55.310745 -1.075268
334.905975 -54.303719 0.897709
344.992615 -53.869011 2.682258
355.229492 -53.879341 4.493355
365.222443 -53.933098 5.253329
374.940369 -53.830772 2.256838
384.270844 -54.119728 -2.137847
391.123993 -53.275993 -9.458158
Wait
20
402.169830 -52.404774 -8.229122
Custom
WizardsDenSigCheck1
402.169830 -52.404774 -8.229122
372.766754 -47.195148 -130.241943
368.912415 -45.286987 -139.529144
362.591705 -42.756924 -147.098145
355.705444 -40.274059 -154.427994
350.227905 -38.734814 -162.895554
348.916595 -38.728355 -172.852402
Wait
20
348.802856 -37.869839 -175.896286
ClickActor
Crypt
348.802856 -37.869839 -175.896286
Wait
10
348.802856 -37.869839 -175.896286
348.398346 -38.725170 -185.988876
Wait
20
348.120514 -38.724186 -194.758621
Wait
20
348.120514 -38.724186 -194.758621
Custom
WizardsDenSigCheck2
348.120514 -38.724186 -194.758621
DontStopForCombat
357.397400 -38.748081 -193.412155
Named
Nazkra
CustomNamed
357.962067 -38.738777 -199.749420
StopForCombat
Custom
WizardsDenShinyHunt1
354.875336 -38.732346 -200.123840
349.694183 -38.729794 -196.713440
349.425903 -38.728836 -186.659866
Wait
20
349.131134 -38.026325 -178.747452
ClickActor
Crypt
349.131134 -38.026325 -178.747452
Wait
10
349.131134 -38.026325 -178.747452
348.848206 -38.728016 -168.539612
350.216370 -39.346107 -158.336578
354.860748 -41.670452 -149.617218
363.091400 -43.619778 -144.234344
372.902649 -45.011742 -141.643875
382.768921 -46.065762 -139.975983
392.806854 -46.519154 -138.306946
403.000336 -46.755341 -136.646500
412.944183 -47.066437 -135.258545
422.980103 -46.883175 -133.924225
433.227875 -45.701534 -132.782928
443.264557 -43.922901 -131.741516
452.964813 -41.684319 -130.734634
462.813904 -39.761780 -129.684662
472.692627 -38.494411 -128.596985
482.612671 -37.767143 -127.163643
492.761322 -36.866928 -125.788132
Wait
20
500.638641 -36.239754 -125.104935
510.671051 -35.836132 -125.927330
520.851563 -36.000416 -126.700012
531.077209 -35.976772 -127.295067
Wait
20
533.089966 -35.972225 -127.386040
HailActor
Shanks
533.089966 -35.972225 -127.386040
Wait
100
533.089966 -35.972225 -127.386040
543.284851 -35.963123 -128.110809
553.408630 -36.171852 -128.227295
563.327209 -38.691444 -128.450684
573.434509 -38.691570 -128.559219
580.359314 -39.342014 -128.591721
590.376404 -41.117111 -128.523102
Wait
20
600.618042 -40.972900 -128.566727
Custom
PreHeal
600.618042 -40.972900 -128.566727
Custom
Target gooblin
600.618042 -40.972900 -128.566727
Wait
50
600.618042 -40.972900 -128.566727
611.008484 -41.128162 -129.227051
621.032654 -41.126312 -130.040894
Wait
20
628.339661 -41.119343 -130.634109
635.093079 -41.127747 -123.065392
640.449646 -41.126842 -114.485695
643.185181 -40.967422 -104.532646
644.526550 -41.144360 -94.312141
643.704163 -43.070820 -84.382393
641.867126 -43.849949 -74.558144
639.527161 -44.085388 -64.396904
638.631348 -46.271851 -54.637897
638.527710 -46.236324 -44.548935
Wait
20
639.123901 -46.132961 -43.338898
ClickActor
Lab
639.123901 -46.132961 -43.338898
Wait
20
639.123901 -46.132961 -43.338898
Custom
PreHeal
639.123901 -46.132961 -43.338898
Custom
Target gooblin
639.123901 -46.132961 -43.338898
Wait
50
639.123901 -46.132961 -43.338898
639.254028 -46.306557 -33.094322
639.384277 -46.306553 -22.849909
Wait
20
639.451904 -46.306549 -17.534147
649.658875 -46.305935 -16.744041
659.774048 -46.303524 -15.800162
669.872803 -46.496769 -14.349291
679.247192 -49.576622 -12.204942
687.198792 -52.881924 -6.748181
693.915649 -56.265327 0.087558
696.357422 -58.168350 9.660234
701.316650 -59.212017 18.742533
703.412903 -59.188454 28.548979
703.170898 -59.194721 38.044113
Wait
20
699.265564 -59.211899 47.534199
Custom
PreHeal
699.265564 -59.211899 47.534199
Custom
Target gooblin
699.265564 -59.211899 47.534199
Wait
50
699.265564 -59.211899 47.534199
692.084839 -59.210125 54.694397
684.895020 -59.199982 61.653446
Wait
20
684.895020 -59.199982 61.653446
688.911438 -59.159508 70.992218
693.994995 -59.218864 79.837196
698.583618 -59.212601 89.005943
701.269958 -59.195629 98.660065
701.261169 -59.191551 108.686348
699.943787 -59.221622 118.672775
698.282288 -58.239269 128.602982
695.089111 -56.444767 138.155212
689.590942 -53.108395 146.119614
682.159363 -49.984516 152.252563
673.276062 -46.640984 155.769012
Wait
20
667.322876 -46.298859 156.657166
Custom
PreHeal
667.322876 -46.298859 156.657166
Custom
Target gooblin
667.322876 -46.298859 156.657166
Wait
50
667.322876 -46.298859 156.657166
657.247131 -46.305450 156.708893
647.240295 -46.306087 156.741577
Wait
20
641.501038 -46.306423 156.760269
631.129639 -46.306190 156.760742
620.891113 -46.305546 156.389633
610.834717 -46.298038 155.514450
601.161926 -47.830700 152.599625
592.784607 -51.349907 148.193237
585.264648 -54.316517 142.252853
578.661255 -57.682091 135.480759
573.521606 -58.940815 126.689476
572.071533 -59.219032 116.482742
573.615845 -59.181629 106.099648
Wait
20
574.953674 -59.211498 97.192116
Custom
PreHeal
574.953674 -59.211498 97.192116
Custom
Target gooblin
574.953674 -59.211498 97.192116
Wait
50
574.953674 -59.211498 97.192116
577.934387 -59.215416 87.574203
582.088989 -59.219452 78.460884
Wait
20
586.555725 -59.159782 70.717323
596.720459 -59.163601 71.500450
Custom
Target Gooblin 30
596.720459 -59.163601 71.500450
Wait
30
596.720459 -59.163601 71.500450
606.770691 -59.164806 71.650368
616.809204 -59.111732 71.468658
626.746277 -57.299168 71.288773
Wait
150
631.249207 -57.221958 71.207260
619.979370 -59.120113 70.577652
DontStopForCombat
Custom
Target Gooblin
619.979370 -59.120113 70.577652
Wait
50
619.979370 -59.120113 70.577652
609.792725 -59.155800 70.531212
599.675171 -59.155003 70.432297
589.472473 -59.157925 70.795387
579.387695 -59.179440 71.154274
569.215515 -59.202595 71.420143
559.060730 -59.225204 71.694122
549.007263 -59.058109 72.336220
538.906616 -59.234196 73.345337
528.782593 -59.228683 75.200043
Named
Gooblin
CustomNamed
527.969055 -59.227898 74.469505
534.040039 -59.222244 70.644592
544.045288 -59.221027 70.398018
554.159241 -59.220436 70.284462
564.425049 -59.198471 69.957352
574.531921 -59.176151 69.703697
584.625061 -59.154816 69.560074
594.750305 -59.146820 69.416000
604.908203 -59.145657 69.271469
614.981873 -59.147053 69.445068
Custom
WizardsDenShinyHunt2
614.981873 -59.147053 69.445068
605.623474 -59.134155 61.550049
597.562012 -59.174091 55.358948
589.404846 -59.200954 49.297508
581.179504 -59.195156 43.200809
575.264099 -59.186813 34.997978
575.631409 -59.210384 24.966013
579.714478 -59.200191 15.684530
585.153015 -57.398304 7.434981
591.459534 -53.751137 0.456381
598.624390 -50.439880 -6.083209
606.157654 -47.056156 -12.108021
615.224182 -46.299400 -16.665771
624.548218 -46.305775 -20.934637
633.639282 -46.306343 -25.484907
640.206482 -46.306503 -30.663118
639.571045 -46.135197 -40.815578
639.008911 -46.273708 -51.041828
638.595947 -44.982334 -61.192822
638.264893 -43.845394 -71.188683
637.927734 -43.845825 -81.374321
637.607849 -41.118797 -91.038025
637.271179 -41.120308 -101.207848
636.934387 -41.123058 -111.377670
636.432373 -41.122978 -121.551079
630.651123 -41.118637 -129.847946
620.458069 -41.127277 -130.929871
610.473328 -41.127335 -129.953964
600.462769 -40.976528 -129.293594
590.399353 -41.118027 -128.709381
580.548645 -39.394882 -128.293823
570.444885 -38.691936 -127.868340
560.414673 -38.386127 -127.693840
550.703491 -35.963421 -128.027832
540.518433 -35.942776 -128.400665
530.491455 -35.975269 -128.767700
520.258118 -35.997875 -129.110153
510.054352 -35.716557 -129.354202
499.993164 -36.109825 -129.623825
489.790802 -36.795879 -129.931931
479.885590 -38.067947 -130.737091
469.762146 -38.760361 -131.594925
459.670258 -40.338547 -132.450089
449.972656 -42.767414 -133.271866
439.975433 -44.876961 -134.119019
429.836273 -46.252186 -134.978180
419.681335 -46.924923 -135.838654
409.636658 -46.920437 -136.689758
399.551666 -46.771843 -135.607727
391.007111 -47.236324 -130.321915
385.403442 -47.838863 -121.902306
384.242889 -47.836964 -111.942924
384.791962 -48.192547 -101.920708
385.926971 -49.055222 -91.824654
387.014526 -49.460487 -81.803215
387.896271 -48.797371 -71.617043
388.769745 -48.674999 -61.510807
389.646027 -49.645496 -51.371601
390.530945 -50.536804 -41.133308
391.395905 -51.215355 -31.126204
391.526459 -52.064938 -21.061857
390.328400 -53.187592 -11.160432
386.499359 -54.110481 -3.117064
376.590332 -53.830181 -0.676053
366.593262 -53.831375 1.252049
356.591156 -53.832130 1.295333
346.704071 -53.831070 -0.541703
336.728058 -53.841564 -2.140465
326.572418 -54.768806 -3.018132
316.541077 -55.686394 -3.831462
306.761993 -54.855164 -5.762972
297.564362 -51.576736 -9.063183
288.941650 -48.795139 -13.623088
280.758636 -46.411659 -18.916929
271.821136 -45.777634 -23.844456
261.718475 -45.543701 -24.283724
252.296127 -45.421417 -20.555439
250.314468 -45.144012 -10.746865
Wait
20
247.505066 -44.743259 -3.359766
144.949997 26.680000 -50.000000
134.918289 26.496128 -50.392384
124.825401 26.497007 -50.544746
114.765770 26.497040 -50.692497
104.738945 26.496822 -50.839764
94.529793 26.667717 -50.989712
84.452621 26.495260 -51.064651
Wait
20
79.330948 26.495184 -51.073254
Custom
WizardsDenSigCheck3
79.330948 26.495184 -51.073254
69.307098 26.496525 -50.983963
59.229885 26.496552 -50.937855
49.169254 26.495556 -50.891827
39.058590 26.495626 -50.845577
29.019728 26.661863 -50.640347
19.839495 26.480089 -46.551693
12.068057 26.486116 -40.108429
7.289906 26.493511 -38.185947
Wait
20
7.012819 26.497129 -5.305383
