The Guts of the Matter
DontStopForCombat
Custom
HailActor Merrik 4
4265.317383 -1096.346558 2058.916992
4267.941895 -1096.266846 2055.608398
4272.753418 -1096.007935 2046.743530
4275.898926 -1094.029541 2037.002319
4276.806641 -1091.605347 2027.171021
4273.951172 -1087.360718 2017.747559
4274.300781 -1085.476685 2007.608154
4273.783203 -1085.229004 1997.259399
4275.533691 -1084.232666 1987.149536
4279.966797 -1083.964355 1977.494995
4279.216309 -1083.211914 1966.971191
4272.746094 -1083.304688 1959.054199
4265.613281 -1083.511841 1951.345947
4257.230469 -1083.893066 1945.161499
4248.274902 -1086.580322 1940.857300
4238.965332 -1087.089844 1935.638794
StopForCombat
4230.523438 -1087.386597 1929.927124
Wait
50
4230.523438 -1087.386597 1929.927124
4238.755371 -1087.386841 1923.329224
4246.901855 -1087.386841 1917.203369
4256.229492 -1086.829590 1912.433350
4265.715820 -1086.005005 1907.722900
4274.461426 -1085.208008 1902.120483
4281.657715 -1084.528076 1894.822754
4288.257324 -1084.244873 1887.178223
4295.228516 -1084.300049 1879.085938
4301.816895 -1084.653564 1871.438477
4308.615723 -1085.122925 1863.545776
4315.930664 -1085.394043 1856.066040
4324.203613 -1084.727783 1850.145630
4333.105469 -1083.431274 1845.566528
4341.909668 -1082.135498 1840.808350
4349.273438 -1082.519653 1833.168335
4350.180664 -1082.265259 1822.876831
4345.706055 -1082.266724 1813.748413
4339.664551 -1082.414063 1805.249634
4333.310547 -1081.875000 1797.127686
4327.157227 -1081.365967 1789.235596
4321.089355 -1081.031494 1780.922729
4315.663574 -1080.895264 1772.281128
4310.208984 -1081.081055 1763.883667
4303.442383 -1081.129639 1756.357422
4295.538086 -1081.536377 1750.060791
Wait
50
4288.709473 -1081.707642 1748.222168
4297.513184 -1081.052979 1753.044189
4305.462891 -1081.094116 1759.214844
4313.242188 -1081.074219 1766.111450
4320.366699 -1080.984131 1773.215088
4325.408203 -1081.243652 1782.027344
4328.816895 -1081.419434 1791.706299
4333.833984 -1082.113647 1801.030640
4338.583984 -1082.568237 1809.893066
4342.492676 -1082.614746 1819.567261
4346.415527 -1082.651855 1828.948853
4347.402344 -1082.480957 1839.533081
4341.272461 -1081.515503 1847.931152
4331.980957 -1083.055664 1851.862183
4323.161133 -1084.494873 1856.416382
4314.504395 -1085.081543 1861.886230
4305.979492 -1084.863037 1867.523926
4298.561035 -1084.453491 1874.907959
4292.803711 -1084.173828 1883.295898
4287.207520 -1083.936890 1892.392578
4281.966797 -1084.202271 1900.913208
4276.426758 -1084.555786 1909.858521
4270.864258 -1084.797852 1918.580933
4265.143066 -1085.281006 1926.869995
4258.458984 -1085.795898 1934.830200
4251.362793 -1085.592163 1942.611694
4244.416504 -1085.330688 1950.250122
4237.688477 -1084.218506 1957.782104
4230.816895 -1082.714355 1965.657959
4224.047363 -1082.246704 1973.222046
4216.133789 -1081.293701 1980.278320
4208.381836 -1079.999634 1987.073120
4200.861328 -1080.296997 1993.706177
4193.107422 -1078.736328 2000.582031
4185.377441 -1078.699951 2007.642456
4177.850586 -1077.540039 2014.713501
4170.921875 -1076.068848 2022.459473
4164.602051 -1074.700439 2030.156006
4157.737793 -1073.476929 2037.936035
4149.555176 -1072.244995 2043.698120
4139.856445 -1070.059326 2045.859375
4129.654297 -1069.274414 2048.535156
4119.427246 -1069.111816 2050.018555
4116.546875 -1066.902222 2040.387939
4122.981445 -1064.932251 2032.559082
4129.558594 -1061.842285 2024.992920
4136.761230 -1058.682373 2017.739380
4144.877441 -1058.148438 2011.251831
4154.310547 -1057.235352 2006.971436
4163.254395 -1057.640015 2012.345703
Wait
50
4163.750488 -1057.437622 2015.260010
4166.940918 -1058.912231 2024.798462
4170.661621 -1064.671265 2032.633301
4174.716797 -1068.922607 2041.125610
4179.081055 -1073.106567 2049.240723
4184.253906 -1077.989624 2057.039551
4190.109863 -1080.513672 2065.398193
4196.035645 -1081.546265 2073.943115
4201.687012 -1083.548096 2082.091553
4208.923340 -1086.332642 2088.511963
4216.756348 -1089.322144 2094.427246
4224.255859 -1092.677124 2100.264160
4232.237793 -1095.149658 2106.476318
4240.225586 -1095.670898 2112.612549
4248.367676 -1095.491577 2118.668213
4256.499512 -1094.041138 2124.583252
4264.708008 -1092.520386 2130.522949
4272.770020 -1091.221802 2136.357178
4280.875488 -1089.553589 2142.262695
4288.892578 -1088.473633 2148.899658
4295.770508 -1087.504395 2156.552246
4302.056152 -1087.606934 2164.566895
4308.125977 -1087.967773 2172.964355
4313.254395 -1087.715698 2181.760010
4317.881348 -1087.277344 2190.815430
4323.839355 -1087.077881 2199.536865
Wait
50
4325.511230 -1086.620483 2202.192871
4318.235840 -1086.608398 2194.117188
4313.845215 -1087.432129 2184.746582
4308.433594 -1087.826294 2175.234619
4302.287109 -1087.548218 2166.590576
4296.504395 -1087.217651 2158.273926
4292.350098 -1088.307739 2148.720459
4286.080078 -1089.165649 2140.768311
4277.836426 -1090.693970 2134.551758
4268.620117 -1092.161255 2129.740723
4258.858398 -1093.571167 2125.563232
4248.691895 -1095.473145 2123.003174
4238.130859 -1095.567261 2123.963867
4228.704102 -1095.312500 2128.121582
4220.563965 -1095.030518 2134.479248
4214.569824 -1094.684448 2143.012207
4208.692871 -1093.608398 2151.301758
4201.985840 -1092.167480 2159.613525
4195.746094 -1090.429810 2167.328613
4189.516113 -1088.451416 2174.909912
4182.121582 -1085.996948 2181.510986
4174.339355 -1083.730225 2187.396973
4166.212402 -1082.577881 2193.416748
4158.231934 -1081.875122 2199.413818
4149.728516 -1081.554443 2205.804199
4141.429688 -1081.185669 2212.040771
4132.356445 -1080.960083 2218.088867
4123.221680 -1081.145508 2222.978516
4114.115234 -1082.029785 2227.302734
Wait
50
4105.774902 -1083.486206 2230.807129
4114.541504 -1081.787354 2225.470703
4123.650879 -1081.158447 2220.338867
4132.680664 -1080.835815 2215.253662
4141.996582 -1081.271729 2209.818115
4150.729980 -1081.523682 2204.306396
4159.328125 -1081.950928 2198.132080
4166.908203 -1082.749023 2190.735596
4174.136719 -1083.991821 2183.407959
4180.931641 -1086.548096 2176.519287
4187.782227 -1088.941772 2169.574951
4194.857422 -1090.944092 2162.400635
4202.369629 -1092.680542 2154.783691
4209.815918 -1093.977173 2147.300293
4217.683594 -1094.989258 2139.590820
4225.400879 -1095.222900 2132.030273
4233.066406 -1095.362305 2124.517822
4239.088867 -1095.638428 2115.507568
DontStopForCombat
4241.509277 -1095.661133 2105.728027
4243.777832 -1095.676270 2094.912109
4247.472656 -1096.108887 2085.163330
4250.161621 -1095.968628 2074.356934
4253.783691 -1095.695068 2064.798340
4259.762695 -1095.733032 2056.781006
Custom
HailActor Merrik 4
4265.452148 -1096.315552 2057.913330
4266.373535 -1095.488647 2047.876831
Custom
HailActor Osh 4
4267.304199 -1094.377197 2040.584717
4271.443848 -1096.176758 2049.627686
4278.793945 -1096.788208 2056.914795
4286.612793 -1096.457642 2063.275391
4294.699707 -1094.545410 2068.966064
StopForCombat
4302.697266 -1090.851074 2075.038818
Custom
PathKill 67 35 5 1 0 0 "undead othmir" "I've collected all the entrails I can handle" 1
4306.124512 -1089.123413 2077.751221
4308.808594 -1086.960327 2087.526611
4310.724121 -1085.153198 2097.400635
4314.913086 -1083.299927 2106.584229
4316.737305 -1082.322144 2116.443848
4312.870117 -1083.607910 2126.200684
4308.720703 -1085.536621 2135.291748
4304.827637 -1086.694580 2144.818604
4301.478516 -1087.242188 2154.786865
4300.431641 -1087.399048 2164.935059
4298.701660 -1087.452515 2155.075684
4296.599121 -1087.770752 2144.408203
4289.130371 -1089.030273 2136.752197
4280.096680 -1090.589111 2131.895752
4271.117188 -1091.989136 2127.317627
4261.906738 -1093.153687 2122.884521
4252.878418 -1095.366211 2118.812012
4242.875977 -1095.600342 2118.980957
4231.939941 -1095.256348 2119.132324
4222.064941 -1094.503540 2114.800537
4212.933594 -1090.230957 2110.605469
4209.699219 -1087.405396 2100.272705
4205.285156 -1085.149170 2090.722656
4201.655762 -1083.494751 2080.907471
4198.216797 -1082.116089 2071.275879
4194.059570 -1081.391113 2062.130371
4190.464844 -1081.154297 2052.333984
4189.218750 -1081.051025 2041.737793
4190.032227 -1081.307617 2031.234375
4191.152344 -1080.253540 2021.002563
4192.291016 -1079.036743 2010.631104
4193.638672 -1078.718384 1999.982422
4195.606445 -1080.040527 1989.992920
4198.798828 -1080.720825 1980.247925
4202.509766 -1082.076172 1970.289307
4204.898926 -1084.024170 1960.463013
4207.143066 -1084.760986 1950.689087
4209.367188 -1085.132080 1940.459351
4212.501953 -1086.033691 1930.459595
4216.751465 -1086.732910 1920.839600
4221.880371 -1087.249390 1911.784302
4228.883301 -1087.386719 1903.298950
4235.923340 -1087.386841 1895.502197
4242.827148 -1087.464722 1886.792847
4249.133301 -1087.373413 1878.216553
4255.806641 -1087.052856 1869.833618
4262.665527 -1086.570068 1862.065063
4272.666992 -1086.481812 1861.826782
4282.876953 -1086.564209 1863.595459
4292.361328 -1085.558350 1867.334839
4293.458496 -1084.542236 1877.811768
4290.778809 -1083.987793 1887.861450
4288.154785 -1083.484253 1898.068115
4286.378418 -1083.228638 1907.917358
4285.039551 -1082.625366 1918.175537
4283.862305 -1082.929199 1929.004028
4282.845215 -1083.117188 1939.688354
4283.480957 -1082.862305 1950.228394
4287.470703 -1082.311890 1959.607178
4293.379883 -1083.166504 1967.709106
4299.612305 -1083.771851 1976.010864
4305.638672 -1084.570923 1984.288818
4310.038086 -1085.969238 1993.675049
4313.761230 -1087.159912 2003.368286
4318.045410 -1088.550659 2013.184937
4320.901855 -1089.824341 2023.286133
4322.628906 -1090.758301 2033.520874
4324.125488 -1089.270264 2043.455566
4326.675781 -1086.597046 2053.727539
4326.587891 -1084.465332 2064.365234
DontStopForCombat
4321.172363 -1084.576172 2073.491699
4313.232422 -1086.311035 2079.634521
4317.597656 -1084.922607 2078.328369
4307.750000 -1088.603516 2077.200439
4306.496582 -1089.097046 2077.056641
4306.496582 -1089.097046 2077.056641
4297.472656 -1093.884155 2066.475098
4289.264160 -1096.228638 2060.590576
4292.597656 -1095.898438 2051.111328
Custom
ClickActor "merrik_x5 invis cube DNT"
4295.131836 -1094.615356 2042.529419
Custom
ClickActor "Merrik_x5_guts DNT"
4295.131836 -1094.615356 2042.529419
Custom
ClickActor "merrik_x5 invis cube DNT"
4292.994629 -1095.614014 2048.233643
Custom
ClickActor "Merrik_x5_guts DNT"
4292.994629 -1095.614014 2048.233643
4283.192871 -1096.211304 2050.912842
Custom
ClickActor "merrik_x5 invis cube DNT"
4278.735352 -1096.135376 2049.258545
Custom
ClickActor "Merrik_x5_guts DNT"
4278.735352 -1096.135376 2049.258545
Custom
ClickActor "merrik_x5 invis cube DNT"
4279.368164 -1096.741699 2056.543213
Custom
ClickActor "Merrik_x5_guts DNT"
4279.368164 -1096.741699 2056.543213
4285.099609 -1096.569580 2064.897949
Custom
ClickActor "merrik_x5 invis cube DNT"
4282.605957 -1096.506226 2069.627930
Custom
ClickActor "Merrik_x5_guts DNT"
4282.605957 -1096.506226 2069.627930
4276.307129 -1096.176880 2077.700928
Custom
ClickActor "merrik_x5 invis cube DNT"
4274.115234 -1096.154663 2079.392334
Custom
ClickActor "Merrik_x5_guts DNT"
4274.115234 -1096.154663 2079.392334
4277.480469 -1096.014648 2078.885498
4269.715332 -1096.956909 2072.633057
Custom
HailActor Merrik 4
4266.946289 -1096.665771 2062.971924
