Case of the Missing Headpiece
Custom
HailActor Thaalia 6
-228.573669 57.235695 -246.473053
-214.090012 57.501904 -240.645096
-203.908356 57.449394 -239.728012
ClickActor
Teleporter
-203.336227 57.449394 -239.061752
Wait
50
0 0 0
-214.490005 91.279999 -250.740005
-206.763290 92.414093 -244.396332
-196.392365 91.796692 -245.341736
-188.185257 91.310371 -251.421387
-180.148438 91.421089 -257.488617
-172.145050 91.021233 -263.530487
-164.018570 90.569435 -269.665375
-155.690598 90.565483 -275.952332
-146.949020 90.559639 -281.607849
-137.388275 90.551666 -284.662994
Custom
FlyUp
-137.388275 90.551666 -284.662994
-87.571266 91.611191 -290.239105
-39.627754 91.611191 -304.479218
7.141279 91.611191 -322.494415
53.805321 91.611191 -340.469238
100.836853 91.611191 -358.585632
147.535889 91.611191 -376.573853
194.549820 91.611191 -394.683319
241.213776 91.611191 -412.657990
288.052551 91.611191 -430.700104
334.803955 91.611191 -448.708679
381.485199 91.611191 -466.690094
428.428894 91.611191 -484.772522
475.372620 91.611191 -502.854980
511.873260 57.571911 -506.457581
540.055603 16.117821 -503.692566
568.693542 -25.012812 -505.926880
573.355835 -70.360649 -484.561462
588.643127 -111.079994 -459.429626
Custom
FlyDown
595.013428 -125.795128 -450.417511
Custom
WaitForMob "an Obulus remnant" 500
594.886658 -166.288254 -450.417511
Custom
PathKill 41 30 30 1 1 1 "an Obulus remnant" "I didn't find any clue as to the missing Headpiece of Aerdaerys on any of the Obulus remnants from Dalnir" 1
594.886658 -166.288254 -450.417511
599.213928 -163.625977 -459.184967
604.233704 -161.031830 -467.890320
610.933105 -157.603851 -474.706116
618.495239 -153.760529 -480.118958
627.205627 -149.884415 -484.036713
636.206360 -145.603638 -486.131775
645.762268 -142.218994 -487.826141
655.167297 -138.832626 -490.052979
663.931946 -133.696304 -491.537170
669.951477 -132.012817 -499.431946
668.664734 -131.355377 -509.583405
666.225525 -131.030640 -519.285583
657.188110 -132.635132 -523.648987
648.100281 -137.031784 -525.475281
639.329529 -142.823044 -527.236450
634.587891 -145.942780 -535.487793
624.411194 -148.200836 -538.362976
615.720520 -149.887955 -543.024475
612.476563 -150.754395 -552.679382
612.443970 -150.781387 -563.025146
620.991943 -149.239578 -568.178345
630.546631 -146.257004 -567.149353
638.651672 -143.891373 -572.733276
645.796814 -141.668884 -579.564026
652.690002 -138.097290 -586.390747
655.741943 -135.789932 -596.086731
655.847961 -133.001419 -605.964600
659.032471 -131.553207 -615.974670
663.327209 -130.389832 -624.964111
667.544128 -130.089325 -634.067688
674.911072 -128.851898 -640.732361
682.044373 -130.090637 -633.477417
688.136597 -130.636154 -625.466309
693.975708 -130.277588 -617.035889
702.270813 -129.975632 -611.074585
712.235962 -129.072372 -608.378174
721.735413 -127.556389 -605.626282
731.572266 -127.420013 -602.776611
741.334106 -127.572884 -599.931274
750.971375 -127.941612 -597.097168
760.599548 -130.005066 -594.278015
594.886658 -166.288254 -450.417511
594.886658 -166.288254 -450.417511
594.886658 -166.288254 -450.417511
Custom
WaitForMob "a Bloody Tooth" 100
594.886658 -166.288254 -450.417511
Custom
PathKill 41 30 30 1 1 1 "a Bloody Tooth" "A Bloody Tooth goblin had the Aerdaerys case" 1
594.886658 -166.288254 -450.417511
599.213928 -163.625977 -459.184967
604.233704 -161.031830 -467.890320
610.933105 -157.603851 -474.706116
618.495239 -153.760529 -480.118958
627.205627 -149.884415 -484.036713
636.206360 -145.603638 -486.131775
645.762268 -142.218994 -487.826141
655.167297 -138.832626 -490.052979
663.931946 -133.696304 -491.537170
669.951477 -132.012817 -499.431946
668.664734 -131.355377 -509.583405
666.225525 -131.030640 -519.285583
657.188110 -132.635132 -523.648987
648.100281 -137.031784 -525.475281
639.329529 -142.823044 -527.236450
634.587891 -145.942780 -535.487793
624.411194 -148.200836 -538.362976
615.720520 -149.887955 -543.024475
612.476563 -150.754395 -552.679382
612.443970 -150.781387 -563.025146
620.991943 -149.239578 -568.178345
630.546631 -146.257004 -567.149353
638.651672 -143.891373 -572.733276
645.796814 -141.668884 -579.564026
652.690002 -138.097290 -586.390747
655.741943 -135.789932 -596.086731
655.847961 -133.001419 -605.964600
659.032471 -131.553207 -615.974670
663.327209 -130.389832 -624.964111
667.544128 -130.089325 -634.067688
674.911072 -128.851898 -640.732361
682.044373 -130.090637 -633.477417
688.136597 -130.636154 -625.466309
693.975708 -130.277588 -617.035889
702.270813 -129.975632 -611.074585
712.235962 -129.072372 -608.378174
721.735413 -127.556389 -605.626282
731.572266 -127.420013 -602.776611
741.334106 -127.572884 -599.931274
750.971375 -127.941612 -597.097168
760.599548 -130.005066 -594.278015
594.995483 -166.232468 -450.736908
594.995483 -116.089661 -450.736908
571.950073 -71.652191 -444.990387
537.404663 -36.551365 -435.169678
499.317505 -5.512260 -425.261719
463.322205 28.362669 -415.897797
423.161865 56.603134 -405.452545
387.904694 91.473183 -397.742859
338.751068 93.899048 -387.347656
289.484436 96.998299 -376.462494
240.527344 99.181915 -365.645752
192.725449 109.405052 -355.084259
143.707947 112.786858 -344.254150
94.824326 112.786858 -333.453766
45.454483 114.444138 -323.808014
-4.114968 114.444138 -313.616516
-53.482449 114.444138 -303.466827
-103.070328 114.444138 -293.272095
Custom
FlyDown
-149.793121 114.444138 -283.666260
-149.793121 90.566208 -283.666260
-158.674011 90.572594 -278.853424
-167.078705 90.578484 -272.992218
-174.703949 91.029060 -266.382965
-182.253662 91.413498 -259.098969
-189.591431 91.302109 -252.019470
-196.879257 91.948242 -245.050140
ClickActor
Teleporter
-202.634476 93.021545 -239.460236
Wait
50
0 0 0
-203.270004 57.209999 -233.740005
-212.237411 57.206326 -238.350159
-221.036514 57.286770 -243.227921
Custom
HailActor Thaalia 5
-227.164810 57.238079 -247.121826
-217.528961 57.347008 -244.185776
-207.875351 57.206326 -240.530106
ClickActor
Teleporter
-202.734558 57.449394 -238.796173
Wait
50
0 0 0
-214.490005 91.279999 -250.740005
-221.874298 91.388237 -257.828369
-229.277832 91.096664 -264.935211
-237.581604 90.682251 -271.550385
-247.994003 91.745995 -271.839630
-256.510437 91.538391 -266.324005
-262.880890 91.149910 -258.203430
-265.334564 90.799232 -248.148941
Custom
FlyUp
-268.895660 90.813164 -243.414398
-312.449738 91.712212 -268.275574
-356.155670 91.712212 -293.223663
-406.154205 91.712212 -300.326141
-455.700409 91.712212 -290.787109
-504.896881 91.712212 -281.315491
-554.351624 91.712212 -271.794250
-599.607544 79.258415 -254.520157
-635.795410 57.219841 -227.123459
-672.725830 35.374733 -200.628342
Custom
FlyDown
-699.111633 20.154430 -189.471909
Custom
PathKillClick 86 25 5 1 1 1 "a garden geode" "I have the Khalee'Sri crystal geodes Thaalia Faerel needs to make the Aerdaerys case speak the name of the last Cae'Dal who held it" 1 "Khalee'Sri crystal geode"
-699.111633 5.131498 -189.471909
-695.761780 5.028988 -179.956589
-691.716858 3.935542 -170.817215
-685.555176 2.607968 -162.586716
-675.175781 1.236766 -161.966263
-666.981750 -2.700784 -166.547256
-661.896851 -6.061289 -174.495972
-656.852417 -8.505743 -183.210800
-655.893311 -12.708803 -192.470749
-658.875366 -17.704813 -201.095474
-662.393127 -21.045696 -209.854263
-666.201416 -22.315407 -219.402588
-669.082458 -22.556639 -229.229858
-665.247131 -23.915688 -238.701294
-656.686829 -26.997747 -243.064896
-647.477234 -30.518488 -245.588486
-639.716309 -34.015869 -251.142670
-635.984802 -38.667149 -259.548676
-641.037598 -41.172031 -267.831604
-647.599365 -43.872589 -274.920532
-652.292358 -46.653164 -283.570526
-646.236938 -44.171333 -275.731781
-637.858643 -43.018467 -270.177765
-628.173035 -46.780838 -271.170959
-618.561096 -49.017483 -274.807587
-612.965027 -52.545532 -282.843689
-609.117432 -56.547592 -291.323975
-604.051086 -60.855259 -299.105194
-598.149231 -65.152618 -306.267822
-591.643555 -68.858894 -313.145111
-585.195435 -71.419701 -320.618164
-577.765381 -73.544708 -327.777161
-570.350769 -75.745522 -334.605927
-563.763733 -78.355743 -341.888397
-560.574158 -80.834427 -351.095886
-560.351318 -83.390381 -360.906342
-567.752441 -85.595779 -367.896240
-575.357483 -87.574806 -374.100647
-584.299866 -87.873413 -379.443176
-593.875793 -87.252785 -383.432861
-602.440979 -86.279510 -388.880585
-610.902466 -85.939919 -395.080505
-618.993286 -85.024963 -401.422699
-626.713135 -83.020264 -407.689667
-634.637268 -80.011543 -413.452820
-641.926697 -74.776085 -418.676239
-649.668518 -70.129974 -423.601929
-658.950012 -66.084747 -426.416748
-669.025574 -63.252438 -426.417725
-679.282715 -62.126888 -425.064789
-689.014221 -61.144444 -422.117493
-696.937866 -57.310078 -427.293884
-694.714050 -53.569588 -436.789734
-691.064819 -51.764278 -446.544403
-686.082947 -51.670124 -455.411194
-678.548157 -53.571835 -462.562897
-668.626404 -54.231342 -464.903168
-659.100586 -57.118942 -466.676514
-649.897156 -61.075027 -463.958344
-641.549805 -66.712837 -461.642273
-635.768188 -68.468597 -469.793091
-636.123108 -68.195984 -480.357391
-636.662598 -69.306602 -490.846619
-636.696350 -69.072426 -501.196564
-631.779907 -70.110916 -510.018066
-623.159180 -74.112961 -513.858276
-614.196350 -78.731468 -517.432434
-605.606384 -82.635956 -520.882446
-596.650024 -84.767624 -524.851807
-588.043518 -88.202835 -529.558899
-580.798584 -91.194168 -535.986755
-576.802246 -92.031143 -545.162659
-574.104675 -93.256973 -554.729614
-571.662903 -93.676964 -564.672363
-571.563538 -93.295769 -574.944763
-571.529541 -93.023521 -585.175842
-572.722656 -93.089630 -595.218384
-576.372803 -93.511902 -604.738525
-582.768433 -93.104172 -612.677856
-592.178650 -91.049507 -616.056274
-601.438293 -87.915520 -618.448425
-600.278992 -87.101807 -613.424072
-608.802734 -82.541756 -610.542236
-613.062378 -79.640381 -601.665222
-614.002441 -78.878784 -591.733643
-612.059631 -80.702225 -581.841370
-610.751038 -81.471062 -576.545166
-696.921387 5.092162 -187.549469
-679.930969 52.637840 -189.849686
-646.310120 88.090424 -200.859467
-612.031372 123.412437 -211.169678
-565.445740 138.828827 -223.300888
-516.521057 138.828827 -236.014114
-467.559540 138.828827 -248.736755
-419.015442 138.828827 -261.350922
-368.718384 138.828827 -261.300537
-275.339172 139.459885 -262.285583
Custom
FlyDown
-252.998474 140.020111 -263.167358
-252.980988 91.220192 -263.139893
-242.730484 90.682251 -265.050385
-232.682526 90.996391 -266.677338
-224.735458 91.427620 -260.007660
-217.449539 91.315979 -252.822830
-210.017029 91.955963 -245.519058
ClickActor
Teleporter
-203.163315 93.021545 -238.930893
Wait
50
0 0 0
-203.270004 57.209999 -233.740005
-212.415680 57.206326 -238.379013
-221.285141 57.285027 -243.477524
Custom
HailActor Thaalia 5
-227.965897 57.236912 -247.737213
Wait
20
-227.965897 57.236912 -247.737213
-217.840775 57.334198 -244.675613
-208.000137 57.206326 -241.010803
ClickActor
Teleporter
-203.370056 57.449394 -239.142471
Wait
50
0 0 0
-214.490005 91.279999 -250.740005
-206.456451 92.485725 -244.244446
-196.730652 91.931755 -246.552917
-189.419495 91.314209 -253.351669
-182.074188 91.422913 -260.178314
-174.215118 91.000885 -267.482361
-166.530777 90.577957 -274.624115
-159.000488 90.570335 -281.622681
-151.634613 90.564064 -288.468445
-144.237885 90.557770 -295.342926
-136.645935 90.801704 -302.398865
-129.390335 94.962494 -309.180939
-121.834915 95.957764 -315.874329
-113.624886 95.957764 -321.872498
Custom
HailActor Thanial 10
-112.277748 95.957764 -326.258484
