Kunark Ascending Adventure Timeline
Custom
CheckPreReqs -item "Totem of Escape" 1
0 0 0
Custom
Quest "Kunark Ascending: Beyond the Veil"
0 0 0
Custom
Quest "Kunark Ascending: Opportunity 'Noks" 32
0 0 0
728.052124 249.548935 1328.824097
724.039551 249.470657 1319.663818
715.472046 249.573990 1314.208618
705.466370 249.344223 1311.520142
695.793762 249.280350 1308.771606
686.026428 249.401581 1305.996094
676.056702 249.489197 1303.162842
666.961792 249.391693 1298.954346
658.108826 248.582779 1293.851318
649.978516 248.604156 1287.648926
643.912720 248.480164 1279.692383
640.263611 248.280075 1270.109375
637.393433 247.997147 1260.394531
636.095398 247.034485 1250.508179
638.353333 247.034485 1240.263184
639.489380 247.002625 1229.871582
642.340942 243.178818 1221.048950
645.341614 242.510452 1211.265259
644.454407 242.172424 1201.302368
637.258240 242.172562 1194.161621
627.886597 242.236237 1190.049805
622.286865 242.412125 1187.331665
Custom
Quest "Kunark Ascending: Ghost Whisperer" 48
0 0 0
628.740051 242.237808 1189.999512
636.818420 242.194107 1195.942261
645.045288 242.191620 1202.327515
651.859619 242.355347 1209.778564
651.483948 242.814682 1220.164917
646.280029 244.978073 1228.867676
641.150513 247.034485 1237.614258
637.355530 247.034485 1247.246948
635.490295 247.875412 1257.084229
635.521790 248.259872 1267.161865
636.294739 248.471527 1277.314575
637.186462 248.692795 1287.357300
638.418030 248.985840 1297.690186
Custom
Quest "Drake Disposal Duty"
0 0 0
Custom
Quest "Idol Destruction"
0 0 0
Custom
Quest "Kunark Ascending: Forgotten Lands"
0 0 0
Custom
Quest "Kunark Ascending: History in Stone" 111
0 0 0
Custom
FlyUp 5
-201.823410 228.647766 -238.757706
-191.907806 233.194748 -189.661652
-181.671112 233.194748 -140.407806
-171.457184 233.194748 -91.264191
-161.277512 233.194748 -42.285839
-146.787964 233.194748 5.694502
-130.970047 257.258484 46.585434
-113.158386 264.086426 93.014091
-97.516602 290.328522 132.938812
-82.730209 319.810822 170.594803
-54.620945 319.808441 211.990112
-25.070820 346.112671 242.594009
9.012033 358.111420 277.893097
43.955391 358.111420 314.083466
78.768440 358.111420 350.138947
113.503166 358.111420 386.113495
148.394394 358.111420 422.249908
183.285645 358.111420 458.386322
218.033661 358.111420 494.374359
253.003052 358.111420 530.591614
287.764221 358.111420 566.593140
322.551270 358.111420 602.621643
357.431458 358.228180 638.771484
393.540924 358.222046 673.738647
437.695282 352.379974 697.022278
479.552887 335.630066 718.915283
521.520142 318.836487 740.865662
563.409363 302.074280 762.774902
605.455688 285.249237 784.765564
647.454773 268.443024 806.731445
685.287659 250.820572 834.471436
706.650330 240.210114 852.828552
714.214661 240.210114 902.568359
721.693970 245.950882 951.750122
726.449524 247.422546 1001.760193
724.053345 247.422546 1051.896606
721.660400 247.422546 1101.958008
699.666504 247.422546 1147.074951
673.215576 254.436096 1189.178833
651.603088 260.972443 1234.112061
631.700439 260.972443 1280.236450
Custom
FlyDown
627.589111 260.560577 1289.290771
627.589111 248.812042 1289.287354
629.592896 249.249786 1299.435059
631.222412 249.723404 1309.403564
630.584106 251.915955 1319.250732
628.292786 252.840881 1329.041382
Custom
Quest "Kunark Ascending: A Chosen Weapon"
0 0 0
Custom
Quest "Giant Impressment Effort"
0 0 0
Custom
Quest "Giant Spiritual Awakening" 125
0 0 0
655.909363 249.597137 1325.262817
648.331238 249.531281 1318.259766
639.965393 249.585709 1312.268555
630.998718 250.971024 1316.759888
622.804810 252.840881 1320.774170
Custom
Quest "Suit Up" 140
0 0 0
623.199036 252.840881 1320.889771
631.661377 250.467651 1315.714600
637.365906 249.481598 1307.531738
633.417603 249.135178 1298.284912
625.447937 248.936676 1292.199097
616.696960 248.828262 1287.153687
606.887878 248.864639 1284.901978
596.772461 248.744049 1283.148926
586.862915 248.724228 1281.362427
577.674622 248.682404 1277.374023
573.697510 250.966690 1268.247070
575.346069 250.977478 1261.140503
Custom
Quest "Flame Licked"
0 0 0
Custom
Quest "Littered Along the Pass"
0 0 0
Custom
Quest "Trader Amongst Us"
0 0 0
Custom
Quest "Remains to be Seen" 173
0 0 0
556.299438 250.633713 1347.933472
557.486877 250.656540 1357.883057
554.246033 250.846680 1367.973633
549.684021 250.906769 1377.225830
545.150085 250.995300 1386.421143
541.363281 251.059128 1395.976685
543.132141 251.133530 1405.872070
549.195557 251.177505 1413.938354
556.516541 251.717239 1421.246460
565.244629 251.222504 1426.495728
575.362244 251.522156 1425.545898
584.591309 252.192230 1421.379639
594.100220 253.211594 1417.154907
603.533875 253.494797 1413.398071
613.194397 253.427994 1409.567261
622.846252 252.492737 1406.836304
632.776672 251.819626 1405.104492
643.245605 251.505661 1404.087891
653.455200 251.233841 1403.653564
663.922729 250.741364 1404.801392
673.756348 253.436829 1406.615479
Custom
Quest "Wings in Danger" 248
0 0 0
672.950195 253.436829 1406.547729
663.386841 250.726166 1405.177368
653.005310 251.265915 1403.689453
643.160339 251.516617 1405.475586
632.924622 252.139069 1407.515503
622.640686 253.235336 1409.440430
612.177307 253.752930 1411.398193
602.002075 253.326248 1413.365234
592.105774 252.897980 1415.760864
581.814575 251.920227 1418.253662
571.809692 251.990356 1420.677490
561.396790 251.855453 1422.838501
551.648193 251.029282 1419.810059
547.260803 251.184341 1410.750000
546.384583 252.510361 1400.817139
544.490723 251.515213 1390.515869
546.141174 250.911423 1380.503906
551.056152 250.933365 1371.684448
556.430664 250.730911 1363.053833
562.288147 250.698273 1353.897949
567.820557 251.543381 1345.249878
573.262146 251.878021 1336.743652
578.711487 253.181747 1328.225708
584.304260 252.572906 1319.483398
589.791321 251.504227 1310.906006
595.187805 249.923462 1302.470215
601.996704 249.600006 1295.063599
610.250244 248.908218 1289.400513
Custom
FlyUp
617.854431 248.744690 1284.011353
643.632629 249.528564 1240.560913
669.233948 249.528564 1197.408569
695.036438 249.528564 1153.916992
720.733643 249.528564 1110.603394
724.660156 249.528564 1060.247681
722.517456 249.528564 1009.855347
720.418396 240.406906 960.485168
718.283936 240.406906 910.281067
715.447205 240.406906 860.219788
688.547363 240.406906 817.334839
666.097778 270.145203 783.896118
644.133606 305.624237 756.214661
621.591064 341.288910 728.583313
593.427490 359.839294 691.067444
563.558716 366.424652 651.094849
531.184998 375.385376 613.799133
497.497620 380.822205 577.098022
467.957001 380.378387 535.701294
442.839966 380.376862 492.178955
443.168121 380.376587 441.756439
453.101135 362.995239 395.904114
460.701141 335.848633 354.296692
467.306610 306.493652 313.944641
473.108948 274.446350 275.534058
478.896606 242.659744 236.998886
484.699371 210.790298 198.363129
490.530029 178.766922 159.540588
496.295898 147.098999 121.149162
502.053223 115.478539 82.815117
507.916199 83.277321 43.777039
513.718811 51.407959 5.141246
519.588623 19.171194 -33.939957
525.322937 -12.717213 -72.592697
527.080627 -27.476984 -120.345848
523.443970 -64.239075 -155.076416
520.777466 -99.950447 -190.765350
517.392212 -134.458725 -227.059372
Custom
FlyDown
517.206421 -138.378830 -231.346985
517.196533 -179.966019 -231.338837
Custom
Quest "Artifacts of Life" 256
0 0 0
527.632019 -176.819031 -230.320129
536.219910 -171.632065 -231.850601
541.880554 -165.542267 -226.042816
547.517273 -168.925552 -218.173370
548.265625 -170.142303 -215.362976
Custom
Quest "Feast for a Gift" 268
0 0 0
559.754211 -167.082870 -160.969482
561.132507 -167.657181 -170.929443
562.577209 -166.919022 -181.131317
564.008667 -166.355957 -191.240601
572.259033 -162.680008 -195.637634
581.614990 -159.859497 -199.278824
584.773438 -158.059433 -208.993546
582.969360 -156.411896 -218.692078
579.199707 -156.411896 -228.100281
Custom
Quest "Delivered from Madness" 322
0 0 0
Custom
FlyUp
644.866516 247.034485 1243.709351
669.233948 249.528564 1197.408569
695.036438 249.528564 1153.916992
720.733643 249.528564 1110.603394
724.660156 249.528564 1060.247681
722.517456 249.528564 1009.855347
720.418396 240.406906 960.485168
718.283936 240.406906 910.281067
715.447205 240.406906 860.219788
688.547363 240.406906 817.334839
666.097778 270.145203 783.896118
644.133606 305.624237 756.214661
621.591064 341.288910 728.583313
593.427490 359.839294 691.067444
563.558716 366.424652 651.094849
531.184998 375.385376 613.799133
497.497620 380.822205 577.098022
467.957001 380.378387 535.701294
442.839966 380.376862 492.178955
443.168121 380.376587 441.756439
453.101135 362.995239 395.904114
460.701141 335.848633 354.296692
467.306610 306.493652 313.944641
473.108948 274.446350 275.534058
478.896606 242.659744 236.998886
484.699371 210.790298 198.363129
490.530029 178.766922 159.540588
496.295898 147.098999 121.149162
502.053223 115.478539 82.815117
507.916199 83.277321 43.777039
513.718811 51.407959 5.141246
519.588623 19.171194 -33.939957
525.322937 -12.717213 -72.592697
527.080627 -27.476984 -120.345848
523.443970 -64.239075 -155.076416
520.777466 -99.950447 -190.765350
517.392212 -134.458725 -227.059372
Custom
FlyDown
517.206421 -138.378830 -231.346985
518.516907 -181.480331 -221.565506
525.510315 -179.385864 -214.236267
533.767761 -176.689789 -208.901993
541.718872 -171.773972 -204.647629
551.076782 -169.958191 -200.658722
560.404968 -167.549026 -197.942902
570.076782 -164.499451 -196.652039
579.048584 -160.250549 -198.466492
588.249573 -158.197861 -203.143631
Custom
Quest "Shattered Lives" 343
0 0 0
592.526794 -157.451950 -205.017548
592.526794 -107.348473 -205.017548
545.566528 -99.229729 -220.240906
502.273071 -99.229729 -245.516617
462.226807 -99.229729 -276.117981
422.210297 -99.229729 -306.696320
382.268280 -99.229729 -337.217834
342.370789 -99.229729 -367.705170
302.413818 -99.229729 -398.238068
262.156036 -99.229729 -428.676575
220.773499 -99.229729 -457.379395
170.431152 -99.591820 -461.302979
129.205780 -127.609421 -457.298859
93.507370 -162.638641 -462.055145
Custom
FlyDown
92.291550 -163.818741 -462.303436
91.328857 -208.278915 -460.827637
Custom
Quest "A Vicious Tongue" 352
0 0 0
98.542671 -207.251465 -458.257751
105.701561 -205.847778 -451.163086
114.177132 -206.091370 -445.642700
121.505264 -208.326920 -438.987091
128.254410 -213.083862 -432.734406
137.809509 -216.653320 -432.096680
Custom
Quest "Bridge To Success" 373
0 0 0
133.366653 -215.452652 -428.067108
113.233742 -215.697952 -415.625824
100.747101 -208.604019 -436.548401
100.747101 -158.384628 -436.548401
100.747101 -108.303436 -436.548401
146.098587 -101.422180 -457.116760
191.667130 -101.422180 -477.757813
237.867142 -101.422180 -497.926422
284.317352 -101.422180 -519.073425
330.153198 -101.422180 -539.940613
375.971954 -101.422180 -560.800415
421.756500 -101.422180 -581.644531
467.404633 -101.422180 -602.426514
513.680542 -101.422180 -622.136353
560.374268 -119.647545 -625.797485
Custom
FlyDown
591.835693 -156.143234 -620.617981
Custom
Quest "Get A 'Shroom"
0 0 0
Custom
Quest "Sluggin' It Out"
0 0 0
Custom
Quest "Hide and Wreek"
0 0 0
Custom
Quest "Dying to Have You"
0 0 0
Custom
Quest "Ghosts and Gooblins" 409
0 0 0
Custom
CallToGuildHall
0 0 0
ClickActor
Cae'Dal
0 0 0
Wait
50
0 0 0
Custom
DoorOption 0
0 0 0
Custom
WaitForZoning
0 0 0
-201.595673 90.545319 -177.127335
-191.852982 90.545349 -179.643433
-181.727081 91.438911 -179.297775
-172.416611 91.110962 -175.442108
-164.092041 91.110962 -169.663086
-155.571899 91.110962 -163.625259
Custom
Quest "Growth in an Arid Land" 432
0 0 0
-160.275330 91.110962 -166.589203
-163.347534 91.110962 -176.403534
-164.444061 91.110962 -186.481796
-166.998672 91.076202 -196.209503
-172.753571 90.530334 -204.691772
-178.841324 91.228348 -212.672791
-185.540314 91.378075 -220.132202
-192.618790 91.266525 -227.487976
-199.681854 92.754379 -235.054489
ClickActor
Teleporter
-202.408661 93.021545 -238.034012
Wait
50
0 0 0
-203.270004 57.209999 -233.740005
-213.394760 57.468304 -234.676727
-223.361038 57.268921 -235.670517
-233.514023 57.232563 -235.662689
-237.592148 57.239510 -235.580185
Custom
Quest "Lightning Bug Hunt"
0 0 0
Custom
Quest "Parchment Preservation"
0 0 0
Custom
Quest "Case of the Missing Headpiece" 506
0 0 0
-113.758682 95.957764 -325.841370
-113.758682 146.896759 -325.841370
-113.758682 197.083450 -325.841370
-108.816864 207.770630 -276.735596
-103.789040 207.770630 -226.775620
-98.757477 207.770630 -176.778152
-93.720261 207.770630 -126.724785
-88.671783 207.770630 -76.559479
-83.666153 214.055038 -26.820114
-80.011986 248.394028 9.491592
-75.506927 271.250366 54.257767
-68.334045 290.187775 100.315392
-60.897957 306.786621 147.120148
-52.971172 303.238861 197.013748
-45.293880 313.564850 245.336716
-37.411804 313.126312 294.948395
-29.541386 316.087097 344.486725
-21.676163 312.567017 393.992523
-13.787454 309.036774 443.646027
-5.875427 305.941254 493.449371
1.976240 305.941254 542.894653
31.635096 305.941254 583.847778
69.844368 305.941254 616.570007
115.140747 305.941254 638.158691
160.912308 320.710846 652.596802
209.317474 320.710846 667.865479
257.525879 320.710846 683.072083
305.466217 320.710846 698.194031
353.549927 320.710846 713.361450
401.365356 320.710846 728.444031
449.180817 320.710846 743.526978
497.307587 320.815613 758.977356
542.609070 304.490601 773.136780
587.402588 286.828156 787.698181
632.118530 269.792053 803.145752
675.146667 251.115021 821.132874
701.905029 241.813065 862.832886
712.939270 241.813065 911.740845
723.977478 241.813065 960.666809
735.098328 241.813065 1009.958862
730.505798 241.813065 1059.770264
721.516968 241.813065 1108.982910
699.555725 241.813065 1154.386353
672.981812 249.158127 1196.120483
646.266296 255.097794 1238.076782
619.306763 255.097794 1280.415405
Custom
FlyDown
618.781006 255.133118 1281.237549
625.205261 248.727722 1285.554932
633.716187 248.900345 1291.291016
642.077087 248.876205 1297.001709
649.220276 249.030685 1304.357666
655.597534 249.239136 1312.627441
661.354553 249.456970 1321.042725
666.067993 249.513168 1329.891602
670.711548 249.581497 1338.763550
675.251343 249.839706 1347.766846
678.869080 250.092087 1357.394165
680.998108 250.791183 1367.424072
678.751892 251.108612 1377.167358
673.070374 251.200150 1385.660767
666.275818 251.101059 1393.017090
662.147400 250.731476 1402.139771
670.881653 253.307632 1406.541382
Custom
Quest "Damage the Trust" 525
0 0 0
673.364380 253.436829 1406.361694
664.106262 250.710938 1403.121948
667.411926 251.017899 1393.577026
673.441711 251.174438 1385.570313
679.474304 250.966187 1377.560425
683.715820 250.597641 1368.505249
681.723206 250.055786 1358.661865
679.053040 249.764297 1348.726440
673.219421 249.576141 1340.399170
666.322205 249.693619 1332.890625
659.484985 249.555954 1325.593262
652.523193 249.463364 1318.162842
644.149780 249.444550 1312.459961
634.426941 249.932907 1315.337769
631.026794 252.840881 1324.553345
628.027832 253.699905 1334.137695
Custom
Quest "Kunark Ascending: Seeking Reassurance"
0 0 0
Custom
Quest "Kunark Ascending: Reading Assignment" 681
0 0 0
-810.745789 67.221985 -60.760563
-808.609802 67.221985 -70.733315
-807.179688 67.221985 -80.748688
-806.568054 67.157265 -91.092628
-806.282593 64.091812 -100.625351
-806.989685 64.031921 -110.942467
-808.041138 62.394222 -120.858635
-810.617432 61.287697 -130.725159
-822.467285 93.266434 -167.543823
-844.007080 125.366089 -199.609833
-889.144836 137.793213 -218.451431
-933.474609 152.091629 -236.879013
-979.950134 152.083115 -255.936478
-1026.425659 152.074738 -274.993988
-1073.005493 152.066269 -294.094116
-1119.307739 152.057846 -313.080414
-1165.386108 145.256378 -332.975922
-1211.425781 140.230865 -352.641632
-1256.959106 130.551819 -371.723846
-1302.094482 119.441284 -390.453217
-1345.847656 103.748367 -409.675842
-1391.097656 82.021584 -413.255341
-1436.148315 60.168762 -415.443878
-1481.620728 38.111523 -417.652863
-1525.027466 13.321292 -412.842865
Custom
FlyDown
-1570.350342 -4.220645 -401.336090
-1577.898193 -10.282731 -398.623016
-1587.477173 -10.610558 -395.130554
-1597.194458 -11.152292 -391.131531
-1606.201050 -11.732238 -386.209198
-1614.767212 -12.333680 -380.553711
Custom
Zone -1627 -363
-1624.765015 -13.058426 -374.001862
966.418945 58.023460 -108.906830
924.386902 85.061653 -113.221054
877.936951 103.850555 -115.426231
827.583984 103.841614 -118.648682
777.099792 103.838219 -121.879539
727.032715 103.835434 -124.575294
676.674805 103.835434 -123.895813
626.716309 101.249817 -123.420509
576.437073 96.562759 -123.388321
526.320374 93.594330 -123.178192
476.131104 93.594330 -122.501144
425.980194 93.573807 -121.827179
375.839172 93.573807 -118.490929
325.755371 93.573807 -113.765144
275.783691 93.573807 -109.049927
225.942627 93.573807 -104.347069
175.840088 93.573807 -99.619476
126.017639 93.573807 -94.918266
76.083229 93.573807 -90.206436
26.289091 88.545921 -84.223412
-21.765678 76.458351 -74.516258
-69.389404 64.489731 -64.866814
-117.087151 51.146107 -55.797764
-152.022858 25.579962 -80.840240
Custom
FlyDown
-152.100784 18.592382 -84.580063
ClickActor
Blessed
-152.100784 1.861307 -84.580063
Wait
50
-152.100784 1.861307 -84.580063
Custom
TravelMap "Jarsath Wastes"
-152.100784 1.861307 -84.580063
-1201.323730 230.771271 449.868500
-1201.323730 281.732239 449.868500
-1153.671875 296.976013 450.971863
-1103.360107 296.976013 452.136658
-1053.104370 296.976013 453.299896
-1016.066284 287.205719 420.629822
-1009.318848 275.496704 373.301422
-963.486572 257.647583 363.696411
-928.946289 291.584595 350.557526
-894.159485 294.412262 314.709869
-862.147949 294.412262 275.773224
-853.788696 294.412262 226.166565
-845.441772 294.412262 176.633682
-837.054565 294.412262 126.860519
-828.657776 294.412262 77.031807
-820.310913 294.412262 27.499008
-820.135193 281.639984 -21.346891
-835.929749 263.946503 -65.406166
-854.918640 245.717819 -108.067284
-874.346191 227.713470 -150.857635
-893.752075 209.729263 -193.600204
-913.085754 191.812195 -236.183212
-932.527710 173.794464 -279.005280
-951.832031 155.904114 -321.524536
-971.288696 137.873016 -364.378448
-990.738159 119.848625 -407.216370
-1010.158447 101.851082 -449.990631
-1029.492432 83.934021 -492.573639
-1048.912720 65.936478 -535.347961
-1068.283203 47.985806 -578.010986
-1087.841187 29.860754 -621.088501
-1130.365967 16.203131 -643.776428
-1175.046875 4.349938 -663.969238
-1218.969849 -5.372389 -686.621460
Custom
FlyDown
-1226.804321 -6.958228 -690.879150
-1252.803345 -12.311755 -707.607239
-1262.398804 -12.335102 -711.248108
-1271.576050 -14.538960 -714.599915
-1280.994995 -17.000301 -718.273254
-1289.913574 -19.895630 -722.342712
-1298.515381 -23.141384 -726.301819
-1307.690063 -27.018688 -727.683289
-1317.094360 -30.663078 -725.909668
-1326.374390 -33.589619 -723.078857
-1335.692139 -35.665031 -718.875122
-1346.955444 -39.051937 -709.618225
-1353.657959 -41.075336 -702.073792
-1359.839966 -43.427410 -694.526978
-1366.486694 -45.706459 -687.232361
-1373.425537 -45.915421 -679.801453
-1375.496826 -46.325481 -669.858093
-1381.919800 -49.274590 -662.618286
Custom
Zone -1383 -661
-1377.110474 -46.862907 -668.096069
790.649231 249.753464 1314.689453
780.639832 249.684250 1315.062256
770.527344 249.178696 1315.438477
760.450195 248.885208 1315.813354
750.190918 248.978180 1316.194946
739.947327 248.995499 1315.450806
729.955261 249.326401 1313.899536
719.703430 249.517487 1312.584473
709.720520 249.413086 1311.374756
699.658508 249.274948 1310.236450
689.609741 249.350296 1309.105347
679.547058 249.380173 1307.972778
669.108154 249.437225 1306.797729
658.967041 248.961853 1305.616943
649.177246 248.975723 1302.728516
641.355225 248.866852 1296.347412
636.534973 248.709808 1287.357910
632.837402 248.519012 1278.045532
630.499939 248.327271 1268.149414
631.870728 248.091873 1257.935181
636.827148 247.034485 1248.982544
Custom
Quest "Kunark Ascending: Resurrection Machination" 727
0 0 0
672.701233 253.433609 1405.984985
662.922607 250.734665 1404.206665
652.847656 251.260498 1404.542236
643.004456 251.538055 1406.516479
632.897400 252.202789 1408.543945
622.969116 253.535248 1410.535645
613.178406 254.074753 1412.499756
603.277588 253.650635 1414.486206
593.404419 253.096970 1416.467041
583.469971 252.052322 1418.426392
573.527527 251.829773 1420.190552
563.243896 252.877502 1420.850586
553.599854 251.586105 1418.307861
546.433105 251.080093 1411.183594
542.234741 251.097458 1401.882813
540.859009 251.005463 1391.763428
540.327393 250.891663 1381.469360
538.756714 250.821426 1371.318359
536.442383 250.777084 1361.292603
537.288757 250.647369 1351.301514
538.937195 250.348663 1341.354858
540.755249 249.976929 1331.122681
542.511841 249.937820 1321.249878
544.498352 250.126984 1311.221558
547.466309 250.495728 1301.601196
555.690674 251.232269 1295.725708
565.213684 250.936584 1291.535034
574.341248 249.328278 1287.182495
583.418152 248.748520 1282.854614
592.444397 248.662735 1278.550781
601.635254 248.615692 1274.168213
611.269287 248.603943 1269.574585
621.042664 248.494186 1266.811768
629.685242 248.187927 1261.356201
634.743774 247.393967 1252.551758
639.830200 247.034485 1243.698486
644.865601 247.034485 1234.785034
649.096008 243.289673 1226.520630
653.781494 242.570953 1217.291626
652.979858 242.281525 1207.147827
648.223572 242.063065 1198.317017
638.966064 242.152832 1193.977295
629.789429 242.231430 1189.696411
Custom
Quest "Kunark Ascending: A Nightmare Realized"
0 0 0
