Going Home
Custom
HailActor Osh 5 1 1 1 1
4282.799316 -1076.592163 1454.909546
4292.520508 -1079.574707 1456.861816
4302.541016 -1079.585205 1456.640869
4312.107422 -1083.524780 1455.552612
4321.030273 -1087.724731 1453.122314
4329.597168 -1091.908325 1449.734741
4338.850098 -1093.690308 1445.511719
4348.248535 -1093.880371 1441.188354
4357.060547 -1094.038330 1435.826660
4365.602539 -1094.231323 1430.211670
4374.113770 -1094.125854 1424.840088
4382.988281 -1094.405518 1419.317749
4391.411621 -1094.800049 1413.859009
Custom
ExecuteCommand "eq2ex sit"
4393.091309 -1094.922485 1412.683716
Wait
50
4393.091309 -1094.922485 1412.683716
Custom
HailActor Osh 5 1 1 1 1
4393.091309 -1094.922485 1412.683716
4385.443848 -1094.476685 1419.249023
4377.104004 -1094.091187 1425.370117
4368.693848 -1094.202881 1431.542847
4360.316406 -1094.137573 1437.364990
4351.831055 -1093.914795 1442.675171
4342.586914 -1093.940796 1447.457886
4333.445801 -1093.368896 1451.794800
Custom
FlyUp
4326.391602 -1092.913818 1455.141724
4326.391602 -1082.810547 1455.141724
4326.391602 -1072.755371 1455.141724
4326.391602 -1069.538208 1455.141724
4318.013184 -1072.367065 1460.311890
4309.576172 -1074.381714 1465.682007
4300.920898 -1075.959839 1471.174316
Custom
FlyDown
4293.869629 -1078.340820 1475.805420
Custom
MoveToActor Nika 5
4294.104492 -1081.345093 1478.877075
Custom
HailActor Nika 5
0 0 0
4294.104492 -1081.345093 1478.877075
4294.389648 -1081.523315 1473.502075
4295.576172 -1080.571655 1463.527222
4296.679688 -1079.631836 1455.353760
4286.722656 -1077.259277 1454.672974
Custom
HailActor Osh 2 1 1 1 1
4282.444336 -1076.568115 1454.016968
Custom
ToggleWalkRun
4283.785156 -1076.691406 1454.872314
4292.461914 -1079.532104 1459.071289
4300.110352 -1081.272949 1465.454468
4305.356445 -1088.504883 1470.284424
4312.342773 -1092.336548 1476.422852
4319.810547 -1092.836304 1483.253540
Wait
100
4326.308105 -1093.216553 1487.963623
4335.052246 -1093.621338 1492.837280
4343.795898 -1093.499634 1497.832031
4352.954590 -1093.365234 1501.852539
4362.242188 -1093.167725 1505.639526
4371.563477 -1093.190918 1509.514526
4380.617676 -1093.127686 1513.857910
4389.398438 -1092.947510 1518.776611
4398.272949 -1092.958008 1523.445068
4407.175781 -1092.976929 1528.128906
4416.090820 -1092.921631 1532.819214
4425.003418 -1092.722046 1537.509766
4434.052734 -1092.834229 1541.919312
4443.195801 -1093.037964 1546.008179
Wait
50
4452.737793 -1093.957153 1543.346924
4455.052246 -1094.003784 1544.454956
4453.715820 -1093.670410 1553.392822
4459.531250 -1093.627197 1561.607666
4469.551758 -1093.956543 1561.649292
4479.566406 -1094.348999 1561.881104
4489.462891 -1094.425659 1563.376099
4493.769043 -1094.074463 1554.285278
4503.439453 -1094.746948 1551.631104
4512.886230 -1093.169800 1554.530396
Wait
20
4516.042480 -1093.218750 1555.728638
4516.113281 -1091.780151 1562.081055
4509.283691 -1091.276978 1565.668457
4507.826172 -1091.301392 1575.562500
4506.504395 -1093.514282 1585.282471
4505.148926 -1093.449463 1595.205933
4503.758789 -1093.491943 1605.151245
4501.600586 -1093.367310 1614.964722
4498.456055 -1093.080078 1624.543945
4495.302246 -1092.645630 1634.153931
4492.319824 -1092.232788 1643.762939
4491.697266 -1092.068970 1653.820190
4491.082520 -1091.803833 1663.826294
Wait
50
4490.673340 -1091.729370 1670.487427
4482.186523 -1090.640625 1675.884888
4473.688965 -1090.458252 1681.287476
4465.124512 -1090.219849 1686.465820
4455.718262 -1089.833374 1690.137939
4445.986816 -1089.528198 1692.535522
4436.253418 -1089.141113 1694.934814
4426.518555 -1088.634155 1697.436768
4417.449707 -1088.118164 1701.746338
4408.620605 -1087.570557 1706.658325
Wait
50
4403.349121 -1087.218262 1709.326538
4413.380371 -1087.793579 1708.434204
4420.616211 -1088.174072 1701.516357
4429.839355 -1088.788452 1697.685547
4437.382324 -1088.981079 1704.359985
4444.067383 -1089.058350 1711.884888
4450.806641 -1088.827271 1719.469360
4457.497559 -1088.582764 1726.997314
4464.164063 -1088.384033 1734.501343
4470.749023 -1087.860107 1742.068237
4476.649414 -1087.150513 1750.122925
4482.574707 -1086.631836 1758.208740
4488.541992 -1086.931030 1766.350708
4494.512207 -1087.292480 1774.500366
4499.641602 -1087.352173 1783.124634
4504.807617 -1087.775879 1791.680664
4510.927246 -1088.701416 1799.649292
Wait
50
4511.437988 -1088.768921 1800.330200
4510.373047 -1088.645386 1810.350342
4509.306152 -1088.539673 1820.384277
4508.244629 -1088.785889 1830.357666
4507.179688 -1089.334717 1840.311768
4506.119629 -1089.884399 1850.266968
4505.057617 -1090.471558 1860.291260
4504.131348 -1091.085815 1870.384888
4503.074707 -1091.793213 1880.408081
4500.690918 -1091.774170 1890.212280
4501.252930 -1091.974365 1900.314941
4501.098145 -1092.256592 1910.403076
Wait
200
4500.894531 -1093.026245 1920.551270
Custom
HailActor Osh 5 1 1 1 1
4500.894531 -1093.026245 1920.551270
4494.204102 -1093.491699 1927.987915
4486.804688 -1093.846191 1934.980225
4479.267578 -1094.161987 1941.710815
4471.806641 -1094.496826 1948.372437
4464.276367 -1094.806641 1955.099243
4456.750488 -1094.893921 1961.820923
4449.215332 -1094.894897 1968.551392
4441.742188 -1094.839966 1975.225586
4433.906738 -1094.573608 1981.526489
4425.729492 -1094.151245 1987.402466
4417.317383 -1093.605347 1992.810425
4408.834473 -1092.920288 1998.265259
4400.348633 -1092.148804 2003.778564
4392.050293 -1091.339966 2009.341064
4383.968262 -1090.640625 2015.344727
4375.909668 -1089.900391 2021.330688
4367.543457 -1089.657837 2027.159180
4358.888184 -1088.317505 2032.213135
4349.571777 -1088.001099 2036.172607
4339.818848 -1089.052124 2034.203613
4330.914063 -1089.363037 2029.309204
4322.931641 -1089.612183 2022.871460
4319.161621 -1088.513916 2013.591431
4314.990723 -1087.232056 2004.360474
4310.876465 -1086.194580 1995.253906
4306.006836 -1084.826050 1986.515381
4300.730469 -1084.026367 1977.960205
4295.404297 -1083.103760 1969.340454
4290.197266 -1082.211548 1960.813965
4285.245605 -1082.405151 1952.043091
4280.280273 -1083.759521 1943.361572
4274.265625 -1083.821411 1935.333130
Wait
50
4273.408691 -1083.676392 1934.315918
Custom
ToggleWalkRun
4273.408691 -1083.676392 1934.315918
4272.738770 -1084.316284 1944.528931
4273.173340 -1083.835815 1954.556152
4276.851074 -1082.835571 1963.906982
4280.681152 -1083.673828 1973.685791
4283.733887 -1084.979126 1983.404663
4286.853027 -1085.470215 1993.583008
4295.195313 -1085.242554 1987.623169
4305.223633 -1084.982910 1987.289917
4313.607910 -1085.195068 1993.409302
4317.111816 -1086.763794 2002.737061
4319.224609 -1088.277466 2012.450562
4319.775879 -1089.827881 2022.662109
4315.079102 -1091.467285 2032.332397
4309.391113 -1093.073486 2040.800049
4301.860840 -1094.595825 2047.564087
4293.156738 -1095.941528 2053.121094
4282.847656 -1096.538086 2055.126709
4272.335938 -1096.316406 2051.548828
Custom
HailActor Yeppa 3
4265.846680 -1095.033325 2046.356689
