Shellfish Ambassador
Custom
HailActor Osh 6
4280.106934 -1076.249756 1454.809448
4290.191895 -1078.214844 1454.757324
4300.437988 -1079.576904 1455.797485
4310.023438 -1082.290039 1456.982910
4319.329590 -1086.478271 1458.133423
4328.635254 -1090.734253 1459.283813
4338.134277 -1093.724243 1460.458374
4348.057129 -1094.341797 1462.004639
4358.342285 -1094.605225 1464.049194
4368.195313 -1094.339600 1466.009033
4378.291016 -1094.067505 1468.017212
4388.386230 -1093.921143 1470.025269
4398.442871 -1093.449951 1472.278320
4407.880859 -1093.393188 1476.141602
4417.085449 -1093.884644 1480.783325
4426.045898 -1094.649292 1485.776855
4434.945313 -1094.907349 1490.736206
4443.851563 -1094.889771 1495.340210
4452.673340 -1094.827881 1500.256592
4461.527344 -1094.624023 1504.995117
4471.571289 -1094.370239 1505.182129
4481.449707 -1095.094116 1503.500244
4491.430176 -1096.675171 1502.916870
4501.628418 -1096.554810 1502.076172
Custom
PathHarvest 122 50 1 1 1 0 "shellfish -DNT" "a tasty abalone" 5
4502.446289 -1096.521729 1501.922485
4495.651367 -1096.488647 1494.422485
4488.333496 -1096.448853 1487.374634
4481.110352 -1096.447021 1480.444214
4474.902832 -1096.451172 1472.593872
4470.012695 -1096.433960 1463.863281
4465.070801 -1096.426636 1455.027710
4460.190430 -1096.442505 1445.998047
4455.376465 -1096.433838 1437.028442
4450.875977 -1096.422119 1428.041504
4446.672852 -1096.432983 1418.739380
4442.521484 -1096.441162 1409.522583
4438.873535 -1096.426514 1400.005371
4437.876465 -1096.420532 1389.700073
4437.721680 -1096.437378 1379.608765
4438.210938 -1096.441162 1369.528564
4439.341797 -1096.515991 1359.219482
4441.099121 -1096.474121 1349.334229
4443.135254 -1096.473389 1339.216187
4445.165039 -1096.449219 1329.196777
4447.131348 -1096.431763 1319.380493
4448.945801 -1096.441162 1309.362671
4450.622559 -1096.439819 1299.464600
4452.117676 -1096.425293 1289.437256
4453.591797 -1096.427612 1279.335693
4455.010742 -1096.444336 1269.368774
4456.457031 -1096.429810 1259.362915
4457.717773 -1096.423950 1249.219482
4458.716309 -1096.440063 1238.775391
4459.715332 -1096.433716 1228.615601
4460.811523 -1096.422974 1218.551392
4461.911621 -1096.433594 1208.430664
4463.015625 -1096.443848 1198.282349
4464.079102 -1096.427856 1188.285522
4465.142578 -1096.426758 1178.104004
4466.200195 -1096.442017 1167.978760
4467.244629 -1096.431885 1157.979858
4468.303711 -1096.420898 1147.840576
4469.582031 -1096.432495 1137.785034
4471.418945 -1096.441772 1127.815796
4473.310059 -1096.427734 1117.870239
4475.226563 -1096.427002 1107.757568
4477.288574 -1096.441772 1097.760010
4479.325195 -1096.435669 1087.944214
4481.407227 -1096.422241 1077.907349
4483.449219 -1096.429443 1068.063965
4485.495605 -1096.438110 1058.192749
4487.566406 -1096.426758 1048.211304
4489.662598 -1096.425903 1038.148926
4491.941406 -1096.441162 1028.111084
4494.335938 -1096.434204 1018.216919
4496.833008 -1096.424438 1008.362061
4499.138184 -1096.438721 998.504395
4501.392578 -1096.439209 988.663696
4503.719238 -1096.424561 978.752930
4506.020020 -1096.428589 968.952087
4508.337891 -1096.445435 959.082458
4510.685547 -1096.434082 949.074951
4513.069824 -1096.425171 939.062561
4515.817383 -1096.439819 929.393494
4519.174805 -1096.439331 919.905823
4523.373047 -1096.424438 910.620361
4528.133789 -1096.423584 901.463257
4532.783691 -1096.442871 892.518799
4537.524414 -1096.432251 883.399231
4542.148438 -1096.421265 874.504822
4546.825195 -1096.424805 865.510315
4551.525879 -1096.444336 856.465759
4556.373535 -1096.530151 847.663391
4561.485840 -1096.549683 839.011353
4566.745117 -1096.535156 830.329590
4572.062988 -1096.470093 821.549744
4577.286133 -1096.445313 812.926758
4582.596680 -1096.427612 804.158936
4587.826660 -1096.437500 795.523621
4593.306641 -1096.440430 786.862854
4599.232422 -1096.426025 778.533508
4605.194824 -1096.425659 770.403381
4611.328613 -1096.443970 762.171814
4617.528809 -1096.443115 754.208130
4624.340332 -1096.427979 746.511047
4631.340332 -1096.516968 739.021118
4638.473633 -1096.469971 731.767517
4645.726074 -1096.440552 724.625244
4652.859863 -1096.445313 717.541626
4659.987305 -1096.440063 710.410034
4667.283691 -1096.432373 703.011414
4674.533691 -1096.508301 695.567444
4681.755371 -1096.520996 688.153442
4688.955566 -1096.534790 680.759949
4695.970215 -1096.590332 673.558167
4703.121582 -1096.501709 666.215027
4710.341797 -1096.454346 658.801392
4717.439453 -1096.455444 651.543091
4724.730957 -1096.442261 644.119812
4731.823730 -1096.522705 636.893188
4738.756836 -1096.485596 629.539490
4745.679688 -1096.413818 622.098755
4752.592285 -1096.398926 614.405334
4758.568848 -1096.394775 606.096313
4764.362793 -1096.409668 597.742615
4770.071777 -1096.434692 589.382996
4773.886719 -1096.428589 580.037415
4773.710449 -1096.422607 569.771545
4772.758789 -1096.438354 559.763428
4771.791016 -1096.438721 549.657898
4770.803711 -1096.424194 539.355774
4769.755371 -1096.432129 528.960632
4768.386719 -1096.501221 518.909424
4764.319336 -1096.586548 509.613647
4759.459473 -1096.560181 500.703461
4753.331055 -1096.462646 492.385956
4746.575684 -1096.448975 485.003876
4739.541504 -1096.428955 477.586731
4732.478516 -1096.436279 470.138977
4725.404297 -1096.443604 462.680908
4718.322266 -1096.426758 455.486572
4711.035645 -1096.428589 448.478760
4703.667480 -1096.443237 441.493042
4696.095215 -1096.435547 434.627075
4688.029297 -1096.422363 428.148987
4679.574219 -1096.435303 422.658936
4672.441895 -1096.478516 418.030182
4502.446289 -1096.521729 1501.922485
4502.446289 -1096.521729 1501.922485
4502.950195 -1096.521606 1503.565552
4493.375000 -1096.505981 1506.459106
4483.477051 -1094.907593 1508.963989
4473.573242 -1094.309326 1511.433228
4463.873047 -1094.536987 1514.048462
4453.840332 -1094.460449 1517.035645
4444.362793 -1094.400146 1520.312744
Custom
PathItemHail 20 25 25 1 1 1 "an ulthork" "The shellfish offering appeared to work" 1 3 "a pile of tasty abalones"
4438.113770 -1093.890381 1522.182007
4428.647949 -1093.371826 1525.458130
4419.206543 -1093.226074 1528.827759
4410.040039 -1092.695068 1533.219238
4401.124023 -1091.998657 1538.722534
4393.673340 -1091.083008 1545.351807
4387.916992 -1089.799438 1553.626709
4385.199707 -1087.872070 1563.353882
4378.520508 -1087.044922 1571.420044
4370.259277 -1086.717651 1577.278687
4360.100098 -1087.121094 1578.605347
4350.131348 -1087.732666 1577.807373
4341.483887 -1089.118164 1572.662476
4333.244141 -1089.819336 1566.715942
4323.530273 -1089.263306 1563.056519
4313.986816 -1088.455688 1559.493896
4306.226563 -1088.178711 1552.995239
4303.301758 -1088.798096 1543.052612
4300.084473 -1089.762207 1533.183594
4298.839844 -1090.118408 1529.530029
4298.839844 -1090.118408 1529.530029
4438.113770 -1093.890381 1522.182007
4438.113770 -1093.890381 1522.182007
4437.983398 -1043.873535 1521.559570
4424.598145 -1036.797974 1473.883301
4415.277344 -1036.797974 1424.393188
4410.604980 -1036.797974 1374.439941
4412.502441 -1036.797974 1324.356079
4413.860840 -1036.797974 1274.091064
4415.210938 -1036.797974 1224.005249
4416.558105 -1036.797974 1173.958984
Custom
FlyDown
4417.156738 -1061.855103 1141.914551
Custom
PathKill 81 35 35 1 1 1 "a shipwrecked sailor" "I've slain a number of skeletons" 1
4417.167969 -1092.335327 1141.921509
4415.413574 -1091.859375 1131.551025
4413.819824 -1091.900879 1121.664795
4410.825684 -1091.764160 1112.065674
4404.749512 -1091.052124 1104.102295
4397.365723 -1089.822632 1097.136353
4389.894531 -1089.174438 1090.315796
4382.364258 -1088.021729 1083.075073
4375.990234 -1086.783813 1075.426392
4369.895996 -1085.770386 1067.487915
4364.241211 -1085.018188 1059.120361
4360.461426 -1083.740356 1049.826294
4357.670898 -1082.918945 1040.226440
4354.684570 -1082.566162 1030.623657
4350.689453 -1082.102661 1021.100586
4346.728027 -1081.562744 1011.581665
4343.022461 -1081.064209 1002.055786
4339.645020 -1081.719116 992.425598
4311.615234 -1086.366455 961.538940
4304.405762 -1087.307007 954.029419
4297.373047 -1087.969727 946.705505
4290.320313 -1088.541016 939.398376
4283.161133 -1088.985229 932.033691
4275.980957 -1089.068848 924.684387
4268.935059 -1089.206299 917.474548
4261.731445 -1089.556274 910.346375
4253.879395 -1089.610962 903.996826
4244.997070 -1089.283813 899.193359
4238.602539 -1089.523071 890.969238
4232.206055 -1090.354126 882.891479
4226.976074 -1091.421387 874.378967
4222.722656 -1092.293701 864.881042
4218.450195 -1091.821411 855.752808
4211.100586 -1091.314209 848.678833
4202.057129 -1090.665527 843.446167
4203.395996 -1089.009766 833.662659
4211.341797 -1088.116211 826.793701
4219.653320 -1088.156494 821.179749
4228.762207 -1089.130737 816.910278
4238.181152 -1089.983765 813.218689
4247.520996 -1091.065308 809.519714
4256.663574 -1091.893066 805.122375
4265.407715 -1092.400635 800.107056
4273.914063 -1092.160522 794.527222
4282.539551 -1091.793701 789.323059
4291.392090 -1091.948242 784.209595
4300.091309 -1093.001221 779.185486
4308.897461 -1093.997070 774.066162
4318.000000 -1095.037476 768.719421
4326.752441 -1095.390747 763.826294
4336.235840 -1095.305054 759.375427
4345.971191 -1094.943726 756.350159
4355.815918 -1094.583618 752.837708
4365.228027 -1094.141235 749.423340
4374.393555 -1093.780884 745.203003
4383.253418 -1093.403931 740.283081
4392.016113 -1093.041138 735.231079
4400.984863 -1092.728271 730.253723
4409.066406 -1092.466797 723.475708
4416.356445 -1092.308105 716.614441
4425.138184 -1092.467163 711.687500
4434.745605 -1092.531372 708.862122
4444.592285 -1092.753174 706.039795
4454.417969 -1093.238892 703.223450
4464.203125 -1093.857178 700.419128
4474.065918 -1094.480347 697.591736
4483.689453 -1095.088379 694.832764
4493.435547 -1095.623901 692.008850
4503.498047 -1095.724731 688.648682
4513.348145 -1095.841187 684.899597
4522.702148 -1096.012817 680.963989
4531.981934 -1096.072998 676.818542
4541.178223 -1095.897705 672.681091
4550.392090 -1095.642090 668.378967
4559.660645 -1095.231445 663.961548
4568.602051 -1094.663574 659.473022
4577.237305 -1094.096802 654.198730
4586.067871 -1093.907837 649.101013
4594.977051 -1093.929565 643.965942
4603.892578 -1094.023926 638.827209
4612.516113 -1094.348755 633.743164
4615.395996 -1094.517456 632.961975
4417.167969 -1092.335327 1141.921509
4417.167969 -1092.335327 1141.921509
4407.829590 -1091.244019 1137.854858
4398.725098 -1090.006470 1133.903931
4389.598633 -1088.491577 1129.966064
4380.489258 -1085.800171 1126.273071
4374.574707 -1083.900269 1134.477539
4374.022949 -1084.010254 1144.567993
4376.086426 -1081.177979 1153.948242
4378.034668 -1078.350098 1163.510254
4372.129883 -1077.118530 1171.983154
4365.570313 -1075.590942 1179.628174
Custom
Target "a ulthrok violator" 0 50
4363.273926 -1075.091675 1182.839111
Wait
50
4363.273926 -1075.091675 1182.839111
4360.409668 -1025.924927 1192.069946
4345.301270 -1025.924927 1239.821899
4330.126465 -1025.924927 1287.783569
4316.070313 -1026.048706 1336.211182
4302.009766 -1041.755859 1381.674805
4287.708496 -1060.879272 1425.887329
Custom
FlyDown
4278.781250 -1074.168701 1451.783813
Custom
HailActor Osh 4
4278.754395 -1076.976318 1451.805176
