-1.390011 -159.042512 -182.551542
Wait
20
-1.390011 -159.042512 -182.551542
ClickActor
Mission
-1.390011 -159.042512 -182.551542
Wait
10
-24.734011 -159.335373 -202.659927
-34.847260 -158.942444 -201.019211
Wait
10
-39.999966 -158.942444 -199.741943
Wait
20
-64.651234 -159.105424 -234.605614
Wait
20
-15.295454 -157.191215 -233.581325
Wait
20
-7.295454 -157.191215 -231.581325
Wait
20
39.405454 -162.624548 -155.714611
ClickActor
bottle
9.971233 -158.705121 -148.548251
Wait
20
10.436266 -158.607040 -151.755798
14.634517 -158.851151 -142.320862
Wait
10
14.943802 -158.750214 -138.726273
14.785820 -158.209290 -128.250153
14.632743 -158.174576 -118.099495
14.478361 -159.161209 -107.862213
14.327566 -159.473450 -97.862770
Wait
10
14.210835 -159.490723 -90.122231
8.701339 -159.472855 -81.734749
3.059312 -159.462051 -73.145523
-2.411492 -159.934677 -64.280281
-7.413497 -161.629318 -55.432232
-12.124981 -161.487305 -46.398502
DontStopForCombat
Custom
SeverHate Bladetooth
-16.461004 -161.552383 -37.986607
Named
Bladetooth
StandardNamed
SameLock
DontKillAdd
DontMoveBehind
-16.461004 -161.531982 -37.986607
StopForCombat
Wait
20
-82.213451 -159.713456 -46.912345
Wait
20
-89.494514 -159.885614 -71.275125
Wait
20
-12.830146 -159.734390 -34.881992
ClickActor
Lever
-12.830146 -159.734390 -34.881992
Wait
100
-12.830146 -159.734390 -34.881992
Custom
Lift -12.25 -29.95 90 "Up 1 Floor"
-12.830146 -159.734390 -34.881992
-20.526985 -122.092247 -44.976303
-23.887241 -121.393227 -54.185944
-26.845095 -121.406471 -63.771168
-29.370626 -123.716454 -73.530220
Named
Bull
CustomNamed
-30.064514 -123.993668 -76.224808
-26.948704 -121.797501 -66.976433
-23.510199 -121.398949 -57.392258
-38.300934 -123.413986 -75.625938
-48.359085 -121.812553 -75.758545
Wait
20
-58.502377 -120.564369 -76.953781
ClickActor
rum
-58.770002 -120.002100 -81.450212
Wait
20
-58.502377 -120.564369 -76.953781
-68.123451 -117.365402 -79.017570
-76.560822 -112.325935 -80.992859
-85.463455 -107.013779 -83.067764
-94.432701 -102.325600 -85.068275
-104.297348 -100.103249 -86.337845
Wait
20
-113.237991 -99.531853 -86.777458
-121.379936 -101.076538 -80.913376
-129.107208 -101.076538 -74.386894
-136.485046 -101.045425 -67.521446
-143.098801 -101.076538 -59.851059
-148.571213 -101.076538 -51.434200
-149.734848 -101.076538 -41.098515
-150.999298 -101.076538 -30.934942
-154.415848 -101.076538 -21.351843
-159.815628 -101.076538 -12.686827
Named
Valgan
StandardNamed
SameLock
DontKillAdd
DontMoveBehind
-161.757278 -99.914093 -10.252696
Wait
20
-161.757278 -99.914093 -10.252696
ClickActor
Rum
-161.757278 -99.914093 -10.252696
-160.631516 -101.076538 -20.385317
-159.331909 -101.076538 -30.755543
-156.072296 -101.076538 -21.225842
-155.302689 -100.724190 -10.736445
Wait
20
-155.111710 -100.343887 -7.785261
-159.560898 -96.816788 0.841608
-163.071548 -91.715309 8.736333
-166.745285 -86.494370 16.671953
-170.629700 -81.176788 24.668707
Wait
150
-173.141632 -79.768250 29.293188
-182.621170 -79.768616 33.208153
Wait
20
-192.288742 -79.768616 37.912571
Wait
20
-194.610212 -79.770021 22.370251
Wait
20
-195.905396 -79.768700 40.104481
-200.261200 -76.892555 49.234749
-204.307037 -71.542816 57.240982
Wait
20
-209.001205 -70.829750 66.289688
Wait
20
-230.631234 -70.831234 69.143214
Wait
20
-209.001205 -70.829750 66.289688
-206.186493 -70.828201 75.921036
Wait
20
-203.195663 -70.749390 80.163223
DontStopForCombat
-193.474579 -70.853394 84.667061
-183.754547 -70.853012 84.660110
-179.071869 -70.852814 84.038231
Wait
30
-195.202698 -70.853882 97.271889
-179.655060 -70.852097 84.121651
StopForCombat
Wait
20
-179.655060 -70.852097 84.121651
Named
Grogmaga
CustomNamed
-170.655060 -70.852097 89.121651
ClickActor
special
-179.655060 -70.852097 84.121651
-177.783066 -70.853882 95.175179
-181.492691 -70.853882 104.801468
ClickActor
special
-182.694992 -70.268707 114.506828
Wait
20
-182.034545 -70.853352 107.364542
Wait
20
-177.621234 -70.853451 109.526453
ClickActor
rum
-177.621234 -70.853451 109.526453
Wait
20
-182.034545 -70.853352 107.364542
-181.367142 -70.853882 104.463806
-179.941040 -70.853882 94.140808
Wait
20
-179.070709 -70.852585 87.840729
-189.277771 -70.853203 85.837059
-199.417160 -70.745110 83.354919
Wait
20
-202.383057 -70.747879 82.477921
-210.761871 -70.829086 76.215942
Wait
20
-211.137604 -70.829185 75.950821
-207.417557 -70.829445 66.174942
-205.348007 -70.904327 56.026463
-200.918671 -76.745781 49.188446
-197.021973 -79.768906 40.219898
Wait
20
-196.350357 -79.768929 38.674099
-187.392181 -79.768616 33.875626
-178.342316 -79.768616 29.424292
Wait
20
-171.249435 -80.321327 25.961458
-167.709229 -85.660835 17.745268
-163.941330 -90.972290 9.641120
-159.849716 -96.262886 1.752003
ClickActor
Door 1
-156.818695 -100.232140 -6.557028
-152.056564 -101.076538 -15.906997
-151.910675 -101.076538 -26.389971
-151.242554 -101.076538 -36.550846
-149.421890 -101.076538 -46.508228
-147.072937 -101.076538 -56.540089
-142.748535 -101.054466 -65.753853
-134.411423 -101.076538 -72.666725
-126.171623 -101.076538 -78.500183
-117.487305 -100.108116 -83.729561
-107.485939 -99.705276 -86.580475
-97.542320 -101.255585 -87.148392
-87.328865 -105.474792 -86.616310
-78.262627 -110.449097 -84.787025
-69.944450 -115.658913 -82.151955
-61.400696 -119.930573 -79.080994
-51.456482 -121.183762 -76.847916
-41.316555 -123.065491 -75.828697
-31.033627 -123.965103 -73.867790
-27.065449 -121.401733 -65.027748
-23.989588 -121.391212 -55.209480
-20.601318 -122.030594 -45.161434
Wait
20
-15.125121 -123.045554 -33.548100
Custom
Lift -12.25 -29.95 270 "Top Floor"
-15.125121 -123.045554 -33.548100
-5.238300 -98.792320 -22.250893
Named
Yipnik
CustomNamed
-0.164270 -99.524704 -15.276150
11.008598 -100.901123 -10.328365
Wait
20
12.085541 -100.720542 -13.305481
Wait
20
15.440142 -100.715421 -11.345135
Custom
ToggleWalkRun TRUE
15.440142 -100.715421 -11.345135
ClickActor
rum
15.440142 -100.715421 -11.345135
Wait
20
10.085541 -100.720542 -15.305481
ClickActor
special
30.597809 -98.352371 -37.105722
30.597809 -98.352371 -37.105722
25.730419 -99.535149 -30.578804
19.378248 -100.000732 -22.574543
Custom
ToggleWalkRun TRUE
12.179272 -100.640190 -14.654106
Wait
20
10.296205 -101.049899 -5.075324
9.943042 -101.092151 3.892568
9.916277 -101.076561 13.495980
13.350479 -101.076538 23.189093
Wait
20
14.544071 -101.076538 26.324486
18.673035 -101.804901 35.754440
22.165394 -106.505104 44.126347
25.175106 -113.932457 51.277836
27.516804 -122.409904 56.465836
31.967167 -123.977440 65.752083
Wait
20
33.647465 -124.007759 69.248924
40.059860 -124.137337 77.041130
47.537697 -123.804810 85.186295
54.733353 -123.299988 92.403023
62.337978 -122.543884 99.257225
70.682243 -121.655037 105.200386
80.011009 -121.226585 109.761345
89.810837 -120.968376 112.826149
99.181908 -121.056206 117.021584
107.572479 -123.140602 122.435616
116.381721 -124.042526 128.947571
125.254272 -123.353790 133.635208
ClickActor
Door 3
125.128056 -123.317383 132.010605
129.418686 -123.204308 130.837204
138.320435 -123.984138 125.859131
Named
Grogmogo
CustomNamed
138.320435 -123.984138 125.859131
Wait
20
164.042121 -123.994121 121.331542
ClickActor
wall
164.042121 -123.994121 121.331542
Wait
10
164.042121 -123.994121 121.331542
Wait
20
151.081251 -123.995411 119.112121
Wait
20
138.320435 -123.984138 125.859131
134.450958 -123.402657 128.161591
125.627747 -123.343094 133.545090
116.761497 -123.867874 138.933578
Wait
20
115.864746 -123.848503 139.478577
116.351631 -123.829628 149.524948
121.612206 -124.035805 163.538086
Named
Doogan
StandardNamed
SameLock
DontKillAdd
DontMoveBehind
121.612206 -124.035805 163.538086
ClickActor
Broken
121.612206 -124.035805 163.538086
117.602135 -124.007469 173.917862
112.880997 -124.072983 183.894318
105.542702 -124.070717 191.295380
Wait
20
101.033215 -124.070622 193.000000
Wait
20
87.841245 -124.061245 212.531112
ClickActor
rum
87.841245 -124.061245 212.531112
Wait
20
101.033215 -124.070622 193.000000
95.660812 -124.058495 188.708740
85.858955 -124.017502 185.560257
76.359261 -123.985504 182.163284
Wait
20
74.875610 -123.987450 181.586960
69.198463 -123.743172 172.192322
63.704659 -123.412163 163.295166
58.119461 -124.076538 154.279800
Wait
20
57.826382 -124.076538 153.806732
59.153355 -123.696945 143.583420
Wait
20
59.357998 -123.836441 142.006790
ClickActor
Broken
59.357998 -123.836441 142.006790
57.845520 -124.076431 147.866699
Wait
20
57.845520 -124.076431 147.866699
67.143631 -124.352425 152.409500
76.581451 -128.467957 156.077606
85.332581 -132.745148 159.023102
90.053596 -141.669998 160.612106
92.879745 -151.450562 161.563339
Wait
20
89.722504 -159.554245 155.175232
84.868576 -159.646027 163.997864
74.889053 -159.920914 166.448074
65.224373 -161.700424 168.865799
55.509434 -161.533188 171.453445
45.734352 -161.440140 173.570969
35.504662 -161.420914 175.059219
25.532009 -161.394333 175.924484
15.362756 -161.390640 176.192093
4.576205 -161.386719 176.181076
-5.752425 -161.381393 176.167084
-15.864815 -161.390121 176.153397
-26.002642 -161.373138 176.139618
-36.204075 -161.395691 176.125748
-46.212650 -161.373352 176.605957
-56.535622 -161.395584 177.404816
-66.411827 -160.017059 178.403976
-75.075745 -160.119659 172.662491
Wait
20
-75.075745 -160.119659 172.662491
Custom
LootOptions FreeForAll
-75.075745 -160.119659 172.662491
DontStopForCombat
ClickActor
Lever
-75.075745 -160.119659 172.662491
Wait
100
-75.075745 -160.119659 172.662491
Custom
Lift -78.13 177.66 180 "Top Floor"
-75.075745 -160.119659 172.662491
-87.937714 -101.076538 190.838211
-93.716133 -101.076538 199.207016
-103.977165 -101.076576 199.495819
-111.347008 -101.076584 192.318359
Named
Corsair
CustomNamed
-111.347008 -101.076584 192.318359
StopForCombat
-118.091215 -101.076584 188.981215
-105.680870 -101.076584 195.779816
-97.361374 -101.076584 201.511688
-88.905991 -101.076538 207.327164
-79.943581 -101.076538 212.516205
-70.129120 -101.076538 216.259460
-60.146870 -101.076538 217.220383
-50.283249 -101.076538 215.304520
-40.401749 -101.076538 212.878601
Wait
20
-34.362400 -101.076538 211.471924
Wait
20
-44.394524 -101.076538 212.545074
ClickActor
Pot Still Nub 6
-50.261215 -101.082012 203.220012
Wait
20
-44.394524 -101.076538 212.545074
-54.376289 -101.076538 213.612869
Wait
20
-64.589294 -101.076538 214.705368
ClickActor
Pot Still Nub 5
-72.961231 -101.082252 197.071215
Wait
20
-64.589294 -101.076538 214.705368
-74.862640 -101.076538 215.589355
-84.741684 -101.076538 213.477783
Wait
20
-94.052032 -101.076538 209.574112
ClickActor
Pot Still Nub 4
-98.952313 -101.083123 183.940212
Wait
20
-94.052032 -101.076538 209.574112
-103.502861 -101.076553 205.510727
-111.959610 -101.076553 199.811417
Wait
20
-115.130867 -101.076538 194.223450
ClickActor
Pot Still Nub 3
-114.57111 -100.862111 169.592231
Wait
20
-115.130867 -101.076538 194.223450
-124.399750 -101.076538 182.195770
-130.274094 -101.076538 173.899948
ClickActor
Deflated
-129.601685 -101.076515 171.594345
Wait
30
-129.601685 -101.076515 171.594345
-125.156624 -98.776543 162.751282
-119.069626 -103.102531 155.498199
-113.987648 -110.360130 149.500412
-111.390778 -119.781853 146.435562
Wait
20
-112.584465 -123.863075 147.971878
ClickActor
Pot Still Nub 2
-115.840215 -123.850012 140.371541
-115.512779 -123.843613 147.340317
-125.262634 -124.009773 149.623749
Wait
20
-128.022125 -124.051033 150.213135
-132.699570 -124.057091 141.013626
Wait
20
-135.612313 -124.052154 134.451254
ClickActor
Pot Still Nub 1
-123.381215 -123.512315 122.592151
Wait
20
-135.612313 -124.052154 134.451254
-137.059998 -124.052696 131.865723
-141.527756 -124.041939 122.511215
Wait
20
-145.326447 -124.175583 114.511032
-140.196823 -123.991364 105.731895
-137.956116 -122.083549 96.030098
Wait
20
-136.378235 -120.650414 87.622032
ClickActor
rum
-136.378235 -120.650414 87.622032
-126.181542 -119.9952134 77.691212
-119.480215 -120.700021 67.920782
-112.980359 -120.783025 57.451526
Wait
20
-107.200245 -120.721111 47.232222
-137.995346 -122.432877 97.529915
-139.872498 -124.001648 107.292923
-141.779160 -124.075897 117.207611
Wait
20
-142.989853 -124.048386 123.503365
-137.535034 -124.054443 132.016800
-132.471741 -124.055580 140.660675
-127.495491 -124.038635 149.490906
Wait
20
-126.397507 -124.031342 151.204529
-103.216827 -122.856827 144.493118
-94.098595 -125.433243 141.031067
-84.859406 -128.631805 137.641678
-75.111816 -130.356445 134.354279
Wait
20
-65.152832 -130.480270 131.202194
-66.285049 -130.481140 125.117584
-69.926552 -130.290329 115.731056
-71.704613 -130.453354 105.500809
-71.921707 -130.459625 95.483315
Wait
20
-71.890930 -130.466660 94.227646
-70.352776 -130.457520 104.291641
-67.978577 -130.158325 114.269516
-65.039368 -130.481140 124.061310
Wait
20
-63.369022 -130.483734 130.769775
-55.372303 -130.478653 128.830322
-45.328594 -130.431442 129.212082
-35.696117 -130.423401 131.927765
ClickActor
Lever
-31.270327 -130.449127 133.339127
Wait
100
-31.270327 -130.449127 133.339127
Custom
Lift -32.53 126.79 90 "Top Floor"
-31.270327 -130.449127 133.339127
Wait
20
-36.211777 -97.753365 114.857109
-27.691448 -97.778046 109.607620
Wait
20
-25.435795 -97.772575 108.217880
-29.859510 -97.777451 98.948296
Wait
20
-33.618313 -97.758759 91.071999
ClickActor
Office
-33.618313 -97.758759 91.071999
-44.373173 -97.437012 93.725189
Named
Charanda
CustomNamed
-44.616741 -97.437012 93.787575
-44.980831 -97.437012 87.406944
Wait
20
-44.980831 -97.437012 87.406944
Wait
20
-50.292534 -97.437012 84.528809
Wait
20
-51.203949 -97.437012 76.654999
ClickActor
${Actor[loc,-51.494034,75.507858].ID}
-51.203949 -97.437012 76.654999
ClickActor
Recipe Book
-53.270252 -97.280542 81.352653
-48.096325 -97.437012 86.440384
-43.673027 -97.437012 95.539589
Wait
2
-39.523678 -97.437012 104.720596
ClickActor
rum
-45.671251 -97.446231 108.662124
Wait
2
-39.523678 -97.437012 104.720596
-36.037544 -97.745361 114.110428
-30.663019 -97.776871 111.242424
Wait
20
-25.235023 -97.771637 107.164787
-28.349218 -97.773605 97.654442
-31.813282 -97.768394 87.946625
-35.157074 -97.782990 78.134407
-38.317585 -97.759026 68.444931
Wait
20
-39.259373 -97.777161 65.557602
-48.910358 -97.777603 68.654144
-58.530067 -97.784332 72.220238
Wait
20
-61.151352 -97.781189 73.199677
-58.183750 -97.759514 82.968224
-55.401257 -97.772110 92.743835
-52.300423 -97.749969 102.418922
-49.021805 -97.768143 111.917610
Wait
20
-47.808823 -97.767288 115.384445
-37.895164 -97.772369 113.713760
Wait
20
-35.687531 -97.772919 113.341751
Wait
20
-34.280704 -98.015289 118.681572
Custom
Evac TRUE
-34.280704 -98.015289 118.681572
