No Pride to Speak Of
Custom
ClickActor "a makeshift nest"
-822.422852 -50.021812 31.636768
Wait
20
-822.422852 -50.021812 31.636768
Custom
ReplyDialog 1 1 1
-822.422852 -50.021812 31.636768
-822.422852 0.295803 31.636768
-822.398193 50.296543 30.404751
-820.696350 93.043144 4.240933
-817.990967 133.447632 -25.212799
-816.240479 167.599899 -61.918816
-819.258484 169.102997 -112.299583
-829.100952 164.870483 -161.532715
-840.076111 159.744705 -210.065598
-851.282288 154.391083 -258.825806
-869.711853 137.693512 -302.618134
-900.802429 114.272972 -334.421143
-930.244263 89.008995 -365.982086
Custom
FlyDown
-932.083435 87.897919 -367.973419
Custom
HailActor "Hichapcit" 9
-932.078491 81.939423 -368.588623
-932.622131 128.962936 -385.588745
-924.339294 142.099701 -433.235107
-882.467651 141.707962 -460.858765
-840.814331 141.704483 -488.764496
-800.469299 141.704056 -518.860718
-760.497681 141.704056 -549.171265
-720.589722 141.704056 -579.434082
-680.523438 141.704056 -609.817078
-640.599670 141.704056 -640.091675
-600.343140 141.704056 -670.618591
-619.048340 113.075623 -707.915222
-634.293457 88.582268 -749.032227
-569.793762 82.512184 -733.657349
-521.075378 82.512184 -722.085938
-472.202942 82.512184 -710.478577
-423.481873 82.512184 -698.907043
Custom
FlyDown
-408.340912 80.530754 -689.734497
Custom
ClickActor "a pile of rocky sand" 1
-410.556335 50.601543 -664.278870
Custom
PathHarvest 23 100 1 1 1 0 "turbulent sandstorm" "You let the rocky sands loose into the turbulent winds" 1
-409.840790 50.596630 -661.664795
-446.319092 47.783440 -709.790222
-470.045258 50.048649 -715.160339
-496.244202 55.969261 -718.170532
-514.495422 59.728706 -721.472900
-496.244202 55.969261 -718.170532
-470.045258 50.048649 -715.160339
-446.319092 47.783440 -709.790222
-405.955200 47.442070 -676.219177
-403.224457 45.119473 -685.716553
-400.487640 43.558613 -695.234802
-397.293182 40.929821 -704.396362
-393.933350 37.747879 -713.358826
-389.878571 35.404961 -722.410889
-385.220367 34.663666 -731.370239
-381.142822 34.369511 -740.628723
-377.712555 32.076294 -750.086121
-374.411835 29.616833 -759.728699
-371.432404 28.475426 -769.536987
-368.653320 27.270893 -779.304626
-366.042297 24.859491 -788.781555
-363.754211 21.514565 -798.026917
-361.383392 18.255331 -807.606445
-359.063110 15.638206 -816.981934
-409.803284 50.646347 -661.768372
-409.803284 50.646347 -661.768372
-415.056763 51.924957 -670.937012
-420.422729 53.064228 -679.568115
-425.649353 51.638145 -687.975281
-430.914459 49.747478 -696.443909
-436.966705 48.208824 -704.256958
-445.910400 47.801777 -708.916138
-455.448029 48.987995 -712.118103
-465.174377 49.353794 -714.898621
-474.779999 51.831364 -717.642456
-484.177948 54.268719 -720.326965
-493.541290 56.939575 -723.001587
-502.869995 59.795151 -725.666321
-512.614197 61.188061 -728.449707
-522.531799 61.291695 -731.282532
-532.155151 59.797832 -734.031311
-541.812927 58.277321 -736.789978
-551.470947 57.622002 -739.548645
-561.146240 57.925583 -742.312256
-570.942566 57.948032 -745.110474
-580.635010 56.265102 -747.879028
-590.396973 55.211544 -750.852783
-599.689880 53.665539 -754.358521
-608.473450 51.996334 -758.889465
-616.522400 50.324467 -764.620483
-624.158813 47.812988 -770.719482
-631.538086 45.300369 -777.388245
-637.927612 42.988277 -784.759399
-644.103394 40.867516 -792.402832
-649.958984 38.573093 -800.471680
-654.829956 35.828568 -809.014099
-658.439636 33.027134 -818.018494
-661.998901 29.891603 -827.140808
-665.466492 26.851265 -836.028381
Custom
PathKill 99 35 35 1 1 1 "molded sandbrute" "QS-Return to Hichapcit on Pakiat Bluffs" 1
-676.624390 16.797359 -863.762451
-674.309875 19.755539 -853.953674
-669.275269 23.000330 -845.729431
-664.395569 26.774254 -837.752808
-659.430359 30.083160 -829.005371
-655.304810 33.432148 -820.083252
-651.242126 36.233059 -811.152832
-650.681274 38.285019 -801.335938
-650.504028 39.385399 -791.297852
-645.447510 41.690365 -782.825073
-639.683655 43.985340 -774.371643
-634.012634 45.604927 -766.248779
-628.178650 47.175137 -757.866455
-622.732666 49.044369 -749.684204
-618.543518 51.446152 -740.623169
-616.098755 54.083649 -731.282104
-615.360840 55.301491 -721.192932
-616.551758 56.211914 -711.203735
-617.841003 57.845284 -701.053528
-619.298523 59.428982 -690.984497
-621.179871 60.935459 -681.200562
-623.591675 63.147305 -671.435364
-626.169617 64.708199 -661.890381
-630.324280 65.701225 -652.319397
-636.010742 66.457504 -644.124512
-643.644531 66.132370 -637.197815
-651.079590 66.493256 -630.507141
-658.528992 67.589111 -623.803589
-666.006836 67.848068 -617.074585
-672.443359 67.972496 -609.154358
-672.958435 70.115128 -599.079285
-670.544067 73.007362 -589.372742
-667.743652 75.435989 -579.933533
-664.086426 77.514587 -570.398743
-660.145874 78.616211 -561.102356
-657.472656 79.249100 -551.448730
-656.087463 79.668930 -541.389954
-654.604431 79.373627 -531.102905
-651.636963 77.008606 -521.398315
-647.664734 75.453789 -512.324036
-643.374512 75.240334 -503.225433
-639.694580 76.264343 -493.532227
-638.514099 76.407906 -483.283966
-640.415344 75.570793 -473.477203
-643.056824 73.850197 -463.375092
-645.886292 71.343628 -453.861237
-648.810364 69.641396 -444.155975
-651.817200 70.306244 -434.176056
-654.773987 72.271584 -424.662781
-658.848450 74.137604 -415.039032
-662.021729 74.852333 -405.278320
-664.564026 74.205139 -395.273987
-666.393799 73.028976 -385.071136
-668.083374 73.072121 -375.154572
-669.581543 74.106522 -365.168518
-671.384155 75.440247 -355.174469
-673.831116 76.434219 -345.513397
-677.561951 76.286102 -336.145050
-679.635010 75.840866 -326.045105
-680.838318 74.923737 -315.557312
-681.969604 73.338501 -305.522888
-684.974854 71.559006 -295.757507
-690.652832 70.938171 -287.364929
-689.550415 70.424522 -277.439087
-687.422668 70.351242 -267.274597
-685.583557 69.867416 -256.880035
-683.944275 69.196114 -246.909241
-682.318359 68.510216 -236.770554
-682.459961 68.670837 -226.533615
-682.892822 69.189194 -216.024704
-680.208862 70.558937 -205.946686
-676.030396 72.291985 -196.753799
-671.737122 73.709808 -187.319061
-667.579102 74.640182 -178.271561
-675.816040 73.421753 -184.357849
-682.435242 71.787285 -192.327927
-688.767456 69.932251 -199.844055
-696.143188 68.315567 -206.475067
-704.485718 66.705292 -212.121338
-713.110840 64.877480 -216.907898
-722.301086 63.135197 -221.361847
-731.104919 60.897575 -225.691116
-740.159973 59.353481 -230.372559
-749.181152 58.680916 -235.036407
-758.622925 58.442505 -238.903336
-768.884155 57.587826 -238.419617
-778.074036 54.735561 -235.047958
-786.122681 51.515747 -229.387131
-793.581726 49.560680 -222.666550
-801.223267 46.151241 -216.514603
-808.626099 41.296127 -211.055466
-817.417236 35.720325 -208.694489
-826.200806 30.346199 -209.475677
-835.504456 26.744835 -211.225632
-845.353943 24.373281 -213.074356
-855.240295 22.765783 -213.957870
-865.011353 20.364609 -212.730972
-874.630371 18.106972 -209.972870
-883.886475 15.932457 -206.550598
-886.467773 15.428589 -205.590759
-676.869385 16.563950 -864.558533
-676.869385 16.563950 -864.558533
-663.859558 30.010857 -824.849915
-661.769226 32.878494 -815.315002
-656.665344 35.922840 -807.066528
-651.401184 38.323708 -798.831909
-646.102234 40.458244 -790.618774
-640.543884 42.636944 -782.296082
-634.974365 44.779621 -773.959167
-629.155396 46.493488 -765.731812
-622.690674 48.292751 -757.906189
-615.849792 50.087349 -750.406250
-608.864441 52.305405 -743.467834
-614.580383 120.915970 -699.800354
-648.845703 123.007294 -663.386780
-683.274292 125.108589 -626.799316
-718.813110 125.909843 -591.542542
-754.891785 125.912666 -556.432861
-791.467224 125.912666 -521.953552
-828.027893 125.912666 -487.488251
-863.727112 121.159042 -452.800720
-894.373230 104.817856 -416.446686
-923.214722 87.899750 -378.759521
Custom
FlyDown
-928.192139 85.373322 -373.154633
Custom
HailActor "Hichapcit" 5
-928.192139 81.939430 -373.154633
-928.192139 132.274963 -373.154633
-900.406311 172.403900 -384.731476
-868.383972 209.702515 -394.702271
-836.107483 246.453033 -405.096893
-798.071594 274.080780 -422.471405
-752.759705 287.849976 -439.200867
-709.753601 303.261566 -459.900269
-666.445435 326.227936 -470.437378
-630.283752 360.026733 -479.159302
-597.727478 397.522156 -485.733215
-553.290771 421.293579 -491.139923
-508.955139 444.568024 -496.534485
-464.496613 467.906769 -501.943970
-420.038025 491.245514 -507.353485
-375.579498 514.584229 -512.762939
-330.963562 538.005005 -518.191528
-289.016663 565.369141 -521.057190
-253.950562 601.205994 -523.268616
-211.023483 625.217957 -532.320068
-162.759933 625.217957 -545.775879
-114.495529 625.217957 -559.232361
-66.020767 625.217957 -572.747864
-17.565025 625.217957 -586.257813
31.843206 622.711121 -594.900330
81.658905 616.898376 -596.657349
131.308655 609.839172 -597.679626
Custom
FlyDown
168.326675 591.967163 -582.931396
Custom
HailActor "Elishuru" 4
170.988647 588.754028 -580.484131
