0 0 0
Custom
CheckAndSet -NearLocation "24.480000 21.154587 -297.500000" 25 350
0 0 0
3.428152 -10.185196 149.694046
-6.447520 -10.182361 147.924179
-16.185621 -10.177516 145.577850
-25.862156 -10.162771 142.089600
-34.914219 -10.155528 137.468796
-42.997467 -10.156118 131.287994
-50.168362 -10.152221 123.981293
-56.571991 -10.138836 116.129776
-62.750607 -10.039997 108.165504
-69.015160 -9.724024 100.245842
Custom
HailActor "Meldrath the Marvelous" 14
-73.457993 -9.497345 95.234627
-67.085403 -9.863351 103.442627
-61.592205 -10.079803 111.831047
-55.817886 -10.149513 120.635231
-49.454491 -10.161068 128.443207
-41.648495 -10.157978 135.137756
-32.814243 -10.158411 140.449646
-23.366817 -10.168789 144.582214
-13.445732 -10.181116 147.012482
-3.546609 -10.184002 148.806808
6.554646 -10.184088 148.941681
16.677753 -10.187370 148.132492
26.888357 -10.213199 146.970612
36.824554 -10.236542 145.659424
46.833908 -10.236826 144.163559
56.977303 -10.215390 142.641281
67.295845 -10.199074 140.368408
77.269661 -10.192042 137.660004
86.998001 -10.173614 135.014984
96.635757 -10.119149 131.438217
104.320023 -10.116359 124.663177
108.309929 -10.109263 115.108337
110.971931 -10.044136 105.005821
113.404114 -9.298874 95.042023
115.933418 -8.143250 85.323257
117.852455 -7.001767 75.565033
117.194916 -4.463006 65.568848
88.243889 6.800988 59.008026
Custom
PathHarvest 96 20 1 1 1 0 "power node" "a power node" 20 "coiled springs" "a coiled spring" 20 "conductive wire" "a length of conductive wire" 20
97.380417 4.045072 62.864655
105.260941 -0.078261 68.090637
112.049034 -6.257803 72.635735
120.053856 -7.426579 78.657387
127.799080 -5.335274 85.201912
134.285110 -0.130047 90.758446
135.037445 -0.826985 100.758156
128.509125 -7.313636 105.525650
122.988197 -10.152379 113.509674
126.783234 -8.360523 123.223694
128.591171 -4.232365 132.174530
131.064926 -1.785070 142.079697
122.197395 -6.337233 143.198441
112.597755 -7.614225 145.730133
104.594864 -4.056141 150.643448
103.019844 0.502186 159.426025
94.414528 -4.223819 157.366104
87.351204 -9.419401 151.841522
79.328117 -10.199171 145.268036
71.682266 -10.195088 138.402893
64.540245 -10.188303 131.157059
58.276436 -10.175646 123.312233
52.768986 -8.071697 115.197723
48.978699 -2.019067 108.029427
43.930096 -7.645297 114.589973
41.415115 -10.184592 124.157646
39.441051 -10.215155 134.040161
38.286327 -10.237550 144.190201
37.283798 -10.236469 154.240860
35.921432 -8.121593 163.972900
34.256508 -2.484076 172.411606
27.358086 -7.281154 166.315979
21.796072 -10.218024 158.330521
14.387728 -10.194423 151.167450
4.363473 -10.188082 150.838287
-5.643864 -10.193549 152.984375
-15.838331 -10.188844 153.467941
-26.163652 -10.177039 152.570267
-35.186508 -9.475025 156.971985
-41.718685 -5.736261 163.608063
-44.031887 -4.655457 164.407410
-52.391491 -3.095444 159.107834
-57.134827 -8.101084 151.566391
-64.184181 -7.969759 144.291443
-72.341866 -2.269814 142.460587
-81.259773 1.707013 139.905045
-84.230095 1.459111 138.064117
-83.703384 -2.454260 128.654388
-75.754135 -7.865685 123.831749
-66.607430 -10.137453 119.854355
-57.485378 -10.127567 115.126984
-48.583389 -10.116274 110.479179
-39.011238 -10.106093 107.340385
-29.905313 -9.233021 102.578743
-23.325275 -4.658288 99.318954
-28.962336 -1.072325 91.497154
-32.990681 0.405344 82.287674
-37.820732 -3.074825 74.208458
-47.240475 -5.220155 71.359802
-57.440002 -5.704675 70.620300
-67.596901 -5.686642 70.755424
-77.965439 -4.214532 71.024673
-86.162834 1.667507 70.462204
-95.648735 4.878808 69.677795
-97.427673 2.067873 59.442577
-88.647987 2.664874 53.465847
-78.560173 1.741147 52.016834
-68.426994 1.263930 50.568573
-58.257183 1.922699 48.966267
-48.397850 2.392503 47.057476
-39.389080 6.764973 45.765350
-31.790659 13.683639 44.752033
-33.768616 14.093462 34.807838
-40.001095 6.196944 33.872971
-48.426983 2.737493 29.677536
-48.041771 3.427846 19.531578
-38.143894 4.541462 16.780352
-29.298464 10.259452 17.612511
-20.299435 13.500130 13.976380
-18.430836 9.679333 4.064950
-18.511902 9.970795 -5.965966
-18.378397 14.636766 -15.109328
-22.356468 13.208771 -24.176380
-30.788687 7.454790 -24.968348
-40.123817 3.451562 -26.251175
-50.316818 3.451848 -28.069500
-60.327408 3.452052 -29.552761
-69.702766 6.733977 -31.721657
-61.251522 3.452947 -35.296894
-51.359272 3.452947 -37.706699
-41.696449 3.452947 -40.312195
-32.483719 3.452947 -44.692158
-32.188358 3.452947 -54.829426
-38.474602 3.452947 -62.966522
-44.144981 8.301925 -70.211426
-50.360195 11.830625 -77.723061
-52.378044 12.449958 -80.090393
97.380417 4.045072 62.864655
97.380417 4.045072 62.864655
97.753578 3.079797 57.764496
106.917152 -1.204061 56.923172
116.546844 -2.382385 56.718647
115.411110 -4.706633 66.528107
114.369308 -7.197945 76.479668
113.303520 -8.333169 86.660378
112.208694 -9.517863 96.799599
110.201561 -10.080863 106.669006
106.223221 -10.104414 116.098038
100.362663 -10.107155 124.264336
92.294609 -10.119945 131.222015
83.565300 -10.181159 136.456131
73.834618 -10.196339 139.961807
63.780239 -10.202256 141.934906
53.568108 -10.219628 142.131042
43.331001 -10.234692 142.040359
33.015915 -10.233944 141.949051
22.954309 -10.180629 141.860001
12.951320 -10.167929 141.760239
2.638514 -10.167081 141.526779
-7.653534 -10.167612 141.246170
-17.894844 -10.167506 140.682281
-28.061407 -10.157173 139.680756
-37.297165 -10.154972 135.686417
-44.982975 -10.156726 128.886734
-50.758823 -10.143523 120.321068
-53.895012 -10.097626 110.559784
-55.568813 -9.804202 100.289078
-56.589924 -9.308758 89.848915
-57.364525 -7.948590 79.816772
-58.116795 -5.563921 70.076279
-58.646938 -2.647448 60.186218
-58.732292 1.157916 50.846165
-58.697659 2.737493 44.589497
-57.720097 2.737493 34.484673
-56.725193 3.251151 24.200674
-55.726837 3.430285 13.880852
-54.681278 3.446259 3.710943
-52.997002 3.449358 -6.372351
-50.981163 3.449292 -16.248241
-48.724945 3.451408 -26.228487
-45.114876 3.452947 -35.823318
-41.236389 3.452947 -45.263592
-37.666508 3.452947 -54.766052
-34.352291 3.452947 -64.209366
-31.501030 3.452947 -73.887329
-29.814028 3.452947 -84.133064
-28.716515 3.452947 -94.332626
Custom
ClickActor "Junkyard East Door 01"
-28.374573 3.667451 -99.131340
-28.052122 3.667451 -109.334145
-38.269913 3.667451 -110.786293
Custom
ClickActor "Junkyard East Door 03"
-43.406338 3.667451 -110.443970
Custom
WaitForMobAway "an Innovative Protector" 60
-53.409897 3.452947 -110.081505
-63.562717 3.452947 -109.307564
-73.548897 3.452947 -108.471382
-82.806999 3.452947 -104.201111
-91.927048 3.452947 -99.490646
-101.495964 3.452947 -102.934219
-111.234482 4.734263 -105.421822
-121.194016 3.452947 -103.766968
-129.510803 5.959979 -98.561005
-138.137177 4.207169 -93.212959
-146.586304 3.452947 -87.583649
-155.475067 3.843370 -82.741341
Custom
WaitForMobAway "an Innovative Protector" 30
-166.005554 4.076789 -83.053246
-179.486893 4.094962 -87.860497
-189.110428 4.094404 -90.827728
-198.256699 7.330518 -94.264496
-205.610840 11.830466 -99.465912
-207.003189 7.663534 -108.657051
-206.946106 8.760206 -118.716896
-206.609283 11.197946 -128.520050
-205.896423 11.631297 -138.880249
Custom
WaitForMobAway "an Innovative Protector" 50
-205.794739 9.862810 -142.082626
-197.890030 5.340769 -146.840942
-189.441254 4.258005 -152.601868
-181.161118 4.258005 -158.474075
-173.106079 4.258005 -164.503357
-165.334457 4.258005 -171.172470
-163.913467 4.258005 -181.125732
-163.300919 4.258043 -191.325516
-162.767746 4.258005 -197.702530
Custom
ClickActor "Junkyard East Door 04"
-159.122162 4.343703 -197.095413
-149.025681 4.415494 -197.322235
Custom
ClickActor "Junkyard East Door 05"
-136.605042 4.415494 -197.330917
-126.372757 4.213838 -198.237778
-118.076988 4.213838 -192.468903
-113.932442 4.213838 -182.839706
-112.283234 4.213838 -172.872025
-114.822731 5.538370 -162.987198
Custom
Target "an innovative workstation"
-116.166260 5.538370 -158.557755
Custom
CraftIt "Electric Manaetic Device (EMD)" 2
-116.166260 5.538370 -158.557755
-111.847366 4.213838 -167.688202
-110.733643 4.213838 -177.862503
-113.562996 4.213838 -187.707794
-121.315262 4.213838 -194.646759
Custom
ClickActor "Junkyard East Door 05"
-132.483887 4.415494 -197.176468
-142.726379 4.415494 -197.319717
Custom
ClickActor "Junkyard East Door 04"
-154.401321 4.415494 -197.467239
Custom
WaitForMobAway "an Innovative Protector" 50
-163.733505 4.258005 -194.329987
-170.660309 4.258005 -186.938095
-175.857742 4.258005 -178.272873
-181.300919 4.258005 -169.779526
-187.680527 4.258005 -161.953247
-194.623062 4.258005 -154.401108
-201.522751 6.205173 -147.102005
-208.453445 11.323121 -141.904861
-212.938736 14.878388 -133.622955
-215.188736 13.966083 -123.909004
-213.853149 10.723376 -114.470154
-212.516464 12.703804 -104.624519
-208.587311 14.791426 -95.555519
-201.287338 10.385889 -90.242790
Custom
WaitForMobAway "an Innovative Protector" 30
-191.587631 5.115928 -87.258080
-181.547485 4.097987 -86.355713
-171.332748 4.085680 -85.116440
-161.215378 4.069689 -83.778305
-151.115326 3.646231 -83.688133
-141.990036 3.771605 -87.841866
-133.135834 5.791915 -92.571861
-124.500214 4.999240 -97.796120
-116.202812 3.452947 -103.644066
Custom
WaitForMobAway "an Innovative Protector" 60
-112.417984 4.344085 -106.457542
-103.460304 3.452947 -101.770271
-93.883385 3.452947 -98.511482
-83.642723 3.452947 -99.788704
-73.697327 4.289149 -101.733940
-63.917477 3.452947 -104.168640
-54.144428 3.452947 -106.979828
Custom
ClickActor "Junkyard East Door 03"
-46.786072 3.667451 -109.503860
-36.521358 3.667451 -109.973801
-27.435394 3.667451 -115.098114
Custom
UseItem "Electric Manaetic Device (EMD)"
-20.787857 3.667451 -115.562943
Custom
POISTWaitForMobDeactivated "an Innovative guard" 50
-20.787857 3.667451 -115.562943
Custom
ClickActor "Electric Manaetic Device (EMD)"
-20.787857 3.667451 -115.562943
4.002179 3.667451 -119.996628
Custom
ClickActor "Junkyard East Door 02"
8.419009 3.667451 -121.085861
Custom
WaitForMobAway "an Innovative Protector" 50
11.451281 3.667428 -121.963226
21.295616 3.856225 -124.362167
Custom
UseItem "Electric Manaetic Device (EMD)"
25.224199 3.856225 -134.278198
18.097073 3.632882 -127.123795
Custom
POISTWaitForMobDeactivated "an Innovative protector" 50
13.675676 3.537984 -122.596054
22.105904 3.856225 -128.340012
26.951624 4.159724 -137.085876
26.496029 3.856225 -147.122986
25.816359 3.856225 -157.177307
25.215719 3.856225 -167.275055
24.714840 3.856222 -177.540817
24.215708 3.856225 -187.770584
23.986732 3.858160 -197.918686
24.013222 4.140624 -207.944641
24.067442 5.492342 -218.042480
24.175232 11.143701 -226.771835
24.315784 12.720670 -236.832932
24.415541 12.720665 -246.912247
24.455238 16.866673 -256.308075
24.548578 21.154329 -265.500854
24.525145 21.154247 -275.741119
Custom
HailActor "Meldrath the Marvelous" 4
24.244629 21.154156 -282.377197
24.358789 21.218765 -297.653961
Custom
SetShinyScanDistance 0
24.396025 21.154984 -302.711823
24.172995 19.433651 -312.680786
23.967972 14.977589 -321.984100
24.265223 10.539834 -331.249146
24.623886 7.079736 -340.890533
Custom
ClickActor "A Stash of EMDs"
25.071423 7.079721 -353.308594
Custom
ClickActor "West Purge Lever"
25.071423 7.079721 -353.308594
Wait
50
24.780710 7.079736 -344.354828
34.770809 7.034368 -343.852692
44.962749 7.036546 -343.667450
55.023819 7.035598 -343.740845
65.246902 7.038085 -343.640015
75.344223 7.037131 -343.752014
85.711441 7.043603 -343.878876
96.550072 7.079736 -344.030548
96.386116 6.263244 -354.299347
96.699287 2.001519 -363.379761
96.925163 -2.347564 -372.646271
97.007462 -6.706347 -381.933502
97.031502 -6.987372 -391.977386
96.967628 -7.004043 -402.200897
Custom
UseItem "Electric Manaetic Device (EMD)"
97.155487 -7.016956 -414.121338
Custom
ClickActor "DOOR"
98.592972 -6.842025 -415.148132
Custom
POISTWaitForMobDeactivated "an Innovative protector" 50
97.031502 -6.987372 -391.977386
Custom
ClickActor "Electric Manaetic Device (EMD)"
97.092506 -7.015548 -411.560730
95.719353 -7.087454 -422.625824
Custom
ClickActor door
97.030403 -7.061789 -432.554932
97.329689 -7.087454 -442.675934
97.378433 -7.087454 -452.682434
97.103752 -7.087454 -462.740723
Custom
UseItem "Electric Manaetic Device (EMD)"
96.682281 -7.087454 -479.845764
Custom
POISTWaitForMobDeactivated "an Innovative guard" 50
96.682281 -7.087454 -479.845764
Custom
ClickActor "Electric Manaetic Device (EMD)"
96.682281 -7.087454 -479.845764
94.414589 -7.087416 -481.526184
Custom
ClickActor door
87.822395 -7.120784 -484.974365
Custom
WaitForMobAway "an Innovative Protector" 50
87.822395 -7.120784 -484.974365
77.775780 -7.076010 -485.141266
Custom
UseItem "Electric Manaetic Device (EMD)" 
67.456879 -7.126139 -485.303284
Custom
POISTWaitForMobDeactivated "an Innovative protector" 50
87.775780 -7.076010 -485.141266
Custom
ClickActor "Electric Manaetic Device (EMD)"
67.456879 -7.126139 -485.303284
57.373589 -7.126139 -485.298126
47.477554 -7.131472 -484.994019
37.393219 -7.106115 -484.123596
27.110451 -7.106925 -484.380951
Custom
ClickActor door
23.840534 -7.112882 -493.998413
23.902384 -6.960211 -504.192352
23.913364 -2.770457 -513.479736
23.810282 1.683485 -522.640808
23.838800 3.350835 -532.577026
Custom
ClickActor Door
23.895674 3.423515 -539.729980
25.847351 3.177749 -549.783508
Custom
HailActor "Meldrath the Marvelous" 12
29.442032 3.198416 -561.616028
26.792631 3.180511 -551.754761
23.471018 3.351202 -534.367065
23.589737 2.497757 -524.315613
23.378325 -1.996735 -515.071167
23.293097 -6.598847 -505.605377
23.893381 -7.112666 -495.403778
25.385464 -7.106925 -485.382813
35.170189 -7.107071 -483.090027
45.417091 -7.135170 -483.773529
55.449528 -7.126139 -484.217682
65.509872 -7.126139 -484.387268
75.558113 -7.054720 -484.909973
85.617607 -7.120091 -484.906677
97.837837 -7.054720 -479.803223
97.907341 -7.020019 -469.754150
97.923920 -7.086785 -459.698669
97.940643 -7.087454 -449.547211
97.957375 -7.087454 -439.377319
97.974312 -7.087454 -429.081360
Custom
ClickActor circuitry 1
106.231003 -6.453871 -423.826965
96.999031 -7.087454 -424.068542
95.607712 -7.016923 -414.046478
95.587654 -7.008626 -404.041748
96.215469 -6.987372 -393.730286
96.627144 -6.987372 -383.659302
97.051094 -3.102580 -374.255005
97.413078 1.211003 -365.064087
97.736130 5.525160 -355.871979
98.063202 7.079736 -345.743500
107.825775 7.079736 -343.101013
Custom
ClickActor Door
112.079330 7.079736 -343.599487
122.111168 7.089156 -344.775116
Custom
WaitForMobAway "an Innovative Protector" 50
131.481400 3.508819 -346.042358
Custom
UseItem "Electric Manaetic Device (EMD)"
146.395721 3.508819 -341.301910
Custom
POISTWaitForMobDeactivated "an Innovative protector" 40
121.421326 7.158289 -344.228760
Custom
ClickActor "Electric Manaetic Device (EMD)" 1
143.512177 3.508819 -342.766388
137.654572 -0.890671 -363.511902
137.566299 -3.231931 -373.428894
137.462814 -3.232449 -383.452484
137.282578 0.721825 -392.954681
139.125122 3.508819 -402.668427
148.959839 3.508819 -400.672516
156.145737 3.508819 -399.069519
156.513443 3.508819 -409.112640
155.537979 3.508819 -415.765137
148.149124 3.804996 -418.940735
Custom
ClickActor gears 1
149.008987 3.508819 -426.385345
149.322784 3.508819 -421.567047
154.762589 3.508819 -413.107452
159.063293 3.508819 -405.212341
149.550888 3.508819 -401.959137
139.344604 3.508819 -401.119171
137.499725 0.145513 -391.679504
137.728149 -3.232449 -382.218231
138.306137 -3.231327 -372.193268
138.061996 -0.854327 -363.432922
137.508606 3.258303 -354.299011
136.918045 3.508819 -344.263702
126.993996 5.146447 -343.407288
117.065834 7.153934 -344.351654
106.878517 7.079736 -344.377808
96.873474 7.079736 -344.436279
96.711708 6.109449 -354.627014
97.169228 1.834622 -363.735382
97.187088 -2.532632 -373.040619
97.201782 -6.831388 -382.292511
97.217773 -6.987372 -392.372467
97.185570 -7.004134 -402.469971
96.378639 -7.016162 -412.669434
96.267151 -7.087454 -422.691895
96.017509 -7.061789 -432.693512
96.580048 -7.087454 -442.973938
96.897079 -7.087454 -453.120850
97.219711 -7.087454 -463.249481
99.412621 -7.087454 -473.140869
94.236961 -7.087454 -481.713501
84.611633 -7.119777 -485.117371
74.363388 -7.126139 -484.379944
64.162514 -7.126139 -484.393280
54.065926 -7.126139 -484.301361
44.044151 -7.052779 -484.011597
33.890305 -7.107621 -483.440674
23.768831 -7.106925 -483.687653
13.783826 -7.107298 -484.584290
3.537929 -7.134139 -485.118317
-6.505108 -7.126139 -485.241455
-16.764936 -7.126139 -485.245789
Custom
ClickActor door
-26.007774 -7.054720 -485.184143
-35.713928 -7.119976 -487.732788
-45.693096 -7.087454 -486.486603
-48.869091 -7.087454 -476.918549
-49.921207 -7.087454 -466.907288
-50.422905 -6.651511 -456.864838
-49.961842 -7.087454 -446.838715
Custom
ClickActor door
-48.738327 -7.068546 -436.743378
Custom
UseItem "Electric Manaetic Device (EMD)"
-47.578819 -7.065732 -432.399384
Custom
POISTWaitForMobDeactivated "an Innovative guard" 50
-47.578819 -7.065732 -432.399384
Custom
ClickActor "Electric Manaetic Device (EMD)" 1
-47.578819 -7.065732 -432.399384
-50.172722 -7.087454 -428.114380
-51.775200 -7.087454 -423.946014
Custom
ClickActor door
-50.558189 -7.087454 -421.357941
-46.311996 -7.007795 -416.282776
-47.552776 -7.009915 -406.318542
-48.313934 -6.995625 -396.191956
-49.474033 -6.987372 -386.144440
-49.500095 -4.096395 -376.372528
-49.014324 0.231032 -367.152130
-48.546032 4.516925 -358.020203
-48.221912 7.079736 -348.198944
-57.497131 7.079736 -343.998779
Custom
ClickActor door
-63.044491 7.160954 -344.677521
Custom
WaitForMobAway "an Innovative Protector" 50
-69.810287 7.158289 -344.125977
-79.570656 4.293518 -344.355469
Custom
UseItem "Electric Manaetic Device (EMD)"
-89.639832 3.508819 -345.829742
Custom
POISTWaitForMobDeactivated "an Innovative protector" 50
-75.875671 5.763623 -344.531921
Custom
ClickActor "Electric Manaetic Device (EMD)" 1
-89.989082 3.508819 -348.349091
-88.856918 2.533328 -355.887146
-86.505264 -1.187192 -365.032013
-84.270554 -3.232449 -374.638000
-82.207291 -3.232449 -384.706421
-80.171242 -3.232449 -394.706848
-78.205238 -3.232449 -404.647461
-77.154198 -3.232449 -414.758453
-76.477356 -3.232489 -424.851593
-76.173920 -3.233930 -434.891022
Custom
ClickActor door
-74.758430 -3.236394 -446.052460
Custom
UseItem "Electric Manaetic Device (EMD)"
-74.758430 -3.236394 -446.052460
Custom
POISTWaitForMobDeactivated "an Innovative protector" 30
-74.758430 -3.236394 -446.052460
Custom
ClickActor "Electric Manaetic Device (EMD)" 1
-74.758430 -3.236394 -446.052460
-75.492477 -3.122469 -460.435577
-65.477760 -3.125614 -460.085602
Custom
ClickActor chassis 1
-63.541798 -3.126223 -459.679779
-74.243637 -3.122862 -459.214661
-75.355354 -3.235952 -448.975800
-74.970818 -3.234509 -438.925873
-75.078239 -3.233032 -428.638702
-76.297958 -3.232449 -418.687866
-77.613373 -3.232449 -408.548615
-78.992294 -3.232449 -398.527771
-81.345924 -3.232449 -388.673798
-84.384140 -3.232449 -378.902893
-87.999863 -3.231513 -369.285004
-88.986374 0.634224 -360.085449
-89.154686 3.508819 -350.371002
-84.762909 3.508819 -341.325378
-75.000496 6.111821 -342.432526
-64.860001 7.146655 -343.782257
-54.672462 7.079736 -344.749725
-46.639275 7.079736 -347.581482
-47.225693 4.757076 -357.508545
-47.082073 0.427248 -366.734070
-47.020439 -3.888526 -375.929657
-47.283401 -6.987372 -385.609253
-47.450302 -6.958883 -395.615906
-47.737999 -7.008668 -405.637512
-48.649601 -6.984942 -415.817902
-50.752003 -7.087454 -425.668365
-50.811935 -7.087454 -425.857849
-47.811398 -7.099326 -435.636780
-47.658772 -7.087454 -445.827301
-48.319695 -7.087454 -455.937195
-48.205261 -7.087454 -465.975372
-48.122643 -7.087454 -476.268921
-47.843342 -7.087454 -484.506500
-37.827114 -7.120638 -485.541718
-27.629782 -7.096901 -486.172272
-17.390705 -7.126139 -486.338989
-7.294547 -7.126139 -486.150848
2.783381 -7.132784 -485.946777
12.897659 -7.106866 -485.766235
23.072165 -7.106925 -486.139435
33.280743 -7.107882 -485.491821
43.378704 -7.103539 -485.482361
53.404644 -7.126139 -485.446228
63.736580 -7.126139 -485.408966
73.960442 -7.126139 -485.372070
84.166328 -7.119637 -485.335266
93.463806 -7.087454 -482.128723
98.131622 -7.087454 -480.577179
97.908722 -7.087454 -470.543823
97.671600 -7.086928 -460.347687
97.433464 -7.087454 -450.109070
97.318718 -7.087454 -439.868378
97.933556 -7.087454 -429.773926
97.826363 -6.940627 -419.694611
97.797348 -7.013514 -409.488739
98.003014 -6.998657 -399.482971
98.191658 -6.987372 -389.368927
98.202866 -5.439896 -379.235077
98.213066 -1.114592 -370.019196
98.223244 3.202300 -360.821289
98.073059 7.071849 -351.355957
97.654427 7.079736 -341.284912
97.643059 7.079736 -340.961121
107.594772 7.079736 -343.010193
117.748131 7.155070 -344.108856
127.548920 4.925653 -344.780304
134.956955 3.508819 -345.281769
138.025070 2.991269 -354.883057
137.224823 -1.142408 -364.067291
137.079330 -3.232314 -374.088257
137.313080 -3.165293 -384.344696
137.820786 1.025776 -393.634338
138.978638 3.508819 -402.209320
149.159622 3.508819 -401.248383
158.095947 3.508819 -400.197815
158.760178 3.508819 -410.425262
Custom
Target "an innovative workstation"
160.528168 3.508819 -415.478302
Custom
CraftIt "Retrofitted Chassis"
160.528168 3.508819 -415.478302
Custom
CraftIt "Retrofitted Circuitry"
160.528168 3.508819 -415.478302
Custom
CraftIt "Retrofitted Gears"
160.528168 3.508819 -415.478302
155.013107 3.508819 -406.968384
151.422852 3.508819 -397.208893
148.414124 3.508819 -387.476166
146.573349 3.508819 -377.612335
145.090012 3.508819 -367.587341
143.576019 3.508819 -357.475983
141.765564 3.508819 -347.487946
132.018021 3.508819 -344.565369
122.628860 6.883184 -343.871399
112.430138 7.132456 -344.161652
102.328384 7.079736 -344.695038
95.328827 7.079736 -345.206299
96.907600 5.853381 -355.172638
97.051659 1.481310 -364.488190
97.119095 -2.911189 -373.847229
97.157944 -6.987372 -383.261047
97.183067 -6.987372 -393.394958
96.937042 -7.006145 -403.615723
96.984741 -7.016818 -413.857422
97.098534 -7.087454 -424.134827
97.209335 -7.153734 -434.142365
97.320343 -7.087454 -444.167816
97.833038 -7.087454 -454.195831
98.243988 -7.087454 -464.465515
99.284882 -7.087454 -474.647430
99.967300 -7.087454 -478.069183
91.366066 -7.054720 -483.288239
87.299194 -7.120619 -485.740723
77.131531 -7.101729 -484.956024
67.042183 -7.126139 -484.923737
56.931004 -7.126139 -485.217438
46.926155 -7.132462 -485.441498
36.850048 -7.106349 -485.187469
26.724472 -7.106925 -484.774078
24.258703 -7.112811 -494.503845
24.416245 -6.960211 -504.753540
24.492840 -2.576631 -513.878418
24.355452 1.902880 -523.092041
23.794886 3.350844 -533.245911
23.888136 3.406579 -543.467712
23.800711 3.183453 -553.504211
19.292402 3.198530 -562.467285
Custom
ApplyVerb "Hackbot 3000" "Install the Chassis"
17.532482 3.200247 -564.938538
Custom
ApplyVerb "Hackbot 3000" "Install the Circuitry"
17.532482 3.200247 -564.938538
Custom
ApplyVerb "Hackbot 3000" "Install the Gears"
17.532482 3.200247 -564.938538
Wait
50
17.532482 3.200247 -564.938538
Custom
CastAbility -ID 2324958843 -Name "Hackbot 3000"
17.532482 3.200247 -564.938538
21.589891 3.188927 -555.775208
23.925779 3.329001 -546.018982
24.277592 3.349979 -535.933167
24.309574 3.245933 -525.854553
24.383013 -1.155582 -516.801270
24.456161 -5.539732 -507.783813
24.538504 -7.112162 -497.632294
23.616396 -7.106925 -487.346832
13.614704 -7.107215 -485.942444
3.389659 -7.133873 -485.033142
-6.785688 -7.126139 -484.583801
-16.934977 -7.126139 -484.350128
-26.941769 -7.154017 -484.460571
-36.938412 -7.120359 -485.296509
-46.416317 -7.087454 -488.640198
-47.790573 -7.087454 -485.557617
-37.712875 -7.120602 -484.409302
-27.308159 -7.153405 -483.967865
-17.265772 -7.126139 -483.871826
-7.024012 -7.126139 -483.940155
3.136125 -7.133418 -484.277893
13.165316 -7.106997 -485.089539
23.393621 -7.106925 -486.157928
33.628048 -7.107733 -485.445709
43.652657 -7.052820 -485.546631
53.821552 -7.126139 -486.168457
64.023567 -7.126139 -486.390411
74.190590 -7.126139 -486.187561
84.375328 -7.119703 -485.309998
94.095695 -7.087454 -482.842468
99.239929 -7.087454 -480.378845
98.048012 -7.087454 -470.264557
96.627144 -7.087454 -463.182037
86.502434 -7.087454 -463.001007
83.299904 -7.087454 -462.943787
93.453262 -7.087454 -462.910950
98.370163 -7.087454 -453.921478
98.152657 -7.087454 -443.849304
97.714058 -7.090074 -433.689728
97.345123 -7.087454 -423.580658
97.319092 -7.016581 -413.429077
97.366852 -7.005008 -403.241241
97.414101 -6.987372 -393.161377
97.462029 -6.912076 -382.937561
97.480927 -2.759356 -373.523712
97.475136 1.523719 -364.397827
97.483459 5.806779 -355.271942
97.478859 7.079736 -345.156097
97.432388 7.079736 -340.917358
107.344383 7.079736 -342.636169
117.284439 7.154174 -344.140045
127.257805 5.041482 -345.322968
137.040955 3.508819 -346.838013
137.949829 2.029780 -357.027618
138.279053 -2.152094 -366.304443
130.245789 -3.232449 -372.238190
127.447830 -3.232449 -362.499054
126.047989 -3.232449 -357.649475
126.297630 -3.232449 -367.767426
126.547890 -3.232449 -377.910217
126.772659 -3.232449 -388.184967
126.843536 -3.232449 -398.552765
126.789383 -3.232449 -408.596619
126.709702 -3.232449 -418.604156
126.084747 -3.232449 -428.646454
125.367195 -3.232449 -438.827118
Custom
WaitForMobAway "an Innovative Protector" 25
125.327232 -3.232449 -440.425171
Custom
UseItem "Electric Manaetic Device (EMD)"
124.897415 -3.235799 -449.516113
Custom
ClickActor door
124.897415 -3.235799 -449.516113
Custom
POISTWaitForMobDeactivated "an Innovative protector" 25 -450
124.877312 -3.235471 -447.870972
Custom
ClickActor "Electric Manaetic Device (EMD)"
124.877312 -3.235471 -447.870972
125.134331 -3.122446 -457.972687
133.948837 -3.125326 -462.813934
144.014236 -3.122443 -462.640747
153.820145 -3.123878 -462.395203
Custom
ClickActor door
154.228165 -3.119653 -467.651245
153.438110 -3.119647 -477.743439
162.099747 -3.119586 -483.091583
171.124069 -3.119562 -487.556274
180.162827 -2.899411 -492.094238
189.726791 -3.119520 -495.381287
191.303894 -3.119516 -496.044189
181.702042 -2.860971 -493.257172
172.399811 -3.119559 -489.517456
163.181229 -3.119583 -485.357086
154.248993 -3.119636 -481.325958
154.676193 -3.119645 -471.188751
154.496307 -3.123453 -462.557190
144.333496 -3.122352 -461.611694
134.266510 -3.125236 -460.675049
124.252724 -3.122723 -459.743256
124.270042 -3.235840 -449.720093
124.046516 -3.232449 -439.571472
124.091599 -3.232449 -429.498260
124.231941 -3.232449 -419.295959
125.007355 -3.232449 -409.222809
126.856941 -3.232449 -399.265564
129.949326 -3.232449 -389.598389
133.533997 -3.232449 -380.158234
137.118118 -3.231936 -370.586334
138.590942 0.145177 -361.214813
138.884796 3.508819 -351.697479
139.052979 3.508819 -343.077026
128.835602 4.413731 -342.763885
118.998871 7.156704 -343.302734
108.886391 7.079736 -344.376373
98.693588 7.079736 -344.521301
Custom
ClickActor "West Purge Lever"
93.506729 7.079736 -342.375488
Wait
50
93.506729 7.079736 -342.375488
83.357536 7.042130 -343.116333
73.196411 7.035793 -343.750641
63.157322 7.037714 -344.045837
52.990379 7.035007 -344.291779
42.714581 7.036105 -344.504211
32.655510 7.033982 -344.743530
25.454882 7.079736 -344.936890
Custom
ClickActor "A Stash of EMDs"
23.146832 7.079736 -353.572449
Custom
ClickActor "East Purge Lever"
23.146832 7.079736 -353.572449
Wait
50
24.370644 7.079736 -345.163086
14.369199 7.034450 -344.733551
4.371625 7.036883 -344.472198
-5.904266 7.035460 -344.320099
-15.966250 7.037912 -344.326630
-26.154245 7.037377 -344.333344
-36.450237 7.043810 -344.340210
-46.620216 7.079736 -344.346924
-56.736198 7.079736 -344.353607
-66.972137 7.156582 -344.641724
-76.828186 5.384649 -345.303741
-86.400093 3.508819 -347.985046
-93.253418 3.508819 -355.572235
-96.645874 3.508819 -365.218903
-99.960892 3.508819 -374.846466
-102.995316 3.508819 -384.477448
-98.045692 3.508819 -393.572937
Custom
UseItem "Electric Manaetic Device (EMD)"
-90.667999 3.508819 -403.163605
-96.890076 3.508819 -395.188354
-101.216881 3.508819 -386.055084
Custom
POISTWaitForMobDeactivated "an Innovative guard" 60
-104.240227 3.508819 -378.209595
Custom
ClickActor "Electric Manaetic Device (EMD)"
-93.451508 3.508819 -398.759949
-89.990845 3.508819 -408.159241
-89.223305 3.508819 -418.251984
-89.997711 3.508819 -428.296875
-92.345871 3.508819 -438.143158
-95.129898 3.508819 -446.892151
-91.797318 3.508819 -437.311707
-90.400276 3.508819 -427.207733
-89.359505 3.508819 -417.090240
-89.222939 3.508819 -407.084839
-89.200180 2.467557 -396.861908
-88.827599 -1.658175 -387.689850
-88.155792 -3.232250 -377.596191
-79.208519 -3.232449 -373.146759
-78.277733 -3.232449 -383.236786
-77.669746 -3.232449 -393.327972
-77.222763 -3.232449 -403.451538
-76.776573 -3.232449 -413.557648
-76.429359 -3.232449 -423.703278
-76.157822 -3.233786 -433.887512
-75.813759 -3.235240 -444.015625
-75.397247 -3.055722 -454.195160
-75.018112 -3.122618 -462.456665
-85.203407 -3.125091 -462.188446
-95.240089 -3.122216 -462.038696
Custom
ClickActor door
-105.318108 -3.123209 -462.185883
-105.623932 -3.123017 -462.196198
-103.483307 -3.119675 -472.189484
-101.982933 -3.119671 -479.158600
-110.422424 -3.119591 -484.545471
-117.552681 -3.119572 -491.557800
-123.687035 -3.119559 -499.577332
-129.708237 -3.119545 -507.882935
-134.962875 -3.119532 -516.630737
-129.019150 -3.119547 -508.259430
-122.910980 -3.119561 -500.172852
-116.844673 -3.119574 -492.123169
-111.019394 -3.119590 -483.832031
-105.921127 -3.119620 -475.143890
-102.522148 -3.124965 -465.618408
-100.983803 -3.125931 -460.856934
-90.859993 -3.123471 -461.094330
-80.743233 -3.125106 -460.675659
-74.646187 -3.122735 -460.447144
-75.763420 -3.236142 -450.296478
-76.116096 -3.234678 -440.101898
-76.464615 -3.233232 -430.028564
-76.962830 -3.232449 -419.781647
-77.630302 -3.232449 -409.543365
-78.780029 -3.232449 -399.441193
-81.062721 -3.232449 -389.551483
-84.019646 -3.232449 -379.971588
-86.973625 -2.776070 -370.259155
-88.631805 0.328656 -360.768707
-89.830292 3.508819 -351.340698
-91.267227 3.508819 -341.565063
-81.234985 3.740917 -343.297699
-71.756851 7.158288 -344.111572
-61.734612 7.079736 -344.127838
-51.719486 7.079736 -344.189972
-49.845444 7.079736 -344.235809
-46.989655 7.114492 -351.870575
-47.265179 3.057303 -361.130249
-47.087585 -1.192375 -370.184967
-46.972939 -5.524423 -379.415222
-47.245945 -6.987372 -389.383514
-47.523392 -7.000044 -399.513824
-47.800346 -7.014392 -409.626129
-45.933994 -7.016295 -412.910400
-50.185627 -7.087454 -422.271545
-51.478298 -7.087454 -424.868225
-48.286987 -7.100653 -434.566986
-45.467281 -7.087454 -442.728546
-45.715919 -7.087454 -452.962463
-46.401943 -7.087454 -462.995911
-47.094425 -7.087454 -473.123749
-47.539085 -7.087454 -485.206482
-37.421623 -7.120511 -485.089355
-27.295294 -7.153426 -485.130859
-17.201674 -7.126139 -485.407257
-6.963551 -7.126139 -485.688385
3.202611 -7.133537 -485.967560
13.316888 -7.107070 -486.109650
23.477077 -7.106925 -486.112976
25.224276 -7.112128 -496.143311
24.303434 -6.270180 -506.281403
23.997993 -1.774865 -515.527527
23.802521 2.731241 -524.795898
23.680946 3.350867 -534.982788
23.730665 3.334157 -545.099060
Custom
ClickActor "Hackbot 3000"
24.837324 3.178933 -550.628784
Custom
MessageBox "Go Finish this part and resume here"
24.837324 3.178933 -550.628784
24.837324 3.178933 -550.628784
24.091707 3.368586 -540.459961
23.983000 3.350822 -530.158447
23.934183 0.621923 -520.457336
23.996153 -3.858556 -511.241730
24.069319 -7.102643 -501.539825
23.972466 -7.113392 -491.335022
23.764238 -7.106925 -481.329224
23.876293 -7.112033 -471.213989
24.012039 -7.243563 -461.152893
Custom
ExecuteCommand "face 180"
23.827723 -7.243559 -455.551392
Custom
UseItem "Electric Manaetic Device (EMD)"
23.827723 -7.243559 -455.551392
13.773843 -7.243563 -455.629913
3.576974 -7.243563 -455.351959
-6.633010 -7.243563 -454.627899
-16.341055 -7.243563 -451.792542
Custom
ExecuteCommand "face 240"
-12.854324 -7.243563 -446.337097
Wait
20
-12.854324 -7.243563 -446.337097
Custom
UseItem "Electric Manaetic Device (EMD)"
-12.854324 -7.243563 -446.337097
-18.710968 -7.243564 -437.835205
-20.363232 -7.243563 -427.654816
-20.525906 -7.243563 -417.498413
-21.453545 -7.243563 -407.516479
-23.004225 -7.100455 -399.349091
-22.271690 -7.131387 -395.625153
Custom
ExecuteCommand "face 290"
-15.866292 -7.243566 -397.658386
Wait
20
-15.866292 -7.243566 -397.658386
Custom
UseItem "Electric Manaetic Device (EMD)"
-15.866292 -7.243566 -397.658386
-18.807512 -7.243564 -405.266632
-18.192898 -7.243564 -415.554657
-17.544722 -7.243564 -425.793121
-17.264563 -7.243564 -435.833008
-16.413832 -7.243564 -445.919922
-10.812733 -7.243563 -454.271576
-1.016301 -7.243563 -457.145691
9.256858 -7.243563 -458.058136
19.510302 -7.243563 -458.761078
29.593691 -7.243563 -459.304260
39.790905 -7.243563 -459.491547
49.878693 -7.243563 -458.751312
59.976234 -7.243563 -456.838959
67.681808 -7.243563 -455.674835
70.621971 -7.102918 -451.861389
62.874023 -7.243563 -445.306702
Custom
ExecuteCommand "face 130"
62.692757 -7.243563 -445.430664
Custom
UseItem "Electric Manaetic Device (EMD)"
62.692757 -7.243563 -445.430664
68.369919 -7.243563 -436.911987
70.949745 -7.100159 -426.908539
70.432533 -7.146327 -416.670135
68.774429 -7.243563 -406.571167
67.966331 -7.243563 -396.579834
67.060043 -7.243563 -391.701782
Custom
ExecuteCommand "face 60"
60.154991 -7.243563 -397.480072
Wait
20
60.154991 -7.243563 -397.480072
Custom
UseItem "Electric Manaetic Device (EMD)"
60.265469 -7.243563 -397.647827
Wait
50
60.265469 -7.243563 -397.647827
Wait
50
60.265469 -7.243563 -397.647827
64.820984 -7.243563 -406.630981
62.734413 -7.243563 -416.529236
52.886982 -7.243563 -414.747101
43.871792 -7.243563 -410.028107
36.777718 -7.243563 -402.893372
30.269413 -7.243563 -395.150055
24.387886 -5.540970 -386.969360
Custom
ClickActor "Meldrath's Plans" 1
20.682863 -5.267948 -378.695984
Custom
Poismtsbutton
22.878128 -5.539972 -388.480988
23.235252 -7.243563 -398.730530
23.507517 -7.243564 -408.833313
