-452.362488 27.522459 231.918106
-446.144379 27.522459 223.594345
-439.683899 27.570969 215.944092
Custom
CheckAndSet -NamedNPC Blighthorn 62
-438.493011 27.531883 214.901550
Custom
PathKill 52 75 35 1 1 1 "a vilehorn festrus|a vilehoof festrus" "The lord of the festrus comes" 1
-438.493011 27.531883 214.901550
-432.001587 27.743652 207.143143
-428.135895 28.626822 197.796967
-424.163483 30.856644 188.660782
-419.646606 33.521770 180.137665
-412.448792 35.707584 172.926514
-403.589722 38.772625 168.690979
-395.754028 44.850262 166.011642
-386.238373 47.963387 165.098709
-376.643524 46.679016 168.688629
-367.453339 42.424206 166.995102
-357.394653 40.758476 167.116638
-349.103851 40.880444 173.328796
-341.505219 42.605133 179.720566
-335.003632 44.738651 187.039688
-332.042877 41.431465 196.198685
-331.500366 37.797077 205.838562
-332.197540 36.159218 215.806076
-333.899353 35.854218 226.234680
-336.635132 35.762749 236.116379
-339.500275 36.342747 246.027145
-342.262970 38.500069 255.487137
-344.695587 39.745552 265.325867
-338.891388 41.093887 273.688782
-329.517548 42.852150 277.821686
-319.239929 43.931503 278.515930
-309.103027 43.710354 279.858826
-299.223236 42.093002 281.642212
-289.406006 38.998497 282.945221
-280.119141 36.260033 280.107666
-273.132690 33.912777 273.159424
-269.372375 33.364735 263.690125
-267.190002 34.244415 253.926178
-265.135284 36.105087 244.098816
-262.283295 39.438969 234.514694
-258.799591 44.982430 226.379425
-253.930527 49.602829 218.742599
-247.010376 51.355335 211.485733
-238.625244 49.923450 205.982300
-229.112366 47.697285 203.415497
-218.916580 46.573021 203.725342
-208.375458 46.430641 203.978607
-198.177933 46.147472 204.370956
-188.951767 44.601486 208.283936
-179.492706 44.175842 212.214478
-169.314819 45.280476 213.032867
-159.399399 46.106861 215.472672
-151.724274 43.752426 222.013168
-147.022827 40.473965 230.266251
-144.334351 37.737152 239.818771
-145.114258 36.061951 250.130722
-147.816666 34.838478 259.740295
-152.191772 33.037361 268.965210
-438.649475 27.534927 214.863144
-438.649475 27.534927 214.863144
-428.547363 27.681116 215.873291
-418.489532 27.709166 216.873291
-408.009033 28.057621 217.960068
-398.121399 28.514811 220.206604
-388.368439 29.068470 223.544525
-378.437256 30.073729 226.952286
-369.048706 31.665215 230.173828
-359.750732 33.535530 233.364365
-350.409241 35.053085 236.766876
-340.997986 35.672375 240.781662
-331.552765 36.197292 244.814438
-321.949280 37.288330 248.914780
-312.608429 37.658535 252.742111
-302.801361 36.964031 254.576630
-292.687378 36.439163 256.120789
-282.743652 36.105469 258.265900
-272.951630 34.433788 261.164001
-263.653809 32.041817 263.982269
-253.804230 31.379311 266.958130
-244.264816 32.767685 269.769104
-234.960159 35.113773 273.717010
-225.708939 36.080376 278.038208
-215.819901 38.199642 277.585236
Named
Blighthorn
CustomNamed
-214.621765 39.023975 276.547791
-219.989304 33.043606 290.977753
-223.558411 30.053789 300.544067
-227.085587 28.975857 310.082764
-230.574448 28.033846 319.518097
-233.489197 26.873848 329.180145
-235.381500 25.486427 339.173431
-237.119095 24.651049 349.295532
-238.847015 22.512615 359.361023
-239.213684 21.336119 369.353973
-237.208466 20.810802 379.432678
-234.245758 20.830629 389.365540
-229.761124 21.498592 398.561401
-221.784958 21.388561 405.127838
-226.536133 21.549555 409.494019
-226.536133 21.549555 409.494019
-204.649185 20.227703 413.363403
-196.025040 19.287962 418.620178
-187.542267 19.363764 424.182159
-179.885605 21.075525 430.960663
-173.091385 23.214527 438.169495
-165.891479 23.096815 445.519989
-158.911240 20.901337 452.549957
Custom
PreHeal
-151.683411 20.416237 459.819183
-144.361481 19.449800 467.156464
-136.546295 19.287962 474.020050
-128.393600 19.287962 480.308441
-120.244789 19.287962 486.502533
-111.855606 19.287962 491.996216
-103.039734 19.405617 505.286835
Custom
PreHeal
-102.077148 20.736526 513.289429
DontStopForCombat
-102.077148 20.736526 513.289429
-93.048470 20.961397 500.382385
-86.410095 22.141272 492.915955
-84.319931 21.444935 483.080139
-81.850159 22.688425 473.359497
Named
Rancine
CustomNamed
-82.178215 22.833746 471.703705
StopForCombat
-76.016052 21.962692 481.590973
-70.916985 21.431986 490.233582
-67.279556 20.271685 499.627869
-67.394997 19.695667 509.833740
-67.422424 19.405584 520.263184
-65.392120 20.370722 530.225952
-58.988411 21.103985 538.159485
-50.783478 20.240503 544.003906
-42.834354 19.287827 550.014221
-35.061092 19.287962 556.420898
-27.674772 19.287962 563.360474
-20.422930 19.287962 570.316772
-13.449571 20.439760 577.521484
-6.569038 21.517502 585.228943
-0.398757 24.021429 593.068420
5.761092 23.887499 601.209473
12.085911 21.613430 608.843811
18.616608 21.700708 604.837280
26.892902 21.608725 610.869751
35.003723 21.566404 617.177368
43.551159 21.651945 622.898193
51.037437 21.936224 629.803772
56.172558 22.580303 638.622986
60.027229 22.698233 648.041199
63.781597 22.696581 657.419006
67.810532 22.124798 666.642212
73.375336 20.990059 674.949158
80.530655 21.358923 682.481750
87.474327 25.328768 689.140869
92.750633 30.483854 695.959290
98.114326 34.183395 704.152954
102.866020 40.188396 711.109497
107.413460 46.663155 717.488831
114.073906 47.200745 725.074402
121.824684 46.891888 732.163635
Custom
PreHeal
127.714104 44.982075 736.158691
Wait
50
127.714104 44.982075 736.158691
Custom
ClickActor "Grotesque Visage" 1
127.714104 44.982075 736.158691
Wait
20
127.714104 44.982075 736.158691
Custom
UseItem "Grotesque Visage"
127.714104 44.982075 736.158691
Wait
50
127.714104 44.982075 736.158691
119.944855 47.530560 730.377441
111.653137 46.563503 724.643738
104.673325 45.843552 717.266052
101.192886 39.266705 710.307251
97.404243 33.222473 703.155823
91.884132 29.477175 695.583008
86.024834 23.913328 689.186646
79.346436 21.012541 681.976501
72.778625 20.574841 674.187500
67.177032 22.743862 666.025818
62.913609 22.683014 656.624146
59.090027 22.788261 646.957764
55.075241 23.034431 637.452881
50.048676 21.130287 628.987305
43.379303 21.312525 621.531677
35.134403 20.466000 615.114258
27.352448 20.812061 608.710571
19.945990 21.950853 601.651611
11.696480 23.415602 595.423706
3.424130 23.252459 589.672180
-4.525446 21.209909 583.760254
-9.960403 19.793201 575.303406
-13.166469 19.287962 565.605225
-15.491460 19.287962 555.685547
-18.294666 19.300390 545.873108
-21.106199 19.286480 536.047180
-23.879852 19.367086 526.353638
-26.691385 19.551821 516.527710
-29.485029 20.380959 506.764221
-32.278671 20.674377 497.000610
-35.170418 20.717234 487.326630
-38.561970 19.697678 477.929169
-42.440414 19.287962 468.259705
-46.414268 19.287962 458.661011
-50.294476 19.287962 449.288605
-54.151272 19.287962 439.972687
-58.084160 19.287962 430.473114
-62.017048 19.287962 420.973511
-65.967491 19.287962 411.431458
-69.847733 19.397585 402.058929
-73.635780 20.952093 392.908997
-77.425293 22.854404 383.755432
-81.419640 21.668278 374.107208
-85.147705 19.344152 365.102264
-89.010376 19.287491 355.772156
-92.837952 19.287962 346.526947
-96.615776 21.063608 337.401855
-100.332146 23.801657 328.425262
-104.260666 26.300468 318.936066
-108.057510 27.770893 309.765106
-112.007996 28.265814 300.223053
-115.995041 28.283751 290.592560
-119.828461 29.765045 281.333191
-123.543129 32.501545 272.360779
-126.588409 35.053509 263.099091
-126.096916 36.453182 253.040878
-125.260269 36.983955 242.830368
-124.441658 38.538876 232.805176
-123.615784 41.015759 222.932999
-122.657814 44.081097 213.304428
-121.127144 47.054489 203.807236
-119.615547 51.052704 194.597473
-118.057487 53.940945 185.104599
-116.465355 57.138325 175.404144
-114.894905 60.837910 165.835815
-113.339943 63.658966 156.361847
-111.682236 65.976425 146.459213
-109.358841 68.820885 136.693756
-106.588722 71.937714 127.562027
-103.347931 74.334457 118.408203
-99.581345 78.140526 109.494164
-95.559380 82.694038 100.548126
-91.197647 86.375534 91.995399
-86.780243 88.785431 83.256416
-82.079842 90.649643 74.060738
-77.399139 92.497879 65.005310
-72.709656 93.874275 55.932865
-68.100632 94.330643 46.757114
-64.358459 94.793991 37.195015
-61.336201 95.706612 27.422604
-59.140644 96.957550 17.719868
-59.058292 97.790070 7.552382
-59.708553 97.533997 -2.675129
DontStopForCombat
-60.586349 96.883842 -12.734888
-59.738804 95.502075 -22.849264
-57.672024 94.793999 -32.930550
-53.613949 95.184090 -42.101158
-48.718960 96.547058 -50.952698
-44.261257 97.289154 -60.272919
Named
Gryme
CustomNamed
-44.146618 97.289154 -60.524811
-49.146618 99.289154 -62.524811
Wait
50
-55.766876 99.290649 -64.082253
StopForCombat
Custom
ClickActor "To Crypt of Decay"
-55.766876 99.290649 -64.082253
Wait
50
0 0 0
Custom
WaitUntilAllGroupWithinRange -Range 5
0 0 0
418.722260 -474.589142 -88.786201
408.586456 -474.589142 -88.606522
398.386597 -474.589050 -88.425720
388.291016 -474.589966 -88.246758
377.850494 -474.417419 -88.061699
367.754211 -474.307373 -87.882721
357.370667 -474.307953 -87.740005
347.138855 -474.308929 -87.789482
337.004944 -474.309753 -87.950287
326.790131 -474.309875 -88.364059
316.742859 -474.310669 -88.765663
306.654480 -474.136047 -88.458755
296.329895 -473.977966 -88.624481
286.317688 -474.307037 -89.334419
276.690674 -474.684204 -92.077591
267.991760 -474.684113 -97.052132
259.305115 -474.684021 -102.238419
250.654953 -474.683929 -107.411339
242.037643 -474.683838 -112.564621
233.289001 -474.683716 -117.796440
225.369370 -474.683594 -123.979889
221.853424 -474.305481 -133.547455
220.852219 -473.966980 -143.720673
220.351318 -475.739594 -153.844559
219.846664 -477.401581 -164.044846
219.357117 -479.013855 -173.939514
218.867569 -480.626068 -183.834167
218.374619 -482.256958 -193.843552
218.294128 -482.691071 -203.844742
218.304840 -482.809875 -214.038391
218.315475 -484.659882 -224.117294
218.326004 -486.283722 -234.157913
218.336700 -487.938324 -244.351517
218.347321 -489.594116 -254.430389
218.358017 -491.259705 -264.566620
218.368668 -491.038574 -274.691650
218.329941 -491.310608 -284.838989
218.595200 -491.638580 -294.935547
210.906891 -491.637817 -301.595978
200.433167 -491.309235 -301.433960
190.166061 -491.242188 -301.263275
180.088623 -492.794495 -301.095764
170.030319 -494.432312 -300.926941
160.031998 -496.060425 -301.012634
150.101776 -497.677460 -301.214539
140.232971 -499.284393 -301.410522
130.163300 -500.924103 -301.280701
119.878563 -502.598755 -301.129333
109.532364 -504.283447 -300.977417
99.524368 -505.913025 -300.830597
89.593216 -507.530029 -300.684967
79.539101 -509.167511 -300.537354
69.592552 -510.788361 -300.391541
59.438301 -512.442871 -300.796661
49.457470 -514.069153 -300.349762
39.462669 -515.697693 -299.814545
29.498568 -516.609741 -299.281250
19.426979 -516.374146 -298.742249
DontStopForCombat
15.402879 -516.586243 -302.032684
8.642672 -516.587341 -301.695740
-0.342117 -516.588318 -296.967865
-8.823617 -516.605408 -291.346161
-17.351925 -516.963318 -285.615448
-25.718458 -516.963318 -279.993469
-34.003048 -516.594788 -274.254669
-41.543953 -516.594971 -267.436493
-48.867798 -516.594971 -260.510773
-56.287769 -516.595093 -253.403091
-66.489067 -516.550415 -253.005478
-76.753677 -516.550720 -252.957397
-86.893471 -516.550720 -252.911392
-96.972961 -516.551880 -252.829132
-106.917290 -516.548218 -252.866577
-114.943947 -516.571533 -259.048889
-122.180206 -516.576416 -266.195496
-129.218155 -516.566040 -273.536774
-134.480850 -516.963318 -282.044098
-134.563721 -516.963318 -292.078827
Named
Darwol
CustomNamed
-134.712860 -516.963318 -300.439880
15.206319 -516.586243 121.861427
StopForCombat
25.269709 -516.374451 121.601112
35.343758 -516.369019 121.318321
45.551987 -514.705750 121.056023
55.627502 -513.063965 120.797134
65.626579 -511.434662 120.540222
75.646225 -509.802063 120.350220
85.934021 -508.125458 120.177315
95.973228 -506.491302 120.008545
105.916832 -504.872223 119.841408
116.185493 -503.200104 119.668793
126.224701 -501.565399 119.500053
136.130646 -499.952332 119.403305
146.037048 -498.339294 119.482101
156.096481 -496.701263 119.562836
166.270615 -495.044617 119.644493
176.215286 -493.425232 119.724312
186.197586 -491.799805 119.847900
196.464279 -490.986481 120.111565
206.501450 -491.309753 120.370834
216.616226 -491.638397 120.583908
217.284973 -491.638458 110.487526
218.387192 -491.310547 100.288460
219.369675 -491.272339 90.316856
219.865723 -490.564362 79.982536
220.007019 -488.942963 70.115486
220.035645 -487.325531 60.247009
220.064514 -485.713989 50.282917
220.093811 -484.083984 40.204082
220.122955 -482.428833 30.144360
220.152115 -482.805237 20.084671
220.181870 -481.661011 9.833717
220.211075 -480.018799 -0.245115
220.240082 -478.389038 -10.247448
220.269226 -476.753052 -20.288025
220.298706 -475.098358 -30.443342
220.327560 -473.966705 -40.388298
220.357407 -474.305756 -50.677513
219.911041 -474.683716 -60.970142
217.417191 -474.683899 -70.719917
211.242203 -474.684052 -78.809120
203.625793 -474.684174 -85.472717
194.025070 -474.684235 -88.469238
183.852142 -474.306824 -88.642960
173.755554 -473.959076 -88.809448
163.429489 -475.308136 -88.979736
153.256424 -476.953369 -89.147491
143.234741 -478.574097 -89.312393
133.042374 -480.240448 -89.479034
122.942360 -481.899963 -89.641441
112.917923 -482.803955 -89.647263
102.570999 -482.597870 -89.730125
92.117264 -482.800262 -89.889435
82.047432 -483.178406 -89.965210
72.025887 -483.178680 -90.081543
61.987484 -483.178711 -90.109009
Custom
SourceSigCheck
56.514099 -483.178925 -90.078896
Named
Bhaly
CustomNamed
56.514099 -483.178925 -90.078896
ReturnLOCS
Custom
SetShinyScanDistance 100
4.176947 -473.034576 -90.153786
13.367188 -477.922729 -89.786278
22.861908 -481.546722 -89.406570
33.030449 -482.640533 -89.168320
43.261982 -482.833191 -89.235153
53.722561 -483.179047 -89.363289
63.820332 -483.178680 -89.448166
74.057930 -483.178711 -89.122017
84.226189 -483.178314 -88.830772
94.476273 -482.800293 -88.761322
104.688889 -482.568817 -88.718750
114.748535 -482.805756 -88.676842
124.750832 -481.603180 -88.635170
135.192993 -479.887390 -88.591675
145.137909 -478.266327 -88.550224
155.275772 -476.626740 -88.103043
165.114532 -475.035583 -86.316566
174.814713 -473.959564 -83.741859
184.410599 -474.306610 -80.551559
193.835541 -474.684021 -76.018005
202.470795 -474.683899 -70.839691
210.142944 -474.683777 -64.025803
215.610428 -474.683624 -55.429420
218.482101 -474.305420 -45.737015
220.268738 -474.344879 -35.780785
221.432709 -477.232422 -17.345919
221.604477 -478.890533 -7.169572
221.353943 -480.510315 2.771417
221.128265 -482.161407 12.905110
220.919205 -482.802368 22.924433
220.703812 -482.810944 33.249676
220.495560 -484.573486 43.230747
220.284546 -486.209351 53.345669
220.077530 -487.817932 63.269390
219.869339 -489.458099 73.250504
219.662750 -491.085693 83.155136
219.452911 -491.038635 93.212692
218.141464 -491.310577 103.358864
213.232910 -491.638062 112.093857
205.718674 -491.309662 118.911995
195.934494 -490.986633 121.822159
185.934357 -491.842712 121.990837
175.760895 -493.499268 122.097939
165.647736 -495.146057 122.381432
155.630127 -496.777283 122.662231
145.497849 -498.427185 122.946251
135.537613 -500.049072 123.225456
125.386169 -501.701965 123.510033
115.502426 -503.311310 123.787109
105.367149 -504.961639 123.905632
95.326721 -506.596527 123.970024
85.228928 -508.240875 124.034775
75.131134 -509.886078 124.099556
65.148079 -511.512787 124.163589
55.241451 -513.127014 124.196716
45.124527 -514.775452 124.131142
35.026752 -516.420593 124.062416
24.833364 -516.374634 123.993050
14.812099 -516.586548 123.924850
4.599587 -516.588196 123.855362
-5.708548 -516.590027 123.785217
-9.705281 -516.963318 133.274384
-12.059755 -516.963318 143.309845
-13.636561 -516.590759 153.437866
-15.835513 -516.590454 163.259125
-21.815825 -516.590393 171.480515
-29.696733 -516.590393 177.968628
-38.797741 -516.590637 182.208298
-48.797466 -516.591187 184.686432
-58.780914 -516.963318 185.654617
-69.026596 -516.963318 185.984024
-79.329666 -516.963318 186.315262
-89.577797 -516.963318 186.514938
-99.636444 -516.963318 186.376221
-109.828491 -516.591492 186.208847
-119.830833 -516.589905 186.179291
-127.674271 -516.589966 179.772064
-135.241196 -516.590088 173.109833
-142.073883 -516.590210 165.702332
-147.031662 -516.590576 156.647049
-150.801178 -516.591797 147.275116
-152.766510 -516.963318 137.361221
-153.269836 -516.963318 127.207512
-153.028748 -516.963318 117.208084
-152.767593 -516.963318 107.151741
-152.500443 -516.669800 96.865982
-152.235336 -516.589478 86.790596
-149.193024 -516.589111 76.836174
-141.432449 -516.589172 70.416290
-131.967117 -516.589539 66.974777
-122.179222 -516.590332 64.200333
-111.941147 -516.592163 62.057819
-101.752144 -516.963318 60.797863
-91.705307 -516.963318 59.995052
-81.595444 -516.963318 59.281219
-71.586555 -516.963318 59.969250
-61.636532 -516.963318 62.303394
-52.006943 -516.592896 65.506279
-56.173420 -516.600342 74.862801
-64.190720 -519.780457 80.487206
-71.898445 -521.090698 86.830292
-79.573013 -521.090759 93.451775
-87.288567 -521.433044 100.113632
-94.801743 -521.433044 107.145226
-99.302338 -521.433044 116.387627
-99.543816 -521.433044 126.613487
-94.799683 -521.433044 135.534515
-86.191872 -521.433044 141.624268
-76.006760 -521.433044 142.037750
-67.376884 -521.433044 136.710876
-61.160572 -521.433044 128.515045
-56.081047 -521.090759 119.506310
-51.387741 -521.090759 110.414322
-46.681408 -521.090759 101.481026
-41.639599 -518.573914 93.180679
-33.725967 -516.593323 86.987396
-23.510584 -516.590942 86.301369
-14.978937 -516.590210 91.915344
-7.475089 -516.589600 98.758102
0.099407 -516.588013 105.665291
7.689806 -516.586487 112.200829
16.434097 -516.585571 117.464188
26.412680 -516.606384 119.453026
36.440399 -516.190369 119.949516
46.530827 -514.546143 120.337143
56.664520 -512.894958 120.536850
66.991524 -511.212189 120.434822
76.937927 -509.591553 120.596542
86.966263 -507.957642 120.676361
96.907372 -506.339203 120.755486
106.851952 -504.719971 120.834610
117.026123 -503.063354 120.915558
126.951668 -501.447144 120.994530
137.164078 -499.784210 121.075783
147.319107 -498.130585 121.156578
157.474152 -496.476990 121.237373
167.648331 -494.820313 121.318314
177.669449 -493.188507 121.398033
187.805328 -491.251221 121.478668
198.055954 -490.998627 121.560219
208.038834 -491.637543 121.639641
217.906708 -491.638519 118.261612
220.130447 -491.442719 108.309814
220.248581 -491.038757 98.102089
218.901657 -491.274719 87.921654
218.684753 -490.226349 77.925591
218.823914 -488.554688 67.752724
218.758636 -486.897064 57.597557
218.693985 -485.270081 47.538021
218.629471 -483.646301 37.497612
218.564941 -482.428680 27.457199
218.499680 -482.877716 17.302038
218.434418 -481.223236 7.146875
218.370773 -479.609100 -2.759670
218.306152 -477.969971 -12.819212
218.241272 -476.324707 -22.917000
218.175888 -474.407013 -33.091290
218.109421 -474.305267 -43.437706
218.044922 -474.683594 -53.478119
217.978821 -474.683777 -63.767151
217.913071 -474.683960 -73.998825
217.847198 -474.532440 -84.249619
217.781067 -474.532440 -94.538658
217.716171 -474.683990 -104.636444
217.651031 -474.683777 -114.772484
217.585663 -474.683594 -124.946777
217.520874 -474.305420 -135.025482
217.455994 -474.343567 -145.123322
217.390839 -475.970123 -155.259399
217.325577 -477.624786 -165.414612
217.260544 -479.273254 -175.531570
217.195389 -480.924866 -185.667633
217.131348 -482.548279 -195.631561
217.066193 -482.428528 -205.767670
217.000793 -483.337769 -215.942032
216.936615 -484.952240 -225.925125
216.873062 -486.551605 -235.812592
216.809402 -488.163391 -245.719177
216.744125 -489.831421 -255.874390
216.679962 -491.463776 -265.857300
216.613571 -491.038422 -276.184479
216.548325 -491.310516 -286.339539
213.186813 -491.638031 -296.059845
203.192444 -491.309448 -298.435425
193.201569 -490.986450 -300.145874
183.193390 -492.289001 -300.639801
172.984024 -493.951324 -300.399200
162.848099 -495.601807 -300.318909
152.769577 -497.242981 -300.239075
142.882324 -498.852936 -300.160706
132.880295 -500.481598 -300.081390
122.648781 -502.147644 -300.000275
112.474632 -503.804321 -299.919647
102.185730 -505.479645 -299.837952
92.202820 -507.104980 -299.758850
82.277275 -508.720612 -299.680145
72.332611 -510.341827 -299.601288
62.336037 -511.970673 -299.897034
52.457176 -513.580383 -300.930511
42.523899 -515.199097 -302.813477
32.726112 -516.795410 -305.484589
22.522266 -516.374939 -308.265930
12.873949 -516.587585 -311.746155
3.688414 -516.589050 -316.090668
-3.652694 -516.590088 -323.202179
-9.755385 -516.590698 -331.391052
-15.766625 -516.590576 -339.457092
-21.892143 -516.590515 -347.676483
-28.456482 -516.590515 -355.537170
-36.227978 -516.590515 -361.893463
-45.466030 -516.590759 -365.770172
-55.636845 -516.592224 -366.156464
-65.866341 -516.963318 -365.962738
-76.135483 -516.963318 -365.821686
-86.404625 -516.963318 -365.680542
-96.635529 -516.963318 -365.539948
-106.789932 -516.963318 -365.400482
-116.810486 -516.590332 -365.262787
-126.900673 -516.589783 -363.824829
-135.690659 -516.589722 -358.818665
-143.110428 -516.589844 -351.938416
-147.926620 -516.590210 -343.039673
-149.664520 -516.590881 -333.184265
-149.664063 -516.963318 -323.104065
-149.398239 -516.963318 -312.742279
-149.206680 -516.963318 -302.588684
-149.015823 -516.963318 -292.473358
-148.822800 -516.963318 -282.243256
-148.630127 -516.590576 -272.032410
-148.101700 -516.589417 -261.849976
-143.123199 -516.589172 -253.042175
-134.496399 -516.589355 -247.585739
-125.846153 -516.589539 -242.343491
-115.902962 -516.590698 -240.158051
-105.705185 -516.963318 -239.731903
-95.419563 -516.963318 -239.459152
-85.305977 -516.963318 -239.190918
-75.020340 -516.963318 -238.918076
-64.715569 -516.963318 -238.644760
-54.582874 -516.592102 -238.376022
-44.488426 -516.590393 -238.108322
-34.496799 -516.589905 -238.853653
-26.008387 -516.589600 -244.475677
-20.250187 -516.589600 -252.804565
-15.390466 -516.589661 -262.047150
-10.646219 -516.589722 -271.069641
-5.857468 -516.589233 -280.176666
0.402182 -516.588013 -288.372772
8.981423 -516.586365 -293.639069
18.408682 -516.374023 -297.257446
28.369312 -516.608521 -299.386139
38.395832 -515.871643 -300.737122
48.523392 -514.221375 -301.310638
58.432228 -512.606812 -300.734985
68.584724 -510.952606 -300.628174
78.701202 -509.304230 -300.736847
88.646172 -507.684204 -300.723663
98.858887 -506.021454 -300.710144
108.822983 -504.398956 -300.696930
118.825340 -502.770264 -300.683624
128.980667 -501.116699 -300.670166
138.944748 -499.494171 -300.656952
148.927948 -497.868561 -300.643677
158.930237 -496.239838 -300.630463
168.932587 -494.611115 -300.617249
179.068802 -492.960571 -300.603851
189.032928 -491.239410 -300.590607
199.167648 -491.309143 -300.516571
209.084732 -491.637634 -298.286652
216.782043 -491.638397 -291.715363
221.482971 -491.310883 -282.610565
221.869781 -491.117432 -272.484802
221.564468 -490.871338 -262.203186
221.480408 -489.208893 -252.086426
221.398270 -487.584442 -242.199097
221.313553 -485.935669 -232.005859
221.228394 -484.277863 -221.755188
221.143524 -482.568695 -211.542770
221.059158 -482.804260 -201.387741
220.974625 -481.828552 -191.213623
220.890411 -480.176971 -181.077713
220.808289 -478.565918 -171.190414
220.724411 -476.920593 -161.092758
220.641632 -475.297089 -151.128937
220.556824 -473.966980 -140.916519
220.471634 -474.305664 -130.665848
220.386292 -474.683685 -120.396080
217.736572 -474.683868 -110.354439
211.390518 -474.684021 -102.240005
202.421341 -474.684113 -97.756851
192.416626 -474.325317 -95.379379
182.434570 -474.306732 -93.985680
172.276962 -473.958618 -92.981461
162.342514 -475.485718 -92.701118
152.206635 -477.125031 -92.790779
142.114700 -478.757385 -93.096123
132.022415 -480.408234 -93.371346
122.039192 -482.048615 -93.403091
111.923286 -482.802673 -93.264656
101.654640 -482.800537 -93.090599
91.615463 -482.800354 -92.920418
81.518913 -483.178436 -92.749275
71.307640 -483.178741 -92.576172
66.936539 -483.178986 -102.014191
63.040852 -483.178772 -111.483505
59.167820 -483.178894 -120.808304
55.213779 -483.179199 -130.328186
51.355106 -483.179382 -139.618515
44.574726 -483.179535 -147.137711
35.243252 -483.179626 -151.101120
25.526556 -483.179718 -154.485519
15.507801 -483.179810 -156.697601
5.415698 -483.179840 -157.809387
-4.633191 -482.834045 -157.754272
-14.650444 -482.833923 -156.454147
-24.530125 -483.179688 -153.403992
-33.379002 -483.179565 -148.745071
-42.193073 -483.179474 -143.976212
-50.874985 -483.179382 -138.980377
-58.370499 -483.179260 -132.064026
-64.644371 -483.179016 -124.249542
-70.637253 -483.178589 -115.935791
-75.968918 -483.178894 -107.383583
-80.418427 -483.178986 -98.275513
-83.149719 -483.178741 -88.352669
-83.160141 -483.178894 -78.058632
-81.243103 -483.178650 -68.216057
-77.705849 -483.178894 -58.733067
-71.762894 -483.179199 -50.686222
-64.523880 -483.179321 -43.455818
-57.126904 -483.179474 -36.166775
-49.900677 -483.179626 -28.950012
-41.854866 -483.179810 -22.693817
-32.795918 -483.179993 -18.307123
-22.961769 -483.180084 -15.805504
-12.991207 -482.834106 -13.981311
-2.779125 -482.834076 -13.815899
7.407488 -483.180115 -15.301225
17.852547 -483.179993 -17.971748
27.227516 -483.179871 -21.471302
36.123726 -483.179657 -26.620827
43.708645 -483.179535 -33.209198
50.810486 -483.179382 -40.676941
57.248466 -483.179230 -48.650517
63.115440 -483.178955 -57.439308
66.538719 -483.178650 -67.122543
65.715172 -483.179016 -77.394272
59.844875 -483.178833 -85.770607
50.640247 -482.833252 -89.808815
40.415001 -482.833191 -91.243629
30.397127 -482.439728 -90.988243
20.416327 -480.844666 -90.774750
10.761800 -476.533783 -90.511185
5.250230 -473.034576 -90.273743
Custom
SetShinyScanDistance 50
2.474722 -473.034546 -90.444939
Wait
20
2.474722 -473.034546 -90.444939
Wait
50
2.608821 -473.034363 -101.221703
