0.831495 -17.439962 -82.970245
2.291413 -19.762323 -92.997124
0.967689 -19.762882 -103.013741
-0.205941 -19.763624 -113.158981
-0.541298 -19.764463 -123.515091
-0.550596 -16.744436 -133.253860
-0.588073 -12.860203 -142.992569
-0.637285 -9.708947 -152.547424
-0.687633 -6.841737 -162.322769
-0.737886 -4.138478 -172.079727
-0.705448 -1.466849 -182.203812
-0.562145 1.004984 -192.069809
-0.604411 3.194614 -201.973785
-0.647363 4.665672 -211.988098
-0.691891 5.036563 -222.369858
-1.720227 5.167594 -232.665085
-1.763100 4.824494 -242.660980
-1.807943 4.105975 -253.116196
-1.862006 2.442922 -263.203949
-2.023271 -0.525040 -273.180145
-2.195323 -2.458622 -283.064240
-2.355162 1.810995 -292.677521
-2.523321 4.866563 -302.466125
-2.704647 4.866563 -312.882996
-2.883414 4.866563 -323.152893
-2.709944 6.580479 -333.037750
-3.348444 11.357147 -341.886841
-4.480922 10.640714 -352.073883
-4.868750 10.640715 -362.355560
-5.104160 11.329274 -372.495850
-5.263717 10.332182 -382.729340
-5.066628 10.332181 -392.796478
-4.783423 10.332181 -402.935547
-4.503296 10.332181 -412.964325
-4.218336 10.332182 -423.121704
-3.627307 10.332183 -433.356171
-2.595691 10.332182 -443.575806
-1.645998 10.332182 -453.635803
-0.319865 10.332181 -463.653442
Wait
50
-0.015759 10.332182 -466.433868
6.562865 10.332181 -474.732666
Wait
50
12.414095 11.323408 -482.236877
2.804265 10.332181 -485.750366
Wait
50
0.389825 10.332181 -486.968506
Custom
Target Primordial 0 30
0.324165 10.332181 -488.794464
Custom
SetShinyScanDistance 25
0.324165 10.332181 -488.794464
Wait
50
0.324165 10.332181 -488.794464
Named
Gatekeeper
StandardNamed
SameLock
DontKillAdd
MoveBehind
0.324165 10.332181 -488.794464
5.489490 10.332181 -497.815277
10.445615 10.332181 -506.828522
14.146171 11.433499 -515.062561
14.157773 12.432055 -525.013550
Custom
SetShinyScanDistance 50
13.962523 11.656512 -535.242004
Custom
CheckShortZone
13.962523 11.656512 -535.242004
13.781720 10.332182 -545.501648
15.736992 10.332181 -555.631287
19.698977 10.332182 -565.004211
24.080683 10.332182 -574.497009
28.277567 10.332181 -583.589355
32.659267 10.332182 -593.082336
37.079475 10.332181 -602.658691
42.126682 10.332181 -611.383118
47.752140 10.332181 -619.991089
54.076515 10.332181 -628.001343
62.242249 10.332181 -633.986450
71.667404 10.332181 -637.568481
81.739090 10.332181 -639.014832
91.886200 10.332181 -639.489441
102.227524 10.332181 -639.769409
112.605614 10.332182 -640.050110
122.726532 10.332181 -640.323914
133.031143 10.332181 -640.602783
143.225601 10.332181 -640.878540
153.860809 10.332182 -641.166443
164.165421 10.332182 -641.445190
174.800201 10.332182 -641.280029
185.036316 10.332181 -640.687744
195.352982 10.332181 -640.257080
205.587051 10.332181 -640.158203
215.845352 11.134777 -639.668213
Wait
20
226.478638 10.640714 -638.385742
Custom
SetShinyScanDistance 0
226.478638 10.640714 -638.385742
Custom
PreHeal
226.478638 10.640714 -638.385742
Custom
Path -PathLines 10 -Precision 5 -TargetSelf -RelayToGroup -GroupWait 20 -DontStopForCombat -JumpAfterEachLoc
226.478638 10.640714 -638.385742
241.830215 11.838666 -637.992126
285.282410 3.895532 -636.554443
335.660126 4.514467 -635.936340
345.076782 4.969556 -635.888428
395.005310 0.156439 -635.768494
445.010315 -2.191644 -635.743225
494.943268 -5.836573 -635.743042
531.652649 -14.591861 -635.078247
565.330872 -16.929260 -636.410156
568.051270 -14.975281 -631.625122
Wait
50
568.051270 -14.975281 -631.625122
Custom
Path -PathLines 7 -Precision 5 -TargetSelf -RelayToGroup -GroupWait 20 -DontStopForCombat -JumpAfterEachLoc
568.051270 -14.975281 -631.625122
549.709595 -16.978504 -654.298218
555.452454 -16.976572 -675.574829
595.419922 -16.971771 -725.989563
671.603943 -16.959457 -741.808472
722.768005 -16.916430 -698.150452
750.415527 -16.971693 -704.733154
697.868774 5.866656 -747.112732
697.895874 5.850511 -747.113953
689.489929 11.044046 -749.567505
680.825378 16.148096 -751.895081
671.842346 20.681629 -753.412964
662.459717 24.874594 -754.433655
652.890015 28.696043 -754.516357
643.227356 32.302914 -752.912048
634.481323 35.117229 -748.629761
624.687378 37.025303 -745.422180
Wait
20
623.418213 37.149727 -745.063232
DontStopForCombat
Named
Barol
StandardNamed
SameLock
DontKillAdd
DontMoveBehind
558.594055 40.506641 -699.764465
StopForCombat
547.533508 47.100780 -689.111816
541.237915 51.858517 -682.678772
535.817566 56.406853 -675.354797
532.744324 60.283512 -666.292542
531.995667 63.871918 -656.564331
531.319031 67.943466 -647.438660
530.590820 71.639473 -637.616699
529.911743 74.842278 -628.159790
530.234070 77.500717 -618.377563
531.284424 80.826591 -608.906067
533.750427 83.365593 -599.480225
537.551147 85.378265 -590.395935
541.628479 86.993797 -581.349854
546.367310 88.515274 -572.623962
Wait
20
552.638611 89.264824 -565.695740
DontStopForCombat
603.634094 91.837494 -509.535400
StopForCombat
614.651611 96.935745 -502.558716
622.494141 101.810074 -498.341370
631.327759 106.607430 -494.632935
640.745728 110.886566 -494.213348
649.810425 115.303894 -494.689270
659.272583 119.244331 -495.286713
668.428162 123.351959 -496.240601
677.360107 127.764023 -497.840820
686.020508 132.251282 -500.349182
694.276611 136.541031 -504.259979
702.338013 139.583466 -509.420349
710.360962 142.412216 -515.129211
Wait
20
716.897522 143.977249 -520.498230
DontStopForCombat
772.509033 147.048401 -573.189148
StopForCombat
787.373474 160.157761 -596.234741
789.680786 164.964874 -604.805359
792.214600 169.883957 -613.806274
794.481567 174.042099 -622.802063
796.255127 178.495392 -632.038513
796.308350 182.590576 -641.600952
794.282288 186.200851 -651.016785
791.056335 189.418121 -660.006348
786.958130 192.897995 -668.940918
782.283447 195.458450 -677.542847
776.124207 197.483398 -685.522522
Wait
20
771.008362 197.861069 -690.968384
Custom
Teleporter 716.852905 198.948303 -720.855713 1 100
771.008362 197.861069 -690.968384
839.364258 340.690369 -804.876526
815.660828 340.690033 -782.565918
791.164978 340.691193 -759.199646
765.890747 337.989838 -734.637207
741.500305 321.152466 -709.805298
710.967957 310.046112 -678.834900
688.639587 309.283508 -657.951233
Named
Auliffe
CustomNamed
672.715759 309.283508 -643.481079
Wait
20
642.966797 309.283508 -615.360046
Custom
ClickActor "Zone to Bottom"
642.966797 309.283508 -615.360046
Wait
50
698.428772 30.853727 -562.018677
Custom
JumpUp 698.428772 30.853727 -562.018677 31.5 210
698.428772 30.853727 -562.018677
Wait
50
699.507751 32.374363 -560.424561
700.413696 32.181145 -558.708313
Wait
50
724.577820 -17.015659 -523.109131
Custom
ExecuteCommand "RI_Var_Bool_Follow:Set[0]"
724.577820 -17.015659 -523.109131
Custom
StopFollow
724.577820 -17.015659 -523.109131
Wait
5
724.577820 -17.015659 -523.109131
Custom
CheckAndSet -Expert 271
0 0 0
Custom
Path -PathLines 10 -Precision 10 -JumpAfterEachLoc -DontStopForCombat -QueryActor "-ActorName|Auliffe Chaoswind's Treasure|-QueryDistance|50|-Trigger|IncomingText:Auliffe Chaoswind's Treasure|-Events|DoubleClick"
724.500183 -17.013721 -523.070007
650.132935 -16.969830 -524.342285
569.476074 -16.971363 -570.742615
549.903442 -16.970055 -633.981140
565.381592 -16.981649 -698.855347
646.108215 -16.953020 -738.150452
707.337158 -16.926237 -717.012146
756.047485 -16.971731 -694.360107
774.599487 -16.974703 -641.484314
749.808777 -16.959780 -572.966492
721.868591 -17.013729 -521.648315
Wait
50
724.577820 -17.015659 -523.109131
Custom
Path -PathLines 13 -Precision 10 -TargetSelf -RelayToGroup -GroupWait 20 -DontStopForCombat -JumpAfterEachLoc
724.577820 -17.015659 -523.109131
641.606140 -16.963076 -528.559509
561.043884 -16.970219 -588.360352
553.823486 -16.959717 -634.107239
518.163635 -10.934662 -634.844055
479.847198 -3.497881 -635.068848
433.207397 -1.887634 -635.113281
394.415863 0.296650 -635.139587
362.633942 5.017281 -635.159424
326.306000 3.732521 -635.180603
297.833374 -0.969206 -635.194580
281.230042 4.866563 -634.588562
242.987762 11.543636 -635.142944
221.427292 10.640715 -636.995483
213.914246 11.843900 -637.231689
Custom
ExecuteCommand "RI_Var_Bool_Follow:Set[1]"
204.025345 10.332181 -637.542664
Custom
SetShinyScanDistance 50
204.025345 10.332181 -637.542664
193.656448 10.332181 -637.868774
183.592575 10.332181 -638.185242
173.546463 10.332181 -638.501099
163.390106 10.332182 -638.820251
153.380707 10.332182 -639.134888
143.296463 10.332181 -639.394836
133.281494 10.332181 -639.482788
123.178604 10.332181 -639.571533
113.019508 10.332182 -639.660767
102.766716 10.332181 -639.750793
92.715988 10.332181 -639.839172
82.499878 10.332181 -639.928894
72.393997 10.332182 -640.017517
61.994640 10.332181 -639.795105
52.212517 10.332181 -637.173462
43.768803 10.332181 -631.752319
38.828827 10.332182 -622.502136
35.185905 10.332181 -613.114563
31.436615 10.332181 -603.452759
27.720547 10.332182 -593.876770
24.024424 10.332182 -584.352173
20.381481 10.332182 -574.964722
16.210749 10.332181 -565.307678
9.707627 10.332181 -557.348206
0.379598 10.332182 -553.648376
-9.794488 10.332182 -553.877136
-17.047287 10.332181 -560.805054
-22.502636 10.332182 -569.386292
-27.296402 10.332181 -578.325012
-32.054985 10.332182 -587.219971
-37.047592 10.332181 -596.552429
-41.788841 10.332182 -605.414856
-46.868118 10.332181 -614.909302
-51.696037 10.332182 -623.933838
-57.514694 10.332181 -632.345947
-67.059067 10.332181 -635.872925
-77.293404 10.332181 -636.494507
-87.454666 10.332181 -636.448120
-98.075310 10.332181 -636.399536
-108.622452 10.332182 -636.351501
-118.925766 10.332181 -636.631592
-129.396271 10.332181 -637.304504
-139.481445 10.332181 -637.956116
-149.511810 10.332181 -638.601746
-160.084946 10.332181 -639.572021
-170.135590 10.332182 -642.487610
-180.307068 10.332181 -642.666931
-191.145523 10.332182 -642.637634
-201.094940 10.332182 -642.502502
-211.033920 11.329274 -642.657532
-221.203522 10.982224 -642.828979
-231.417145 10.640714 -640.741882
-241.389053 11.329275 -639.595032
-250.309586 6.824309 -638.605408
-260.385956 4.866563 -637.487671
-270.453796 4.866563 -636.941650
Wait
50
-270.453796 4.866563 -636.941650
-283.578369 4.866563 -637.334167
-318.151978 1.843947 -637.093140
-359.695404 5.056317 -636.502075
-423.133240 -1.957765 -635.881470
-465.209015 -3.484806 -635.232361
-510.442230 -9.282425 -634.534424
-531.019470 -14.596393 -634.560425
Wait
50
-545.293274 -16.981552 -635.233398
-553.410400 -16.968616 -653.918274
-555.232117 -16.967968 -663.832031
-557.915894 -16.968637 -673.753784
-562.031250 -16.970377 -682.911865
-567.173767 -16.968994 -691.654480
-573.926331 -16.963062 -699.654724
-581.787781 -16.959190 -706.150085
-590.206177 -16.955488 -712.001770
-598.498901 -16.951447 -717.681396
-607.027649 -16.950195 -723.470520
-616.002014 -16.952478 -728.905151
-625.457581 -16.952297 -733.553650
-635.071716 -16.954374 -736.963379
-645.118408 -16.957563 -739.901184
-655.352844 -16.957575 -741.599670
-665.756042 -16.955742 -741.209961
-675.789978 -16.954733 -739.117615
-685.106934 -16.947050 -734.389526
-693.016968 -16.934925 -727.985596
-701.132629 -16.929193 -721.346008
-709.164978 -16.923407 -714.774414
-717.102844 -16.920624 -708.281677
-725.476318 -16.924950 -702.613831
Wait
20
-735.224487 -16.935463 -699.218811
Wait
20
-748.341248 -16.977388 -709.724426
-735.625305 -11.572097 -721.630615
-729.160278 -6.842858 -727.990845
-722.875549 -1.162873 -734.174133
-716.335388 4.151554 -739.993896
-708.701721 9.361818 -744.394287
-700.416748 14.388513 -748.138489
-691.773132 19.116961 -751.069275
-682.636536 23.392761 -752.752258
-673.301636 27.400629 -753.522522
-664.005127 31.248379 -753.448120
-654.225464 34.063515 -752.712280
-644.720947 36.436577 -750.632385
-635.280396 37.875561 -746.685181
-626.183105 37.854015 -742.411682
-616.729614 37.848755 -738.165039
-607.618347 37.842754 -733.431641
-598.520752 37.846859 -728.784546
-591.871948 37.851116 -725.680115
-582.678528 37.855961 -720.820618
-574.749939 38.339577 -714.559937
-567.495911 41.956257 -708.431763
-560.253174 46.256004 -702.514465
-553.281677 51.204140 -696.874695
-546.548950 56.054680 -690.955872
-540.463928 59.958836 -683.798401
-535.415466 63.644615 -675.374390
-531.359253 67.922043 -666.704651
-528.642334 71.480133 -657.685059
-527.883423 74.678627 -648.051453
-528.208496 77.178925 -638.328918
-528.810547 80.484863 -628.608704
-529.450012 83.080711 -618.927856
-531.076172 85.150681 -609.226563
-534.160217 86.766457 -599.724548
-538.285889 88.412872 -590.018738
-542.302856 89.252357 -580.805237
-546.169067 89.902206 -571.154785
-547.651428 89.892403 -561.098083
-550.608582 89.891357 -551.458984
-558.376038 89.887871 -544.598389
-567.042908 89.894379 -538.997742
-573.590942 89.899017 -535.626770
-579.772949 89.904861 -527.535400
-586.012451 91.539558 -519.615051
-592.068787 95.454056 -512.277832
-599.011292 99.373116 -505.945862
-606.873352 103.993217 -500.697388
-615.396729 108.433067 -497.615967
-624.585693 112.933853 -496.085968
-634.359070 117.084061 -495.244873
-643.809998 121.139839 -495.007782
-653.303345 125.412277 -495.908142
-662.589294 130.488983 -497.289124
-671.687622 134.624100 -499.108673
-680.479187 138.250580 -502.316681
-689.317566 141.125854 -507.171265
-697.539185 143.504517 -512.373291
-706.381714 144.652832 -517.784546
-712.829590 144.648453 -525.902710
-714.016968 144.643097 -536.080078
-721.952454 144.635193 -542.239563
-732.057373 144.639084 -543.739563
-742.004395 144.645508 -545.281311
-745.031799 144.647827 -546.299561
-752.802307 144.653549 -552.664734
-760.701050 146.888535 -559.135559
-768.475769 150.712555 -565.504639
-775.651489 155.099731 -571.501770
-781.990173 159.991501 -578.020874
-787.396973 164.667755 -585.464661
-790.579895 169.391418 -593.924927
-792.448608 173.427841 -603.518188
-793.621887 178.121719 -612.572388
-794.215576 182.261398 -621.903931
-793.846924 185.999344 -631.377136
-792.897583 189.232071 -640.954895
-790.386353 192.675461 -650.022095
-786.185486 195.341751 -659.125000
-781.668518 197.316788 -667.833862
-777.570007 197.977341 -677.130859
-773.624084 198.424866 -686.850159
-771.723938 198.419296 -697.108276
-771.611816 198.411270 -707.213196
-773.201477 198.406738 -717.150085
-773.923706 198.412430 -718.660767
-782.094238 199.274399 -724.817810
-789.551941 203.209503 -730.460754
-797.532410 205.686844 -736.448059
-805.553284 207.551498 -742.131653
-813.610352 209.423233 -747.827881
-821.997742 211.106583 -753.757507
-830.324890 211.307098 -759.644653
-838.547119 211.581467 -765.457458
-846.799255 212.273071 -771.291565
-855.036499 212.754745 -777.115112
-863.333740 212.977188 -782.980957
-871.601013 212.831573 -788.825684
-880.138245 213.042267 -794.861328
-888.381348 215.354385 -800.773071
-896.340454 218.377625 -806.539795
-904.224548 220.843704 -812.251953
-912.309753 223.050629 -818.066650
-920.351318 225.044891 -823.784851
-928.617676 226.008270 -829.662720
-936.958801 225.850632 -835.593994
-945.285095 227.346283 -841.514526
-953.281860 230.643539 -847.200745
-961.188660 234.100174 -852.823059
-969.632263 237.584106 -857.818970
-977.663269 241.022278 -863.176392
-985.493958 244.445587 -868.744934
-993.337830 247.803467 -874.323181
-1001.269348 250.797028 -879.963745
-1009.282166 253.207779 -885.701477
-1017.351257 254.463470 -891.492798
-1025.498901 254.505432 -897.488708
-1034.023926 254.505432 -903.142578
-1043.609131 255.933899 -905.865540
Wait
20
-1049.548706 255.933899 -907.614563
-1058.279053 255.933899 -912.881348
-1066.414673 255.910187 -919.301453
-1073.986572 255.516785 -926.285522
-1081.332153 255.639313 -933.107117
-1088.699951 255.454102 -939.949707
-1096.203003 255.169357 -946.917664
-1103.199463 255.044113 -954.481506
-1110.750732 254.992432 -961.335632
-1118.843872 254.837997 -967.658264
-1126.841064 254.789276 -973.879333
-1134.428223 254.843277 -980.440674
-1141.513916 254.925919 -988.189941
-1148.177979 255.052261 -995.822144
-1154.939941 255.181488 -1003.694946
-1161.474121 255.175186 -1011.498779
-1167.976074 255.107819 -1019.269226
-1174.526001 255.186111 -1027.199463
-1180.666138 255.205536 -1035.440674
-1185.634033 255.148575 -1044.233765
-1190.467407 255.104980 -1053.067993
-1195.272461 255.162674 -1061.912842
-1200.040527 256.557495 -1070.869385
-1204.392334 258.357880 -1079.966431
-1208.478027 260.503967 -1089.088135
-1212.623169 262.497894 -1098.082764
-1216.768311 264.736572 -1107.077393
-1221.028809 266.800964 -1116.322388
-1225.158569 268.939911 -1125.283813
-1229.288330 271.195007 -1134.245361
-1233.410400 273.974304 -1143.189575
-1237.555542 276.880005 -1152.184326
-1241.708374 279.621674 -1161.195923
-1245.807373 282.533997 -1170.090332
-1249.767944 285.777222 -1178.684570
-1253.828491 288.734802 -1187.495483
-1258.004395 291.017212 -1196.556763
-1262.134155 292.671326 -1205.518311
-1266.434204 293.719177 -1214.744995
-1271.104980 294.214844 -1223.911377
-1276.275635 294.364624 -1232.849365
-1282.504639 294.548065 -1240.837280
-1289.947876 294.344879 -1247.558350
-1298.320679 294.085266 -1253.441650
-1306.679565 294.324127 -1259.187988
-1315.344238 294.565918 -1264.695313
-1324.321411 294.714783 -1269.295532
-1333.545776 294.419373 -1273.450195
-1343.252563 293.219025 -1275.746948
-1353.305542 291.116089 -1276.950073
-1363.433228 290.638000 -1278.151978
-1373.655640 291.010406 -1278.838989
-1383.667114 291.145660 -1279.062012
DontStopForCombat
-1393.807617 290.875031 -1279.287109
-1403.761353 290.297668 -1281.407227
-1413.683594 290.016205 -1284.574341
-1423.487183 289.587585 -1287.576294
-1433.264526 289.570740 -1290.410278
-1442.958130 289.552185 -1293.268433
-1452.798584 289.390930 -1296.147949
Wait
20
-1454.311401 289.407074 -1296.604370
Named
Lore
CustomNamed
-1454.311401 289.407074 -1296.604370
StopForCombat
-1460.387695 289.450470 -1288.560669
-1468.530273 289.470886 -1282.017212
-1476.186279 289.412750 -1275.180298
-1481.544800 289.300262 -1266.476807
-1484.753662 289.283020 -1256.817017
-1487.724854 289.513977 -1247.182007
-1489.053223 289.960144 -1237.034790
-1490.501831 291.229523 -1227.163330
-1491.965454 292.438843 -1217.312500
-1493.448120 293.027161 -1207.334351
-1494.963013 292.997040 -1197.138306
-1496.469971 292.981934 -1186.996826
-1497.965820 292.797119 -1176.928101
-1499.475586 293.054688 -1166.768311
-1500.998657 293.829590 -1156.517700
-1502.274902 294.816193 -1146.364502
-1502.267334 295.866180 -1136.143677
-1499.468750 297.242218 -1126.566406
-1493.772095 298.809723 -1118.352905
-1487.314819 300.510773 -1110.484497
-1480.909790 302.105225 -1102.337158
-1474.684937 303.656982 -1094.399170
-1468.346680 305.392944 -1086.316406
-1462.144409 307.017426 -1078.407227
-1455.862549 308.750366 -1070.396606
-1447.290161 310.163025 -1064.749634
-1437.858032 311.773285 -1061.224487
-1428.180542 313.140320 -1057.317261
-1418.703613 313.116882 -1053.356201
-1409.345215 313.015015 -1049.444824
-1400.037598 313.110504 -1045.554688
-1390.560425 312.916168 -1041.593750
-1381.235596 313.435333 -1037.696655
-1371.961670 314.036652 -1033.820679
-1362.637207 314.372162 -1029.923462
-1353.194336 314.866486 -1025.976440
-1343.819092 315.455017 -1022.057861
-1334.341064 316.109619 -1018.401733
-1324.745361 316.773163 -1015.616943
-1314.862427 317.550323 -1013.177368
-1304.738892 318.327393 -1010.716187
-1294.965942 319.136078 -1008.368103
-1284.920898 319.983673 -1006.052979
-1275.170898 321.011719 -1003.717590
-1265.434814 322.152618 -1001.283691
-1255.765381 323.498627 -998.829346
-1245.845459 325.700226 -996.311462
-1236.437378 328.562164 -993.732910
-1227.075562 331.380341 -990.792969
-1217.611816 334.339752 -987.811279
-1208.136475 337.231262 -984.805847
-1198.567261 340.160858 -981.613281
-1189.209229 343.057068 -978.315002
-1180.092529 345.819031 -975.049927
-1170.822021 348.346497 -971.671143
-1161.685547 350.864349 -967.898621
-1152.388672 353.443024 -963.663757
-1143.428833 355.698792 -959.486572
-1134.186035 357.780823 -955.177185
-1124.859863 359.578339 -950.829224
-1115.400513 361.445740 -946.418945
-1106.007813 362.995117 -943.021484
-1096.138916 364.308685 -939.519958
-1087.023438 365.399658 -935.342712
-1077.845215 366.252014 -930.427185
-1067.663940 367.334045 -929.566895
Wait
20
-1063.516846 367.334045 -928.932373
-1054.720459 367.642975 -923.884216
-1046.818481 367.161346 -917.746887
-1039.478882 367.722382 -910.669739
-1032.007202 365.572083 -904.371582
-1026.057129 365.731049 -895.930786
-1017.928467 364.791107 -889.572327
-1009.383728 363.519043 -883.579712
-1000.847900 362.113708 -877.965515
-992.416626 360.349823 -872.326965
-984.189575 358.677734 -866.713928
-975.735107 357.273438 -860.945435
-967.477966 356.669006 -855.311462
-958.841370 356.836151 -849.418579
-950.553833 355.674255 -843.763855
-942.114685 353.411743 -838.005737
-934.024475 351.214813 -832.485840
-925.975952 348.606049 -826.716858
Custom
TordenTowerCyclone
-918.760559 346.709259 -821.109253
Wait
50
-814.319824 345.658600 -743.030762
Custom
RIMObj.follow
-814.319824 345.658600 -743.030762
-804.972961 343.026306 -738.414673
-797.329590 339.180542 -733.203918
-790.241089 334.591644 -727.469727
-783.149170 329.518768 -721.840027
-774.972412 329.692230 -715.831482
-767.352234 325.757019 -710.233521
-759.843506 320.925446 -704.717590
-752.892273 315.589233 -699.611084
-745.420898 310.932281 -694.122070
-737.049744 310.684357 -688.122681
-728.517273 310.441803 -682.546082
-720.147217 310.419739 -676.410583
-712.036926 309.283508 -670.414673
-703.946289 309.283508 -664.366455
-695.757202 309.283508 -658.244812
-687.518616 309.283508 -652.086548
-679.470398 309.283539 -646.136414
-671.289246 309.283508 -640.133179
-662.943604 309.283508 -634.173767
Named
Gaukr
CustomNamed
-659.077087 309.283508 -631.439575
Custom
MoveToActor Gaukr
-659.077087 309.283508 -631.439575
-649.141907 309.283508 -630.093445
-639.385803 309.283508 -627.540100
-629.716187 309.283508 -624.247864
-620.234985 309.283508 -620.763367
-611.275757 312.369141 -617.538940
-613.107056 309.283508 -627.124756
-615.077148 309.283508 -637.033752
-616.838379 309.283508 -646.939087
-618.208496 309.283508 -656.945496
-619.847168 312.701172 -668.712158
-627.701965 309.283508 -673.935425
-636.232483 309.283508 -679.225708
-644.539490 312.040558 -684.260559
-648.464844 312.710022 -686.591797
-657.524475 309.283508 -683.735596
-667.522949 309.283508 -681.221191
-677.359375 309.283508 -679.409668
-687.419739 309.745575 -677.864075
-694.013672 312.326294 -676.551331
-698.991638 309.283508 -668.326477
-704.687073 309.283508 -659.826172
-710.581604 311.968018 -651.958313
-712.188416 312.353882 -649.823853
-710.215332 309.283508 -640.358948
-708.460510 309.283508 -630.215515
-706.891907 309.283508 -620.238403
-705.288086 310.724762 -610.111206
-704.417664 312.384186 -604.703613
-696.851563 309.283508 -598.759399
-688.917053 309.283508 -592.574951
-680.910889 311.852875 -586.450562
-677.107239 312.541565 -583.585144
-667.834167 309.283508 -585.875427
-657.774353 309.283508 -587.646362
-647.859070 309.283508 -589.094238
-637.753113 310.843323 -590.134155
-631.665283 312.386017 -590.822815
-628.922119 309.283508 -600.104553
-628.865540 309.283508 -600.328308
Wait
20
-662.650940 309.283508 -635.807068
Custom
CheckAndSet -Expert 956
0 0 0
Wait
20
-618.827637 309.283508 -601.925293
Custom
ClickActor "Zone to Bottom"
-618.827637 309.283508 -601.925293
-596.940186 -16.965157 -723.806335
-587.740234 -16.972818 -719.250305
-579.319763 -16.976881 -713.439880
-573.275024 -16.971939 -705.113586
-567.435486 -16.974482 -696.797913
-561.880554 -16.976698 -687.964355
-556.774841 -16.977724 -679.051636
-551.848328 -16.979170 -669.835022
-548.504944 -16.983902 -660.287109
-546.756042 -16.984272 -650.151611
Custom
WaitForLastNamedChest Gaukr
-545.248901 -16.981670 -635.253784
Custom
PathHarvest 68 50 1 0 0 0 "Gaukr Sandstorm's Treasure" "IT-Gaukr Sandstorm's Treasure" 1
-545.248901 -16.981670 -635.253784
-547.128174 -16.981222 -625.405212
-549.255615 -16.979879 -615.439819
-551.560791 -16.978043 -605.562866
-554.428711 -16.976967 -595.719849
-558.530029 -16.977896 -586.565918
-563.326050 -16.976833 -577.608398
-569.323730 -16.973675 -569.515320
-577.518005 -16.969204 -563.421814
-585.770752 -16.964203 -557.462036
-594.170105 -16.958834 -551.520264
-602.600159 -16.958797 -545.980347
-611.183899 -16.961260 -540.339478
-619.814758 -16.962400 -535.157227
-628.849854 -16.963028 -530.452209
-638.509033 -16.967693 -527.068726
-648.307373 -16.970198 -524.476868
-658.111206 -16.971474 -522.347534
-668.203918 -16.973742 -521.852173
-678.358521 -16.973333 -523.671265
-688.167725 -16.969210 -526.936707
-697.377319 -16.964403 -530.915161
-706.717896 -16.966036 -535.187866
-715.467957 -16.965139 -540.303772
-724.037109 -16.962626 -545.964600
-732.168518 -16.962992 -552.296448
-739.237976 -16.963444 -559.698486
-745.287048 -16.960777 -567.679565
-751.276062 -16.958580 -575.885986
-756.805725 -16.962000 -584.235352
-762.299744 -16.964808 -592.934937
-767.251526 -16.967503 -601.742249
-771.291504 -16.973722 -611.176392
-773.955566 -16.976591 -621.056213
-774.649048 -16.974178 -631.200134
-773.561646 -16.971861 -641.200989
-771.340515 -16.971106 -651.169373
-768.557312 -16.967863 -660.961243
-765.368042 -16.964809 -670.821045
-761.812744 -16.968271 -680.338196
-756.703308 -16.967295 -689.282898
-750.289307 -16.962082 -697.232727
-741.070007 -16.950077 -701.691650
-731.073181 -16.936760 -703.797852
-721.478333 -16.925467 -706.627563
-712.545471 -16.918909 -711.364380
-704.436401 -16.924334 -717.513794
-696.610168 -16.929989 -723.924622
-688.755615 -16.938707 -730.300415
-680.361511 -16.950577 -736.635071
-672.189697 -16.961498 -742.570862
-663.241516 -16.968817 -747.144531
-653.377808 -16.977592 -749.719727
-643.109436 -16.978727 -748.496826
-633.874512 -16.972158 -744.224365
-624.720703 -16.966223 -739.602478
-615.541077 -16.966782 -735.242981
-606.869507 -16.964903 -730.082336
-598.401489 -16.964071 -724.603577
-590.596130 -16.965813 -718.093262
-583.627441 -16.963873 -710.405151
-576.972778 -16.961349 -702.825989
-570.819458 -16.964407 -694.803528
-564.901367 -16.967663 -686.149719
-560.050842 -16.967936 -677.186096
-555.527893 -16.968882 -667.932007
-551.497009 -16.975513 -658.688293
-547.854919 -16.980909 -648.874146
-546.490540 -16.982357 -643.797302
-545.234497 -16.981699 -635.154602
-545.234497 -16.981699 -635.154602
ReturnLOCS
-534.726685 -15.318713 -635.239990
-524.933167 -13.288730 -635.234680
-515.057007 -10.422195 -635.229370
-505.098572 -8.093855 -635.223816
-494.937164 -5.836232 -635.218262
-484.996155 -4.055595 -635.212769
-475.018433 -3.334239 -635.207458
-464.802185 -3.467770 -635.256653
-454.678009 -2.727957 -635.340149
-444.645508 -2.171586 -635.422668
-434.411011 -1.913702 -635.507141
-424.397064 -1.938216 -635.589661
-414.107452 -1.930739 -635.674500
-403.781097 -1.093392 -635.759644
-393.803864 0.446209 -635.841858
-383.587738 2.772050 -635.926086
-373.500214 4.467310 -636.009155
-363.081970 5.011438 -635.628967
-352.976135 5.238113 -635.712402
-342.686462 4.886839 -635.797180
-332.654083 4.279979 -635.879944
-322.695343 2.951474 -635.962158
-312.865051 0.048647 -636.043152
-303.108368 -3.125623 -636.123657
-293.710968 0.595023 -636.482544
-284.522583 4.564595 -637.448425
-274.080933 4.866563 -638.646851
-264.013397 4.866563 -639.881592
-254.000626 4.866563 -641.109680
-245.448929 10.106365 -642.033997
-235.427948 11.329274 -642.803955
-225.253464 11.329275 -643.131042
-215.023636 11.329274 -643.451294
-204.774841 10.332181 -643.748779
-194.632004 10.332182 -643.806763
-184.360550 10.332182 -643.862000
-174.254425 10.332181 -643.916687
-163.964600 10.332182 -643.972229
-153.619675 10.332181 -644.028198
-143.366592 10.332181 -644.083618
-133.297211 10.332181 -644.137939
-123.172707 10.332182 -644.192566
-113.103355 10.332181 -644.246887
-102.905396 10.332181 -644.302002
-92.615540 10.332181 -644.357544
-82.509445 10.332181 -644.412354
-72.455765 10.332182 -643.623901
-63.051559 10.332181 -640.163391
-55.266979 10.332181 -633.778442
-48.755169 10.332182 -625.958862
-44.415852 10.332181 -616.660645
-40.398281 10.332182 -607.307068
-36.395222 10.332181 -597.987244
-32.435669 10.332182 -588.768799
-28.454390 10.332181 -579.499634
-24.422348 10.332181 -570.112488
-20.084330 10.332181 -560.866333
-13.555460 10.332181 -553.230225
-3.851787 10.332181 -550.037781
-2.722731 11.433500 -537.716125
-1.641624 12.303693 -527.660461
-0.541704 10.332182 -517.429626
0.327011 10.332181 -507.380768
0.855707 10.332182 -497.214752
1.364395 10.332182 -487.084503
1.879534 10.332181 -476.825714
2.156506 10.332181 -466.582275
1.760063 10.332182 -456.336548
1.376197 10.332182 -446.255981
1.115934 10.332182 -435.895966
0.892571 10.332182 -425.865906
0.662662 10.332181 -415.541931
0.439299 10.332181 -405.511871
0.207754 10.332181 -395.114380
-0.955485 10.332182 -384.906708
-7.225891 10.509551 -377.093994
-11.318330 11.638589 -367.802887
-8.355421 11.329274 -357.829742
-6.514282 11.329274 -347.794891
-5.473375 9.945438 -337.669189
-5.059117 4.866563 -328.730469
-4.800114 4.866563 -318.646606
-4.530690 4.866563 -308.581573
-4.585496 4.203395 -298.494415
-4.679981 0.320271 -289.252380
-4.709043 -2.939820 -279.532257
-4.565407 0.456462 -270.033752
-4.266630 3.128312 -260.005554
-3.841762 4.344978 -250.037079
-3.364529 4.923988 -239.776505
-2.898394 5.249677 -229.754562
-2.428845 5.000859 -219.659149
-1.955881 4.409944 -209.490356
-1.484624 2.644584 -199.358276
-1.018489 0.346683 -189.336304
-0.547233 -2.252326 -179.204178
-0.384717 -4.852232 -169.467804
-0.354889 -7.699834 -159.361710
-0.435138 -10.612277 -149.678436
-0.514931 -13.974216 -140.050308
-0.594420 -17.641945 -130.458893
-0.678020 -19.764215 -120.371368
-0.761619 -19.763407 -110.283844
-0.845067 -19.762726 -100.214706
-0.930341 -18.965557 -89.925049
-1.012419 -16.792553 -80.021271
-1.094953 -15.684291 -70.062378
-1.140410 -13.077706 -59.882813
-0.958362 -9.394341 -50.384762
-0.651514 -6.279668 -40.577381
-0.277711 -3.566694 -30.956150
-0.111274 -2.129313 -20.925940
-0.372784 -1.620801 -10.915051
Wait
20
-0.501408 -0.318971 -3.326305
