Song of Healing
Custom
HailActorGetQuest -Actor "Khazla Aradir"
5.701726 9.607423 -219.199387
13.353455 10.258049 -234.623459
18.172176 10.280779 -243.639709
25.089539 11.275054 -250.832428
32.355408 13.903889 -257.227142
39.617439 16.666925 -263.626190
46.060398 17.657524 -271.613708
47.390049 18.818708 -281.758209
45.432476 20.380127 -291.507202
40.505306 22.333324 -300.381378
34.540981 24.485348 -308.226288
27.825827 27.709314 -315.347839
20.159872 29.538902 -321.937683
12.040528 30.457636 -328.137573
3.992759 32.382988 -334.267334
-5.168609 31.809040 -338.804474
-15.339627 32.000153 -339.953766
-25.500647 32.039303 -340.750122
-35.636826 31.073523 -342.021820
-45.828194 30.048719 -343.333160
-55.775761 30.443779 -344.925201
-65.620949 30.447062 -346.875519
-75.123116 30.445673 -350.230042
Custom
ClickActor "jharin_assemblage_door"
-80.600159 31.907764 -359.406464
-86.170731 31.184568 -372.846832
Custom
HailActor "Jama Kharhir" 4
-98.737160 31.117773 -376.452271
Wait
20
-84.435974 31.511192 -370.172699
Custom
ClickActor jharin_assemblage_door
-81.840927 31.904316 -363.327454
-76.525406 30.445791 -349.873108
-66.591713 30.447063 -347.448303
-55.738560 30.444801 -345.900543
-45.578732 30.047407 -345.664307
-35.563431 31.003868 -345.779633
-25.288774 31.888355 -345.898285
-14.980726 31.908066 -345.316040
-5.280803 32.456570 -342.848572
2.447464 32.240856 -336.497467
9.655901 31.139616 -329.343170
16.863659 30.273914 -322.444977
24.033918 27.407171 -315.565247
30.477121 24.639750 -308.398651
35.614250 22.342445 -299.786377
40.639519 20.682102 -291.154297
45.648354 18.888628 -282.550446
44.313545 17.426731 -272.656403
38.783710 16.460348 -264.010376
31.407631 13.554266 -257.635345
23.643940 10.812382 -251.560486
15.630062 10.418631 -245.257416
10.051014 10.073716 -236.849060
7.314771 9.444036 -226.948700
6.020669 9.694339 -216.725723
5.658016 9.733022 -206.498123
5.522832 8.151630 -196.470032
6.337145 6.990795 -186.538300
8.858992 7.122420 -176.753235
12.043505 7.214027 -167.022522
15.095589 7.248682 -157.347443
18.104805 7.273178 -147.808304
21.151781 7.255003 -138.149414
24.165329 7.281723 -128.596466
27.207579 7.280646 -118.952591
30.273743 7.265795 -109.232903
33.282501 7.290186 -99.695175
36.406063 7.271971 -89.793526
39.424385 7.273438 -80.225487
42.457062 7.292541 -70.611961
45.532787 7.266290 -60.861938
48.570248 7.281134 -51.233166
51.641193 7.290929 -41.498249
54.697784 7.264855 -31.808823
57.711330 7.287324 -22.255867
60.758358 7.282572 -12.596767
63.834087 7.267752 -2.846697
66.857300 7.291301 6.736572
69.875748 7.272503 16.304686
72.965950 7.274193 26.100256
75.638252 7.292672 35.821068
76.655846 7.266400 45.838905
77.297455 7.281205 55.851276
77.945602 7.291114 65.958824
78.594917 7.264812 76.098190
79.242210 7.287396 86.205826
79.889519 7.282420 96.313454
80.537827 7.267800 106.436943
81.183105 7.291357 116.512833
81.822273 7.272762 126.493523
82.325218 7.273543 136.529358
82.800232 7.292665 146.550812
83.683319 7.266838 156.528656
84.595383 7.280129 166.519974
85.748108 7.141290 176.548187
Wait
20
98.534103 7.236475 183.822891
Custom
ClickActor TintFlags-2306
92.684166 11.726194 184.071594
85.378014 7.063891 171.429291
92.849548 7.189583 164.517654
102.913994 7.226893 165.278091
112.541069 7.239901 168.666580
121.863426 7.276550 172.625885
130.844604 7.261722 177.144974
139.295105 7.271894 183.006027
147.249466 7.289866 189.504333
155.319901 7.263864 195.776794
163.366226 7.283236 201.769775
171.463455 7.287877 207.800903
179.662918 7.265368 213.907410
187.734863 7.289264 219.918991
195.921570 7.277497 226.016052
203.714218 7.270535 232.611877
210.345184 7.292336 240.366058
216.074081 7.268277 248.814316
221.054657 7.278562 257.725006
225.868164 7.292291 266.753876
231.305313 7.751265 275.185913
235.332809 10.067261 277.003052
235.452652 13.430272 280.867126
Custom
ClickActor TintFlags-2306
231.155182 15.699362 282.731262
237.299301 13.335376 275.129211
242.670456 7.414906 268.807281
249.211807 6.990733 261.187042
255.984589 7.135550 253.446518
263.161316 7.214975 246.076096
270.282135 7.221630 238.762253
277.211090 7.264687 231.291245
283.982635 7.269877 223.674149
290.775757 7.261107 216.033615
297.442200 7.287786 208.535767
304.098114 7.270372 201.049774
310.385254 7.272934 193.065781
315.686157 7.292152 184.416977
321.037720 7.265714 175.687149
325.694061 7.281844 166.640045
329.889557 7.290187 157.351685
334.085419 7.265059 148.063553
337.656860 7.288482 138.468430
338.269379 7.279833 128.432709
337.138000 7.269319 118.255867
336.010620 7.292076 108.110512
334.903015 7.270052 98.138908
Custom
ClickActor TintFlags-2306
333.446442 10.574734 87.557373
331.524231 10.278619 75.856186
330.062775 6.930113 66.452072
328.208588 7.076674 56.510437
325.183563 7.190465 46.877712
321.388367 7.219871 37.475227
317.236023 7.242100 28.187510
313.557800 7.276747 18.665426
309.861908 7.258093 9.099030
306.177765 7.275854 -0.437819
302.573853 7.288806 -9.767015
298.889740 7.263428 -19.303854
295.222778 7.286110 -28.796198
291.607422 7.283057 -38.155052
287.986389 7.266757 -47.528740
284.353760 7.290745 -56.932087
280.738373 7.273900 -66.290955
277.123016 7.272404 -75.649864
273.496124 7.292557 -85.038452
269.834839 7.267286 -94.516014
266.190765 7.279778 -103.949081
262.581116 7.292107 -113.293190
258.809967 7.264936 -122.759995
254.703476 7.286338 -132.105301
250.610046 7.284377 -141.421722
246.573776 7.266770 -150.607117
242.492722 7.290772 -159.894394
238.411682 7.274245 -169.181671
234.337067 7.272790 -178.454376
230.511993 7.292690 -187.849258
226.759430 7.267163 -197.171143
222.917267 7.279963 -206.559402
219.063232 7.291908 -215.874222
215.280930 7.265049 -225.303513
211.603287 7.286375 -234.689270
214.044296 7.170500 -246.840393
214.923706 7.139022 -258.450623
Custom
ClickActor TintFlags-2306
203.990921 14.292856 -256.665833
215.409119 7.021080 -254.465225
220.745071 7.155273 -245.911133
220.311493 7.226944 -235.676224
217.884491 7.228234 -225.744919
215.461960 7.267277 -215.828705
213.031677 7.273193 -205.881683
210.646698 7.261026 -196.120010
208.265503 7.287574 -186.373795
205.888077 7.272480 -176.643036
200.681473 7.272500 -167.732834
192.855637 7.292167 -161.196091
182.703323 7.265759 -161.050308
172.754562 7.281283 -162.196060
162.877762 7.290760 -164.449631
152.619110 7.264988 -167.138916
142.822037 7.288475 -169.707275
133.031982 7.280002 -172.300888
123.447136 7.269116 -175.857468
113.868896 7.291907 -179.100647
104.199478 7.269950 -182.371933
94.665596 7.275890 -185.597290
84.981102 7.292591 -188.873657
75.386993 7.265420 -192.119446
65.807922 7.283595 -195.360153
56.153530 7.288724 -198.626328
46.453941 7.265530 -201.907776
Custom
ClickActor TintFlags-2306
30.771202 8.903622 -210.002380
Custom
HailActor "Khazla Aradir" 1
5.957650 9.589174 -219.076843
