The new "Travels" of Yun Zi - Disenchanting the Enchanted
Custom
HailActorGetQuest -Actor "Yun Zi"
2293.067139 -199.600708 2503.755615
2286.846436 -201.533981 2495.791992
2281.081299 -203.601303 2487.661621
2273.990234 -204.920242 2480.524170
2264.815674 -206.535019 2476.674805
2254.926514 -208.031464 2474.526611
2244.828613 -209.303467 2473.898438
2234.634521 -210.116547 2473.597412
Custom
ClickActor "Ulteran Spire Portal"
2227.550537 -210.246826 2473.358643
Custom
TravelMap "Enchanted Lands"
2227.550537 -210.246826 2473.358643
-391.556580 33.751266 76.133133
-350.394257 33.751266 47.159935
-309.339935 33.751266 18.262959
-268.220673 33.751266 -10.679857
-226.905975 44.277565 -37.247555
-184.452576 44.277565 -63.897972
-141.982407 44.277565 -90.558945
-99.411674 44.277565 -117.283325
-56.942188 44.277565 -143.943939
-14.068515 44.277565 -169.810806
29.824961 44.277565 -194.342361
73.701195 44.277565 -218.864227
117.403938 44.277565 -243.289108
161.280167 44.277565 -267.811066
206.413055 44.277565 -289.563873
252.422028 44.277565 -309.803680
299.495422 44.277565 -327.050079
346.374969 28.624769 -335.560272
Custom
FlyDown
385.779297 4.513424 -338.114441
Wait
50
411.419861 -1.422467 -338.189758
417.513550 -1.457780 -346.123932
423.955048 -2.429584 -354.402557
430.315002 -5.330126 -361.688141
436.859222 -2.854523 -369.145386
443.470154 -2.592132 -376.678894
Wait
50
445.257935 -2.448217 -378.716156
445.257935 47.811043 -378.716156
425.282471 54.886559 -424.175385
405.045593 54.886559 -470.229553
381.043945 59.889713 -513.858093
357.183990 73.001923 -556.137817
332.608826 73.001923 -599.686218
309.363464 73.001923 -644.333496
287.668823 73.001923 -689.410767
263.561218 73.001923 -733.478699
239.027130 72.866959 -777.162598
214.644684 52.314812 -815.782959
Custom
FlyDown
195.038025 32.519890 -844.880310
Wait
50
171.235977 33.482594 -869.609009
171.235977 83.509605 -869.609009
123.659592 90.876442 -855.662537
75.596771 90.876442 -841.572693
27.457699 90.876442 -827.460327
-20.757559 90.876442 -813.325439
-68.763084 90.876442 -799.252319
-116.844955 90.876442 -785.156982
-163.726944 90.876442 -767.061890
-209.499054 90.876442 -746.637329
-255.397583 90.876442 -726.295715
-301.133270 90.876442 -706.026672
-346.941772 90.876442 -685.725403
-382.588531 61.879314 -665.433167
Custom
FlyDown
-385.112793 58.222305 -662.997559
Wait
50
-395.611328 24.873934 -647.907837
-395.611328 74.891907 -647.907837
-426.537384 81.244644 -686.957153
-461.632568 81.244644 -722.832520
-498.676758 81.244644 -756.539124
-535.677917 81.244644 -790.205078
-572.782898 81.244644 -823.964355
-614.972656 81.244644 -850.809692
-656.646240 81.228004 -878.481873
-693.020508 55.087215 -901.227905
-726.705505 25.513075 -923.738586
Custom
FlyDown
-737.898621 17.610416 -929.905151
Wait
50
-782.030090 3.952628 -930.224854
-782.030090 54.263897 -930.224854
-767.135010 60.385410 -882.739929
-759.523193 60.385410 -833.171936
-754.046204 45.217342 -785.809875
-756.621582 23.324770 -740.798401
Custom
FlyDown
-764.242126 10.208112 -707.846985
-776.264465 -1.619512 -689.533569
-783.715515 -1.875919 -669.776367
Wait
50
-770.359680 -1.903274 -661.602051
-770.359680 48.141724 -661.602051
-722.093811 55.197365 -650.405945
-673.362976 55.197365 -639.102112
-624.419739 55.197365 -627.749390
-575.456787 55.197365 -616.391907
-526.469421 55.271915 -605.459839
-481.098267 75.733833 -598.259644
-431.616486 75.733833 -590.382935
-384.241028 75.733833 -574.060730
-344.956085 50.041977 -556.072144
Custom
FlyDown
-316.865417 27.978540 -545.277100
-280.325378 -2.635897 -529.354004
Wait
50
-252.354172 -2.471637 -516.810547
-252.354172 47.617065 -516.810547
-205.588257 58.188873 -501.637482
-158.571991 58.188873 -484.275238
-112.033699 58.188873 -465.975189
-66.223228 58.188873 -445.339203
-22.993988 58.188873 -420.157257
19.753120 58.188873 -393.866730
62.551132 58.188873 -367.544922
105.264580 58.188873 -341.275238
147.893143 58.188873 -315.057617
191.943893 47.645287 -293.589630
Custom
FlyDown
226.502808 17.815990 -280.276031
Wait
50
267.293884 1.915451 -262.749542
267.293884 51.994152 -262.749542
221.414230 56.267109 -242.733948
175.124863 56.267109 -222.539871
129.126999 56.267109 -202.472931
84.552826 56.267109 -179.673248
41.912064 56.267109 -153.071564
-0.932281 56.267109 -127.169975
-43.844646 56.267109 -101.227585
-86.756981 56.267109 -75.285141
-129.601242 56.267109 -49.383858
-173.151520 56.267109 -24.411703
-217.872192 56.267109 -1.416516
-263.555237 53.744385 19.171179
-306.769226 36.922554 38.223885
-349.834503 18.886484 56.518414
Custom
FlyDown
-376.332458 4.904667 68.361450
Custom
ClickActor "Ulteran Spire Portal"
-390.463287 -1.059905 74.858749
Custom
TravelMap "Sundered"
-390.463287 -1.059905 74.858749
2228.482910 -210.240921 2476.342285
2238.449707 -209.901215 2475.082764
2248.573486 -208.786575 2473.717529
2258.535889 -207.873322 2472.423096
2268.330566 -206.047714 2474.048340
2276.447266 -204.737625 2480.119873
2281.881348 -203.435287 2488.512695
2287.185059 -201.266434 2496.943359
Custom
HailActor "Yun Zi" 7
2293.511963 -199.569763 2503.786133
