Yet more "Travels" of Yun Zi - Eternally Eternity
Custom
HailActorGetQuest -Actor "Yun Zi"
2297.971924 -199.830200 2499.526367
2266.599365 -206.370743 2474.495850
Custom
ClickActor "Ulteran Spire Portal"
2221.818848 -210.240768 2473.924561
Custom
TravelMap Feerrott
2221.818848 -210.240768 2473.924561
Custom
ZoneDoor "To Eidolon Jungle"
-85.916138 13.609533 175.284897
-90.635963 13.709023 177.872284
-90.635963 63.891129 177.872284
-136.839157 71.960396 196.094772
-183.431168 71.960396 214.470276
-230.134079 71.960396 232.889465
-276.818848 71.960396 251.301346
-323.559570 71.960396 269.735107
-370.226593 71.960396 288.139679
-416.819489 71.960396 306.515045
-463.578735 71.960396 324.956085
-510.301178 71.960396 343.382507
-557.080383 71.960396 361.830841
-603.767273 71.960396 380.242706
-650.361694 71.960396 398.618073
-697.104065 71.960396 417.051788
-743.735413 71.960396 435.441772
-790.440674 71.960396 453.860931
-837.164551 71.960396 472.287323
-883.814331 71.960396 490.684570
-930.371704 71.960396 509.045349
-975.602966 83.892090 526.885864
-1008.678040 119.448250 539.932434
-1041.637573 154.876999 552.932251
-1074.665161 190.375824 565.957886
-1091.585083 237.245148 572.375793
-1091.585083 287.269592 572.375793
-1091.585083 309.573761 572.375793
-1139.175537 309.573761 588.556885
-1183.163086 331.581909 598.356079
-1231.986572 330.478027 609.094727
-1261.328735 290.982544 618.875366
-1310.209717 285.184937 628.725586
-1328.021729 238.960205 635.519958
Custom
FlyDown
-1328.021729 233.832993 635.519958
-1328.029053 218.231079 635.520569
Custom
PathHarvest 15 35 1 1 1 0 "701" "I have seen the Fearcreep in Eidolon Jungle and got proof I was there" 1
-1328.029053 218.231079 635.520569
-1327.439209 218.563431 625.534607
-1327.982056 218.789169 615.295776
-1332.705688 218.296387 606.472473
-1340.534058 218.072525 600.215576
-1349.466919 218.078293 595.371033
-1359.618774 218.099823 594.485840
-1368.131226 218.045471 599.874573
-1373.547119 218.119644 608.382751
-1374.827271 217.974640 618.408508
-1371.207275 216.591644 627.646729
-1364.165649 216.950516 635.290955
-1355.957886 217.849075 641.245361
-1346.451050 217.687653 644.936401
-1336.532715 216.439362 647.281616
-1326.405640 217.007843 648.466492
-1327.902710 218.235123 635.666565
-1327.902710 218.235123 635.666565
Wait
1
-1327.902710 218.235123 635.666565
-1326.924316 268.279572 635.328003
-1280.076416 276.309113 619.426331
-1232.689941 276.309113 603.339844
-1185.132690 276.309113 587.197083
-1137.780029 276.309113 571.124939
-1090.370850 276.309113 555.033325
-1043.000366 276.309113 538.430115
-996.152344 276.309113 520.767883
-949.288025 276.309113 503.098755
-903.517761 262.922729 487.523010
-859.505920 243.402786 473.380890
-815.446228 223.861633 459.223389
-770.933105 205.775711 444.788452
-724.170532 198.086639 428.733917
-677.316040 190.382523 412.648010
-630.460938 182.678299 396.561920
-583.386780 174.937988 380.400513
-536.605530 167.245895 364.339539
-490.735535 157.178589 346.704865
-443.920166 154.973114 329.036987
-396.904877 152.925598 311.384064
-350.056671 150.885361 293.794067
-303.059601 148.838669 276.148376
-256.154968 145.776794 258.640594
-210.222397 137.669052 239.933121
-174.146835 108.321831 221.223190
-141.210342 74.485016 204.524551
-106.725662 42.225395 187.545181
Custom
FlyDown
-70.852020 21.231485 168.876770
Custom
ZoneDoor "To Feerrott"
-65.509071 13.704029 167.370834
Custom
ClickActor "Ulteran Spire Portal"
-65.039444 14.958296 169.105423
Custom
TravelMap "Obol Plains"
-65.039444 14.958296 169.105423
96.390076 37.923378 -320.489319
96.390076 88.172150 -320.489319
136.515656 93.629837 -290.861237
178.507767 93.463821 -263.445526
221.172791 93.455154 -237.031097
263.841309 93.446526 -210.614532
306.493408 93.437828 -184.208374
349.094727 93.429138 -157.833542
396.656677 96.018448 -141.965775
443.201904 114.907539 -141.425385
493.251190 114.907539 -137.741119
543.260437 114.907539 -134.059753
590.198303 131.821579 -130.179474
640.046875 128.190002 -126.024147
689.877197 124.264458 -122.198219
739.776855 120.395241 -118.370705
758.250916 113.415764 -72.323830
770.734192 111.904404 -23.686634
780.255310 97.765778 23.325857
Custom
FlyDown
773.347229 94.092979 31.382883
770.206604 85.373505 80.585144
Custom
PathHarvest 15 35 1 1 1 0 "702" "I have completed my searches for souvenirs from the Ethernere" 1
769.764465 85.129875 79.915352
779.247925 83.914421 76.152939
776.647888 81.510460 66.602051
773.570190 79.253365 57.097019
769.881348 77.554337 47.935394
766.134583 77.303444 38.666870
765.558411 77.275894 28.576532
770.773438 77.302605 19.783264
774.489990 77.774117 10.449872
778.676392 78.232994 1.374627
783.105957 79.438614 -7.764628
788.288086 81.178558 -16.409136
787.067078 79.600914 -6.508336
791.251770 78.825897 2.795908
798.592102 78.512489 9.812700
804.784302 78.829514 17.750082
769.926453 85.034706 79.644051
769.926453 85.034706 79.644051
Wait
1
769.926453 85.034706 79.644051
770.604004 127.200027 78.978241
769.062317 127.198547 28.758070
767.512207 126.871086 -21.371723
765.861389 122.713219 -71.314514
728.873596 121.164505 -105.176109
680.540466 121.164505 -119.046989
632.245544 121.164505 -132.906967
582.121155 121.164505 -132.793076
532.059570 121.164505 -132.149124
482.719086 130.341522 -131.514740
435.361176 146.581665 -130.464539
385.199860 146.581665 -129.819672
334.979340 146.581665 -129.174377
284.859039 146.581665 -127.728821
235.616486 146.581665 -117.068321
186.564514 146.581665 -106.466309
136.408234 146.581665 -102.051392
86.469322 146.581665 -98.497063
36.292702 146.581665 -94.925819
-13.765070 146.581665 -91.363052
-63.783043 146.581665 -87.803177
-113.798866 145.637100 -84.151680
-163.598450 142.665787 -78.564125
-213.260452 139.661987 -70.945587
-262.661316 136.474899 -63.360607
-312.155853 132.200165 -55.614006
-361.222107 128.195724 -45.302773
-409.385620 124.512138 -32.321297
-457.871765 119.835106 -20.706005
-506.433899 114.295525 -8.948445
-554.976685 108.637199 2.756882
-596.207153 81.352150 11.907807
-626.775330 78.324432 11.995806
Custom
FlyDown
-626.775330 78.324432 11.995806
Custom
WaitForZoning
0 0 0
-2394.155762 201.312759 745.303162
Wait
1
-2394.155762 201.312759 745.303162
-2394.155762 251.381882 745.303162
-2349.293457 258.139313 766.405151
-2303.846191 258.139313 787.841064
-2273.174316 258.139313 827.412720
-2250.956299 258.139313 872.465332
-2233.917725 258.139313 919.794250
-2219.287842 283.871613 960.441589
-2202.685303 289.933899 1007.216919
-2185.710205 289.933899 1054.358887
-2140.403076 289.933899 1075.888062
-2090.360107 289.933899 1080.402100
-2040.211548 289.933899 1080.644775
-1991.025146 289.933899 1070.202515
-1942.051514 289.933899 1059.806030
-1896.613770 289.933899 1038.806396
-1850.767212 289.933899 1018.813354
-1804.787598 289.933899 998.524170
-1760.707520 289.933899 974.768860
-1723.676392 289.933899 940.986267
-1687.816040 302.590027 908.254150
-1650.948364 303.490143 874.064270
-1608.455200 303.490143 847.116760
-1563.662109 303.490143 824.443665
-1518.851563 303.490143 801.761536
-1474.058105 303.490143 779.088440
-1429.229004 303.490143 756.397400
-1384.328979 303.490143 733.670715
-1339.620972 303.490143 711.043213
-1294.929321 303.490143 688.424438
-1250.077637 303.490143 665.725159
-1205.440186 303.490143 643.133240
-1160.752319 303.490143 620.514160
-1116.135620 303.490143 597.930786
-1071.253052 303.490143 575.212830
-1026.477173 303.490143 552.548706
-982.327209 296.106689 529.992493
-939.652161 281.291382 508.101624
-898.749329 261.186371 487.439545
-857.717957 241.018250 466.712921
-816.464355 220.740433 445.872345
-775.175842 201.127365 424.969971
-731.914368 188.575226 402.528656
-688.823303 176.072617 380.177124
-643.706909 163.533463 361.862427
-598.452637 150.994110 343.872620
-551.795166 147.871902 325.323608
-505.195770 147.871902 306.797516
-458.709778 147.871902 288.315613
-412.168335 147.871902 269.811615
-365.534515 147.871902 251.271225
-318.831573 146.574203 232.785980
-272.347870 142.934418 214.535324
-225.679718 139.280212 196.212509
-185.890503 120.866371 171.784515
-147.418320 88.860626 169.876968
-109.545677 55.832523 168.257568
-67.519295 28.636911 168.204651
Custom
FlyDown
-66.625313 28.204571 168.242432
Custom
ZoneDoor "To Feerrott"
-62.840042 13.705720 168.245483
Custom
ClickActor "Ulteran Spire Portal"
-63.656517 14.958297 168.332474
Custom
TravelMap Sundered
-63.656517 14.958297 168.332474
2257.195068 -208.012985 2472.435791
Custom
HailActor "Yun Zi" 3
2297.421387 -199.830261 2499.669922
