A Gnollish Plan Afoot
Custom
HailActor "General Golias Sydwen" 5
476.349457 3.502500 -24.736134
467.157318 -0.093770 -22.510622
457.995911 -4.715248 -22.421646
448.085266 -7.068042 -22.786692
438.903748 -11.698985 -23.124870
428.631989 -12.247863 -23.296701
418.207642 -12.247180 -23.186991
408.158661 -13.533910 -23.033880
398.608948 -16.179531 -24.652834
391.693542 -17.061867 -32.293137
389.383789 -16.458847 -42.334633
389.184814 -15.899595 -52.468395
390.279724 -15.504235 -62.491234
391.742096 -15.401000 -72.415321
393.237488 -15.474432 -82.543037
394.938812 -16.175858 -92.422867
397.518616 -19.203888 -101.666084
400.554565 -22.915258 -110.634842
403.803955 -23.705854 -120.105423
407.530060 -23.215546 -129.573700
412.287109 -21.062038 -138.700089
417.170288 -18.956823 -147.462524
422.097443 -17.510159 -156.286362
426.988098 -17.105185 -165.044724
431.742737 -16.912977 -173.979095
436.063477 -17.254198 -183.135895
440.392212 -17.841141 -192.309631
444.744995 -19.026793 -201.534210
449.027100 -20.389908 -210.791702
453.312958 -20.932217 -220.088928
457.591125 -20.886400 -229.369064
461.830078 -20.607979 -238.564041
466.076965 -20.179483 -247.713806
471.205536 -19.763882 -256.521332
477.316772 -19.552662 -264.776978
484.936584 -19.767130 -271.850098
493.247772 -20.320538 -277.395630
Custom
ZoneDoor zone_to_qey_elddar
502.277435 -20.881912 -281.413635
515.009460 -20.731251 -286.730743
524.016296 -20.704451 -291.203369
533.118713 -20.742554 -296.262299
542.000671 -20.953600 -301.199219
551.007629 -21.264856 -306.221375
559.976501 -21.775660 -310.744354
569.319275 -21.776104 -314.519318
578.903748 -21.238312 -317.357544
588.795349 -20.619854 -319.454773
598.710449 -20.055916 -320.878937
608.677246 -19.194115 -322.304688
618.551331 -18.111774 -323.720520
628.647034 -17.086519 -325.791016
638.449036 -16.657299 -328.800262
648.362366 -17.122343 -332.086395
658.666870 -16.835453 -334.383484
668.520203 -17.004374 -336.129517
676.414734 -15.846808 -342.397797
683.033447 -15.440972 -350.256897
689.599915 -14.766860 -358.110504
695.288635 -14.451115 -366.417175
699.695984 -14.968542 -375.647034
702.372070 -14.312469 -385.618225
702.527405 -14.261838 -395.780975
702.015259 -14.286972 -406.230927
701.669678 -15.385188 -416.330078
702.120239 -16.666765 -426.312653
704.611023 -16.050934 -436.285828
708.058411 -19.299908 -445.214478
713.533264 -20.822493 -453.592041
721.057007 -21.512304 -460.275909
729.627625 -22.137142 -465.629303
738.654480 -22.311800 -470.498444
747.398987 -22.311800 -475.408203
755.596985 -21.820614 -481.214752
763.301208 -21.799089 -488.214355
769.992249 -21.799089 -495.862976
776.539673 -21.799089 -503.607452
782.272949 -22.330282 -511.973633
787.481628 -22.972795 -520.631775
792.510559 -22.585192 -529.289734
797.553711 -22.265368 -537.939270
802.627930 -21.919140 -546.987793
807.176331 -21.644442 -555.905640
Custom
ZoneDoor zone_to_qey_village05
810.245789 -21.503889 -562.270020
815.423767 -21.125582 -570.875183
821.717346 -21.272776 -578.704163
827.372070 -19.977095 -586.866455
829.306763 -19.509119 -596.765808
830.370911 -20.193079 -606.711121
832.688293 -21.419809 -616.400391
836.770508 -21.765766 -625.749451
841.353271 -22.480778 -634.821716
842.889160 -21.715729 -644.880493
845.306335 -19.982792 -654.538147
847.899353 -20.734924 -664.193726
849.536804 -21.077578 -674.120483
850.957336 -20.607073 -684.024353
850.614441 -20.607073 -694.063049
846.481323 -20.607073 -703.193665
841.408569 -20.607073 -711.921936
836.616943 -20.607073 -720.748962
833.168823 -20.607073 -730.268860
830.538330 -20.607073 -739.963867
829.775269 -20.607073 -749.939697
831.544373 -20.685814 -759.702087
Custom
HailActor "Keterin Bowkite" 3
835.077087 -20.305185 -759.044373
831.039124 -20.596043 -749.741821
829.957275 -20.607073 -739.787231
830.276489 -20.607073 -729.702087
835.138062 -20.607073 -720.912292
840.762817 -20.607073 -712.496460
846.394409 -20.607073 -704.163452
851.050110 -20.607073 -695.214722
851.014221 -20.607073 -685.082031
849.146973 -20.969873 -675.262024
846.957214 -20.902399 -665.361450
844.270447 -19.978695 -655.705200
843.801697 -21.579544 -645.804260
844.216248 -22.378651 -635.774292
844.381592 -21.766464 -625.692871
846.642639 -20.542206 -615.808655
854.213562 -20.137205 -609.106750
863.697815 -18.827103 -605.954224
872.353027 -18.168449 -600.819946
Custom
ZoneDoor "gnoll burrow"
875.470459 -17.412388 -599.584167
995.726379 -21.373175 -672.840149
1004.450378 -18.872643 -677.390137
Custom
ClickActor papers 1
1008.602722 -18.923889 -679.886963
1004.554199 -18.578142 -670.655334
1006.036316 -18.995152 -660.631531
1010.795593 -18.999992 -651.725708
1015.522339 -19.005899 -642.739258
Custom
ClickActor door_castle_right01
1016.776123 -19.001093 -636.053955
1013.126282 -18.814594 -626.625549
1008.906311 -20.529072 -617.667786
1003.560059 -22.854609 -609.373413
998.127258 -23.765398 -600.994873
992.563477 -24.050749 -592.629272
985.464905 -23.570686 -585.357483
977.638855 -23.464859 -579.067871
969.651306 -23.645838 -572.898315
960.792480 -23.141747 -568.209839
951.255676 -22.782143 -564.785400
941.894531 -20.474031 -562.027771
931.961365 -20.356396 -560.841675
921.898438 -20.785246 -561.010803
912.189697 -18.289490 -561.163940
902.621948 -15.379422 -561.081604
Custom
ClickActor mariner_bell_city_travel_qeynos
896.300476 -12.783217 -559.496155
Wait
50
896.300476 -12.783217 -559.496155
Custom
TravelMap "North Qeynos"
896.300476 -12.783217 -559.496155
417.812439 -26.842743 -46.811790
410.141449 -24.998283 -53.246067
408.204193 -20.979843 -62.203033
404.636047 -19.769911 -71.506531
402.648041 -19.767977 -61.679352
402.291168 -19.775263 -51.505558
401.268921 -16.530613 -41.691067
398.291382 -16.546368 -32.082512
394.446075 -17.029724 -22.695961
403.398743 -15.452353 -17.691790
412.924591 -12.192667 -16.671150
423.161041 -12.247806 -17.850397
433.379669 -12.247897 -17.789097
443.279205 -9.476711 -17.780315
452.574432 -4.997500 -17.921255
462.456970 -2.501102 -17.353521
471.818481 2.223030 -16.912321
Custom
HailActor "General Golias Sydwen" 4
476.257050 3.502500 -24.189919
