Of The City Guard
Custom
HailActor "Recruitment Officer Brandit" 5
389.301208 -17.706499 -11.135858
391.891235 -17.538876 -21.187271
395.505035 -16.560036 -30.122242
401.098145 -16.529850 -38.731129
407.403351 -18.017908 -46.587440
415.549530 -21.524918 -51.377316
Custom
ClickActor mariner_bell_city_travel_qeynos
420.560791 -26.840256 -46.803566
Wait
50
420.560791 -26.840256 -46.803566
Custom
TravelMap "Qeynos Harbor"
420.560791 -26.840256 -46.803566
998.990479 -25.133286 22.327471
994.180359 -25.116329 15.004094
983.977600 -25.080597 15.266305
973.494019 -25.489733 16.037039
963.576904 -25.477619 18.692535
953.575989 -25.495195 21.766088
943.807312 -25.545546 24.397295
933.541626 -25.497505 23.815388
923.443726 -25.487907 21.426880
914.131653 -25.480265 17.730024
908.758423 -25.467588 9.034260
906.099670 -25.368990 -0.676887
903.463196 -25.368990 -10.413817
900.763123 -25.375246 -20.386028
898.136536 -24.255997 -30.086761
895.480469 -23.441336 -39.896080
892.152893 -25.360720 -49.618317
885.594849 -25.360720 -57.252808
876.746033 -25.360720 -62.122551
867.948425 -25.380554 -67.106575
864.176514 -25.412756 -76.735970
Custom
ZoneDoor "zone_to_qey_village03"
864.251465 -25.414761 -83.426254
Custom
ExecuteCommand "RIMUIObj:BalanceTrash[0]"
865.538025 -24.956499 -102.619713
875.555237 -24.936848 -101.158607
885.204285 -22.382971 -99.696190
892.713867 -22.306324 -106.305611
Custom
PathHail 5 20 1 1 1 "Enraged Qeynos Guard" "Locate the missing guards and get them to snap out of the aggression (1/3)" 5 1
899.530701 -22.299061 -109.893379
896.475769 -22.609789 -100.262344
892.750366 -22.609789 -90.954826
898.285095 -22.609789 -99.314819
903.582458 -22.218773 -107.847908
910.447083 -20.842600 -115.093193
899.742371 -22.297445 -109.292686
899.742371 -22.297445 -109.292686
889.837463 -22.300453 -105.340752
880.502380 -24.968805 -102.375053
870.498230 -24.939884 -100.817062
860.642456 -24.920197 -102.852684
851.129822 -24.404633 -106.219810
845.309387 -22.601040 -114.351387
Custom
PathHail 7 20 1 1 1 "Enraged Qeynos Guard" "Locate the missing guards and get them to snap out of the aggression (2/3)" 5 1
845.613220 -22.804846 -121.760468
847.165588 -25.313650 -131.454147
850.316650 -24.271502 -140.897629
853.329407 -24.168522 -150.524521
843.432129 -24.536045 -152.227921
833.402832 -25.006191 -152.089355
823.306091 -25.005299 -151.944214
815.090332 -25.471878 -151.826126
845.527710 -22.782604 -121.082535
845.527710 -22.782604 -121.082535
846.753418 -25.019531 -130.813309
850.455627 -24.287901 -140.129044
854.090271 -24.174599 -149.588120
845.690552 -24.493002 -155.034683
839.904419 -25.072950 -163.211823
848.174500 -24.182325 -168.846313
857.806396 -22.673853 -171.452377
867.840454 -21.955275 -171.981430
877.499939 -23.207920 -168.848541
Custom
HailActor "Enraged Royal Antonican Guard" 5
882.550110 -23.227037 -165.180313
Custom
ClickActor "Relic of Rage"
884.112671 -23.227037 -166.174011
Wait
50
884.112671 -23.227037 -166.174011
875.664551 -22.662476 -171.551620
865.659058 -21.622982 -172.100937
856.079163 -23.093979 -169.545441
846.739197 -24.625893 -166.029739
837.133545 -25.042669 -162.915833
827.617310 -25.077927 -159.443558
818.272095 -25.495504 -155.765625
Custom
ClickActor "Relic of Rage"
815.578979 -25.488623 -154.557648
Wait
50
815.578979 -25.488623 -154.557648
825.257446 -25.404108 -157.675461
835.182922 -25.474098 -155.753387
844.772461 -24.441696 -153.079437
854.195862 -24.174925 -149.724167
853.229248 -24.188564 -147.208771
844.057617 -22.143724 -143.500748
834.974060 -20.933842 -139.252197
Custom
ClickActor "Relic of Rage"
833.135742 -20.933720 -138.003113
Wait
50
833.135742 -20.933720 -138.003113
836.113342 -20.933722 -128.434189
831.716064 -20.968462 -119.422508
835.751160 -19.594545 -110.338753
839.899780 -16.239624 -101.644402
Custom
ClickActor "Relic of Rage"
847.086853 -20.902229 -97.214798
Wait
50
847.086853 -20.902229 -97.214798
855.201538 -21.695887 -103.072937
864.698486 -24.967592 -104.143661
874.502747 -24.945244 -101.867989
884.145081 -22.906961 -99.885803
888.070923 -22.260870 -99.235031
891.035339 -22.302980 -108.810387
Custom
ClickActor "Relic of Rage"
887.394226 -22.178766 -109.296310
Wait
50
887.394226 -22.178766 -109.296310
890.084656 -22.310886 -111.735718
900.032715 -22.298914 -109.990570
909.982666 -22.402285 -111.758896
919.887573 -22.402285 -113.785126
Custom
ClickActor "Relic of Rage"
922.951538 -22.402285 -114.355782
Wait
50
922.951538 -22.402285 -114.355782
913.093445 -22.402285 -112.189667
903.346375 -22.295938 -109.816895
893.666321 -22.296085 -106.803879
884.280457 -24.002645 -103.759201
874.569824 -24.936487 -100.968567
865.080017 -25.453966 -97.852943
Custom
ZoneDoor "zone_to_qey_harbor"
864.806702 -25.453966 -98.518555
Custom
ExecuteCommand "RIMUIObj:BalanceTrash[0]"
864.229614 -25.414320 -77.684990
861.025085 -25.408482 -67.932770
867.361023 -25.393314 -59.988708
876.907532 -25.500267 -57.007851
886.352234 -25.403316 -53.520126
894.614563 -25.039354 -47.376034
899.839783 -23.397745 -38.833843
903.015625 -25.335415 -28.878410
904.984253 -25.368990 -18.528336
906.771912 -25.368977 -8.162601
908.589355 -25.410942 2.274017
911.498230 -25.488358 12.069410
918.168274 -25.469498 19.739090
927.035889 -25.506145 24.568800
936.960388 -25.505026 27.115629
947.186707 -25.527159 25.513569
956.711060 -25.495195 21.464499
966.222290 -25.478134 18.112562
976.134888 -25.486567 15.983658
986.157104 -25.091675 15.285097
994.898865 -25.101807 15.891201
998.957520 -25.392033 25.289511
Custom
ClickActor mariner_bell_city_travel_qeynos
995.273743 -25.886728 30.595289
Wait
50
995.273743 -25.886728 30.595289
Custom
TravelMap "North Qeynos"
995.273743 -25.886728 30.595289
421.519989 -26.834080 -44.150002
413.741516 -26.556873 -50.512276
408.106384 -22.932114 -58.250938
405.936218 -19.767714 -67.665352
403.776764 -19.770372 -57.695240
402.403168 -18.037996 -47.683495
400.045044 -16.530323 -37.898407
395.830566 -16.457695 -28.310080
391.680237 -17.600574 -19.016159
Custom
HailActor "Recruitment Officer Brandit" 2
388.543640 -17.755594 -10.809162
