Protecting the Innocent
Custom
HailActor "General Golias Sydwen" 7
476.419891 3.502500 -24.585865
466.144653 -0.601156 -21.894732
456.880066 -4.997529 -21.221359
447.116150 -7.549023 -20.943060
437.670044 -12.192668 -20.673820
427.624146 -12.248117 -20.387487
417.539124 -12.247323 -20.263309
407.451843 -13.945565 -21.112925
397.815399 -16.521576 -19.611185
391.934662 -17.355316 -11.159442
391.214203 -16.862650 -1.189804
393.400757 -16.191734 8.733309
396.273254 -15.292407 18.579000
399.532410 -14.723348 28.103941
403.214355 -14.249954 37.574276
404.618835 -13.812607 47.687733
404.614655 -13.781333 57.766075
402.941498 -13.821011 67.703949
400.503906 -14.697594 77.666306
398.066986 -15.840013 87.590218
395.706055 -17.518557 97.204575
393.808929 -19.243715 107.104858
393.004242 -20.187439 117.271507
393.084991 -21.044943 127.449982
393.745667 -21.183537 137.628113
394.438538 -20.840145 147.694031
Wait
20
394.558105 -20.820890 152.243149
404.892029 -20.861374 153.543121
413.919952 -20.939816 158.285263
418.115265 -20.937328 167.693954
422.812561 -20.957069 176.586914
427.499939 -20.907167 185.686661
433.074036 -20.560398 194.011902
439.441345 -20.520433 201.884079
446.043182 -20.641596 209.805252
452.980225 -20.916189 217.279541
460.320618 -21.255438 224.164474
468.098755 -20.722425 230.762405
476.721344 -21.122803 235.823990
486.024323 -20.526339 239.560547
496.019531 -19.950428 242.136230
506.153992 -19.546085 243.579407
516.201111 -19.094845 242.780792
526.198608 -18.576622 242.316833
536.398193 -18.204929 242.300064
546.710632 -17.795057 242.318893
556.723083 -17.681620 242.299911
567.031982 -17.793530 242.041977
577.404297 -17.915298 241.210861
587.769897 -18.000990 240.288269
597.726501 -18.127100 239.073624
607.723511 -18.265079 237.472092
618.520691 -18.468945 235.649109
628.597656 -18.817816 233.380936
638.716797 -19.117073 230.874878
648.597595 -19.140768 228.419327
658.379883 -19.246321 226.041763
668.403870 -19.548546 225.770752
676.442871 -19.521120 231.790939
678.691589 -19.537142 241.810806
681.710083 -19.719767 251.546066
683.106140 -20.492144 261.485565
Custom
HailActor "Rendyl" 6
679.585022 -20.522074 269.545044
Custom
ZoneDoor zone_to_qey_village01
679.585022 -20.522074 269.545044
667.244751 -20.277842 280.137878
667.519836 -19.954647 290.173676
667.817871 -20.220661 300.291809
668.076233 -20.347551 310.435852
668.307983 -20.434566 320.456635
661.903748 -20.907520 328.149902
664.411194 -22.596806 337.794159
668.573425 -24.463480 346.738983
664.841675 -24.842520 356.101074
659.325562 -24.686192 364.538391
651.532715 -24.733833 370.867249
643.326843 -24.769173 376.690033
633.568115 -25.023855 379.480438
623.812012 -26.041094 381.810974
Custom
HailActor "a Nettleville citizen" 4
616.922791 -26.401423 384.166382
611.280884 -26.441446 375.871429
606.799438 -24.262596 367.149872
604.616516 -20.756756 357.969696
602.689148 -20.724098 348.063446
592.924622 -20.340195 345.845764
Wait
20
585.762329 -19.179527 350.599091
575.941589 -19.279888 348.345551
Custom
HailActor "a Freeblood refugee" 4
575.373230 -19.186012 350.854279
568.852295 -18.883425 358.326172
Wait
20
570.680908 -19.070091 363.908997
580.055176 -18.610502 367.370453
589.751099 -18.493025 369.917084
Custom
HailActor "a Freeblood refugee" 4
595.903503 -18.984756 371.604065
586.212952 -18.820087 369.113312
576.530090 -19.210123 366.354553
567.905701 -19.159983 361.291901
572.654175 -18.998749 352.444611
581.891479 -18.999874 348.339172
591.704712 -20.300142 346.085968
601.629517 -20.723778 347.532227
605.615479 -20.717321 356.759125
606.862000 -23.865578 366.195923
612.750000 -26.384523 374.009216
622.480957 -25.511744 371.829498
632.021179 -22.817139 370.246552
635.901550 -22.309153 370.151245
644.378906 -24.840809 365.183411
647.362976 -24.844545 359.172882
Custom
HailActor "a Freeblood refugee" 4
645.759705 -24.844545 357.532654
652.990234 -24.774712 364.574554
662.623901 -24.752506 361.470673
670.266357 -24.792479 354.863953
676.049805 -23.651434 346.696014
678.227844 -20.425383 337.375702
676.580627 -20.557606 327.410431
672.380737 -20.425623 318.192780
668.669617 -20.268110 308.873077
665.685181 -20.289738 299.240784
656.899048 -20.421661 295.580078
Custom
ClickActor door_widget1
654.224121 -20.397207 293.883575
650.945496 -20.422108 289.709167
Wait
50
655.624634 -20.422106 282.770203
Custom
HailActor "a Freeblood refugee" 6
655.624634 -20.422106 282.770203
644.963684 -20.422108 286.712860
Custom
HailActor "a Freeblood refugee" 6
643.509399 -20.422106 287.582092
651.996338 -20.422108 285.313812
Custom
ClickActor door_widget1
652.726685 -20.422108 291.457306
653.663147 -20.423100 297.992981
663.638306 -20.363209 299.134064
667.625977 -19.957548 289.932800
667.786682 -20.278248 279.938782
Custom
ZoneDoor zone_to_qey_south
668.871948 -20.377037 275.397095
686.494385 -20.501762 262.473297
683.999878 -19.887207 252.647064
681.420776 -19.503477 242.788513
677.487061 -19.498880 233.416519
669.145996 -19.472530 227.617584
658.716980 -19.080957 227.831146
648.688477 -19.045351 229.980133
638.629089 -19.060488 232.164444
628.752930 -18.760965 234.308929
618.765686 -18.404289 236.285583
608.724792 -18.185463 238.183578
598.720459 -18.081463 239.605164
588.541077 -18.008972 240.285355
578.192444 -17.904074 241.070267
568.209839 -17.826235 241.841751
557.835693 -17.678202 242.316666
547.654846 -17.774704 242.376190
537.627075 -18.156012 242.116745
527.618713 -18.499575 241.831711
517.404236 -18.992016 241.540802
507.095978 -19.517729 241.247238
496.675171 -19.910648 240.950470
486.554291 -20.451990 240.662262
476.370728 -21.165754 239.740173
467.128601 -21.896408 235.781921
458.190796 -21.877491 230.768173
450.566376 -21.050146 223.552734
445.491852 -20.640991 214.856277
440.266022 -20.450314 206.320175
435.538300 -20.527422 197.472260
433.728149 -20.702272 187.504196
431.415222 -20.764746 177.608459
428.139801 -20.865532 167.880081
420.910553 -20.919981 160.893936
412.199249 -20.933556 155.774185
402.540924 -20.826445 152.272812
Wait
20
394.273315 -20.836004 150.688110
393.925720 -20.988157 140.682114
393.556976 -21.256340 130.067917
393.207397 -20.368347 120.005829
393.681946 -19.576729 109.933197
395.822998 -17.969553 99.963287
398.100311 -16.204651 89.924576
400.348633 -14.909549 80.013878
402.535736 -13.962151 70.281647
403.785095 -13.840086 60.095173
404.070404 -13.697955 49.994419
402.867523 -14.152193 40.058826
400.798370 -14.606094 29.898643
398.774475 -15.106550 19.977989
396.147186 -15.960727 10.024165
392.771515 -16.707256 0.597878
391.068085 -17.365309 -9.309114
397.301910 -16.613815 -17.355072
406.614777 -14.309705 -20.280416
416.485413 -12.247854 -20.688326
426.628754 -12.247830 -20.739033
436.994629 -12.192668 -20.126755
446.218170 -7.998456 -19.094284
455.830658 -4.997044 -17.996479
465.367249 -1.014970 -17.351360
474.505432 3.502209 -18.712400
Custom
HailActor "General Golias Sydwen" 2
476.349457 3.502500 -24.736134
