The Heart of Qeynos
Custom
HailActor Antonia 11
36.038437 0.053524 27.839119
32.694347 0.005530 18.262177
26.151051 0.005530 10.572314
16.370007 0.005530 7.813913
7.831038 0.005529 2.482522
Custom
ZoneDoor "door_exit"
2.023990 0.005529 -4.944675
478.615906 3.645792 -20.032452
468.740479 0.696049 -20.808968
459.382629 -4.011523 -21.243422
445.734436 -8.241797 -20.804667
435.817139 -12.192667 -20.483385
425.474823 -12.247269 -20.148331
415.288818 -12.239346 -19.589773
405.282837 -14.980298 -18.370970
395.904785 -16.866230 -14.440366
393.435974 -16.935373 -4.600633
393.948425 -16.451778 5.377559
395.165039 -15.506228 15.667967
398.649719 -14.860990 25.459686
402.814270 -14.314538 34.984009
407.248627 -14.037732 44.342056
413.010437 -13.870242 52.968140
419.401276 -13.984325 60.676727
426.373688 -14.417047 68.233871
432.531860 -15.022970 76.132172
Custom
ZoneDoor "qey_catacomb_entrance01"
440.962067 -16.661507 85.450378
-97.555756 -0.506547 -99.741882
-87.737701 -0.733673 -101.924652
-77.946785 -0.733673 -99.172234
-68.165009 -0.113224 -96.828941
-58.614433 -0.088807 -93.529259
-57.408340 -0.071169 -83.498466
-54.202316 -0.089699 -73.847786
-49.425507 -0.086987 -64.964409
-40.185345 -0.126457 -69.008293
-31.041204 -0.108330 -73.144684
-23.040977 -0.092156 -79.242966
-15.784088 -0.140845 -86.222412
-8.947214 -0.114907 -93.543388
-1.911332 -0.115916 -101.077248
5.071896 -0.033115 -108.600159
Wait
20
5.943708 -0.065474 -109.166290
13.310956 0.130358 -102.363579
20.946955 0.118425 -95.898422
23.630056 0.168897 -93.201019
22.283302 -0.986131 -83.160500
21.959940 -0.242815 -73.039467
18.240175 -0.090520 -63.582047
8.502824 -0.107000 -61.241550
Wait
20
6.599613 -0.074230 -61.985897
Custom
HailActor Lachlyn 6
5.074296 -0.087426 -65.807205
5.777946 -0.092539 -59.899933
15.662841 -0.109568 -61.506191
21.279346 0.118630 -69.840096
21.633917 -0.734638 -79.915596
21.278898 0.293545 -89.932861
20.102697 0.139050 -99.876221
11.671084 0.116670 -105.491257
Wait
20
5.588940 -0.032286 -108.585655
-1.464717 -0.112105 -101.485870
-8.559374 -0.135590 -94.347710
-15.556746 -0.144709 -87.141159
-22.613573 -0.087842 -79.964119
-30.106144 -0.071445 -73.339447
-38.671646 -0.099751 -67.970589
-48.614738 -0.142728 -66.357651
-55.770210 -0.068037 -73.490997
-58.167435 -0.070035 -83.247528
-58.747295 -0.097373 -93.395164
-68.394203 -0.113224 -96.911232
-78.459312 -0.718080 -97.961128
-88.435326 -0.446692 -99.571968
Custom
ZoneDoor "zone_to_qey_north"
-100.375771 -0.113225 -97.559105
432.036652 -15.647879 82.441635
422.394226 -14.830871 78.599106
412.603912 -14.397968 75.571342
402.713806 -14.244150 73.527130
392.596588 -14.461462 72.501122
382.336548 -15.201244 71.460640
372.121613 -16.786573 70.409393
362.461945 -18.996626 68.652809
353.274414 -21.053625 65.034874
344.934326 -21.329090 58.993393
337.168701 -21.442423 52.252377
329.511017 -21.737129 45.083759
322.008759 -22.048035 38.025669
314.462921 -21.643396 31.037598
307.085449 -21.392811 24.284908
299.210388 -20.905487 17.213669
291.491699 -20.789017 10.488498
283.914673 -21.282696 3.630057
275.995941 -21.306240 -2.515353
266.776886 -21.032944 -6.789598
257.558563 -21.050579 -11.252030
248.218811 -21.278790 -14.916057
238.525269 -21.504416 -18.435942
Custom
ZoneDoor "zone_to_antonica"
226.554871 -21.803400 -21.094711
158.869217 -21.155228 -21.566292
148.805756 -21.184742 -20.621481
138.296982 -21.189287 -19.699881
128.093658 -21.160469 -19.468534
117.843918 -21.131517 -19.599691
107.784058 -20.563005 -19.977142
97.662376 -20.563005 -21.127655
87.983261 -20.563005 -23.911005
78.453697 -20.612886 -27.045650
68.757385 -19.986765 -30.022566
58.877571 -19.370056 -32.988533
49.027641 -18.934345 -35.261692
39.150852 -18.523756 -37.275509
29.274063 -17.018610 -39.289330
19.350979 -15.396236 -41.312588
9.458759 -14.895532 -43.329552
-0.572353 -14.371569 -45.374840
-10.583389 -14.371998 -47.359859
-20.553537 -14.379341 -49.308266
-30.647348 -14.685702 -51.280842
-41.096680 -14.596977 -53.322891
-51.406898 -15.049478 -55.337746
-61.361591 -14.466530 -57.283134
-71.308601 -15.062633 -60.184143
-80.590866 -14.940241 -65.035820
-89.849586 -14.780306 -69.864510
-99.071991 -15.271693 -74.591446
-108.069763 -15.311656 -78.957825
-117.647484 -14.542666 -83.085358
-127.818298 -15.110002 -86.433472
-137.428314 -15.128913 -89.422928
-147.474487 -15.831645 -92.548073
-157.065414 -15.875216 -95.545578
-166.936203 -15.875216 -98.952637
-176.730255 -15.769794 -102.340660
-186.325226 -15.875216 -105.993217
-195.991348 -15.875216 -109.686958
-205.445786 -15.875216 -113.130974
-213.739014 -14.949602 -118.926750
-221.637177 -13.757941 -125.462021
-229.495483 -7.532378 -125.868698
-234.846405 1.719626 -126.231781
Wait
20
-238.929367 8.243278 -125.986008
Wait
20
-240.043411 10.482500 -121.655449
Custom
ClickActor "clean water" 1
-238.565186 7.719906 -117.715965
Wait
20
-238.637085 8.625498 -122.072357
-237.794647 -0.464582 -130.577423
-237.614136 -10.240105 -134.759506
-237.166779 -11.624658 -145.122635
-236.778931 -10.261294 -155.131821
-236.413132 -6.700972 -164.826309
-238.899445 -5.328567 -174.692307
-246.443161 -5.520637 -181.508224
-255.934235 -7.125389 -185.448059
-265.181488 -9.889115 -188.868408
-274.727386 -12.949881 -192.250473
-284.362823 -12.567713 -195.662643
-294.072449 -13.534986 -199.101120
-303.516724 -12.475196 -202.391922
-312.778717 -9.227642 -205.090454
-322.729401 -8.675248 -207.052307
-332.885864 -9.196876 -208.419434
-343.056335 -8.656242 -208.653046
-353.340210 -7.410784 -208.781555
-363.387939 -5.809516 -208.907089
-373.687683 -5.027256 -209.035751
-383.845612 -3.983762 -209.162659
-393.846069 -2.744386 -209.287582
-403.673248 -0.877654 -209.410339
-413.626434 0.330842 -209.534683
-423.642700 0.835785 -209.658478
-433.656799 -0.416741 -209.460190
-443.798218 -2.542326 -209.397797
-453.887390 -4.571677 -209.760910
-464.070160 -4.997050 -210.151733
-474.331604 -3.967810 -210.545593
-484.480774 -3.069084 -210.970230
-494.364258 -2.210843 -212.278931
-504.279022 -2.504248 -213.591766
-514.630920 -2.314814 -214.962479
-524.857910 -1.387811 -216.316666
-534.740845 -0.477385 -217.952927
-544.383545 0.978765 -220.994324
-554.431274 1.269892 -221.766800
-564.518311 0.632840 -221.350754
-574.626404 -1.823771 -221.321167
-584.240173 -4.633545 -224.009842
-593.872498 -6.928838 -220.968781
-605.061829 -8.679026 -219.762878
-614.828796 -7.425072 -217.142746
-622.984436 -4.182895 -212.130630
-628.440979 1.912055 -205.883972
-632.234619 10.759260 -201.358154
-636.033508 18.992601 -196.826859
-640.422607 26.725258 -191.680298
-647.881226 29.366262 -185.131851
-654.435974 34.870003 -179.460129
-662.404602 34.207672 -172.861252
-669.347107 39.326000 -167.479965
-675.248840 46.255646 -162.998810
-682.982727 49.707066 -157.355637
-691.662476 44.659904 -157.701874
-699.649658 38.440750 -158.589020
-709.703552 39.104248 -160.511307
-718.993896 43.073048 -163.188538
-727.701782 46.172771 -167.087280
-737.267639 43.600353 -169.220001
-739.277771 43.127712 -179.135437
Wait
20
-741.004089 42.956844 -180.152145
Custom
ClickActor "poisoned water" 1
-741.004089 42.956844 -180.152145
-750.206055 45.483692 -176.232040
-759.185181 46.067570 -171.020935
-767.556152 49.107742 -166.374069
-776.536255 47.924469 -161.770874
-786.326599 48.687572 -158.468903
-796.154236 51.652145 -159.617233
-805.790222 54.367550 -158.095596
-815.091248 51.662025 -160.723785
-824.463074 52.378105 -164.431076
-834.033386 53.128857 -167.644073
-840.926514 53.627441 -175.007111
-844.738281 49.104748 -183.120316
-850.103210 44.505432 -190.392990
-856.054932 40.594070 -197.894592
-861.386475 35.547440 -204.701981
-867.347046 33.503365 -213.057007
-868.320190 26.548796 -220.224579
-869.026062 22.445255 -229.864777
-872.022888 17.797256 -238.471817
-877.148926 14.376049 -246.438553
-883.245422 12.892790 -254.577988
-888.713013 7.733948 -261.518158
-892.440857 -0.492766 -266.250122
-898.674011 -2.597595 -274.110535
-904.965332 -3.578958 -282.385529
-911.218140 -4.300340 -290.610596
-917.299377 -5.242217 -298.610046
-924.535828 -4.622792 -305.570770
-932.582092 -3.200654 -311.684570
-939.134644 -4.884512 -319.569824
-946.474609 -3.919934 -326.314758
-954.493042 -2.623364 -332.225616
-962.866089 -1.638721 -338.088440
-971.045898 -0.983803 -343.815796
-980.557617 -0.054656 -347.838196
-989.047241 -0.230512 -353.781982
-997.291626 -1.033183 -359.554199
-1005.458618 -0.104190 -365.272217
-1013.715820 2.955003 -371.053467
-1022.793701 3.019804 -376.039764
-1032.982056 4.296658 -377.379486
-1043.147827 5.805710 -377.440826
-1053.219116 5.652359 -377.064789
-1063.037720 6.370176 -375.277100
-1072.804199 7.197443 -372.914124
-1082.907715 6.728782 -370.469696
-1092.950073 6.304620 -368.040039
-1102.777710 4.882064 -365.662201
-1112.839111 3.227111 -363.244232
-1122.694824 1.556227 -360.781616
-1132.550903 0.193775 -358.319122
-1142.712524 -0.555179 -355.780151
-1152.629517 -1.141729 -353.302338
-1162.466309 -1.674606 -349.626068
-1171.526123 -1.416674 -344.538086
-1180.592773 -1.346295 -339.718933
-1189.119873 -0.851634 -334.231201
-1196.742432 -0.055934 -327.226135
-1203.615723 0.954467 -319.344391
-1210.051025 2.019301 -311.649811
-1216.072266 3.143742 -303.333221
-1221.977295 4.317124 -294.970062
-1227.205566 10.301047 -288.202454
-1231.133301 18.708143 -283.057068
-1234.751831 25.865736 -276.109131
-1237.403320 33.017216 -269.478851
-1239.733887 40.288506 -262.627350
-1243.370361 45.890175 -254.889114
-1249.360229 48.845306 -246.932266
-1256.923462 50.101494 -239.712662
-1264.505371 48.654175 -232.786880
-1273.760986 46.312653 -229.499268
-1283.563721 44.224037 -228.807083
-1290.866333 44.962212 -221.991455
-1292.968140 44.545834 -212.203140
-1296.473267 41.785740 -203.246063
-1306.095093 39.415970 -205.023865
-1312.792969 36.010536 -211.694504
-1317.797119 28.914551 -216.712509
-1324.140137 23.368538 -222.577042
-1331.270996 20.779381 -229.268967
Wait
20
-1332.140259 20.421301 -230.052994
Custom
ClickActor "clean water" 1
-1332.140259 20.421301 -230.052994
-1325.071289 26.382164 -234.133972
-1322.779175 27.198488 -235.490036
-1322.797119 21.149261 -243.717087
-1322.304810 14.985030 -251.776901
-1321.310913 10.983969 -261.236877
-1319.380981 6.431968 -269.966339
-1314.808960 3.297153 -278.295898
-1308.311890 3.339522 -286.421661
-1301.784058 2.453041 -294.060822
-1295.245850 1.237867 -301.711975
-1288.686890 -0.025433 -309.387054
-1281.847290 -0.881029 -317.129150
-1273.822266 -0.501156 -323.136536
-1264.730957 -0.280387 -327.555786
-1254.930542 -1.123762 -331.058838
-1245.195679 -1.997754 -334.120300
-1235.503296 -2.722267 -336.829163
-1225.699341 -3.020685 -339.367401
-1215.786499 -3.024932 -341.659393
-1206.002075 -2.390359 -343.803741
-1196.143555 -1.903374 -345.825073
-1185.733643 -1.516365 -347.735840
-1175.896729 -2.135022 -349.541412
-1165.966675 -2.136728 -351.364014
-1155.602905 -1.440245 -353.266235
-1145.161865 -0.706054 -355.182617
-1135.061646 -0.028960 -357.036469
-1124.775269 1.129968 -358.924408
-1115.015747 2.702788 -360.715729
-1104.961792 4.542094 -362.561066
-1094.892456 6.068795 -364.409180
-1084.775146 7.072275 -366.339996
-1074.766724 7.436161 -368.493530
-1064.837769 8.018914 -370.641388
-1054.493286 7.357899 -372.879211
-1044.502686 6.902537 -375.040497
-1034.835327 4.833607 -377.131744
-1024.976807 2.209561 -378.117310
-1015.032043 2.386096 -376.287872
-1005.912354 0.929520 -372.183746
-997.252502 -0.470550 -367.310242
-988.475891 -0.028817 -362.194336
-979.753784 0.168772 -357.110138
-970.841125 -0.429722 -351.914948
-961.955750 -1.821740 -346.735596
-953.206360 -2.936229 -341.635498
-944.293640 -4.075885 -336.440308
-935.217773 -5.984199 -331.149933
-926.318726 -6.905686 -325.962646
-917.610107 -6.930832 -320.886414
-908.711182 -6.541168 -315.699097
-899.730530 -6.210997 -310.464264
-891.076294 -6.035938 -305.419678
-882.095642 -5.912476 -300.380646
-872.608337 -5.601469 -296.992035
-862.675964 -5.740994 -295.291656
-852.257690 -6.818550 -294.230621
-841.902222 -8.452925 -293.977478
-831.633911 -10.609818 -294.076385
-821.869507 -13.915013 -294.170380
-811.711487 -14.191748 -294.268219
-800.970459 -14.637959 -294.371704
-790.528870 -14.527670 -294.472229
-780.150146 -13.459550 -294.572113
-769.913147 -11.876220 -294.670654
-759.424133 -11.367545 -294.771667
-749.092773 -11.458582 -294.871155
-738.666870 -11.727733 -294.971527
-728.366882 -12.467761 -295.070679
-717.836182 -12.836490 -294.917572
-707.604614 -12.608337 -292.950439
-698.212463 -11.969983 -289.353210
-689.119080 -10.614546 -284.002655
-680.397339 -9.333620 -278.671936
-671.166809 -8.426340 -273.433533
-661.736389 -7.585554 -269.223236
-652.118042 -7.115693 -266.065521
-642.510010 -7.300932 -263.070892
-632.446777 -7.733150 -260.118011
-622.495972 -8.447956 -257.711792
-612.575439 -10.874296 -255.314407
-602.899902 -13.223458 -252.976212
-593.010071 -13.451930 -250.586243
-583.334595 -10.439239 -248.248016
-574.087952 -7.117104 -246.013412
-564.098267 -5.417710 -243.387619
-554.282654 -3.865256 -239.759979
-545.050659 -2.704106 -235.021484
-536.134949 -2.133986 -230.218338
-527.330078 -1.344941 -225.474930
-518.331116 -2.315794 -220.626968
-509.412201 -2.681213 -215.863647
-499.461365 -2.116043 -212.340881
-489.103058 -2.530044 -211.181381
-478.681610 -3.615789 -210.522339
-468.382477 -4.334003 -209.717178
-458.067322 -4.735350 -208.565292
-448.256592 -2.985783 -207.439697
-438.480591 -0.711013 -205.937576
-428.774048 1.308079 -204.504105
-418.842468 3.096953 -202.781631
-408.461456 1.435321 -201.264313
-398.470612 -2.484744 -201.672791
-388.119507 -4.843369 -202.128311
-378.131134 -5.656770 -202.631592
-368.019348 -5.857923 -203.191345
-357.970306 -5.969796 -203.948135
-348.014709 -7.229216 -205.696350
-337.937622 -9.015038 -207.904663
-328.138641 -8.942302 -210.058121
-318.370544 -9.087359 -212.204880
-308.817749 -11.342106 -214.304276
-298.788086 -13.542439 -216.508453
-288.727631 -15.162169 -218.719376
-278.805634 -16.942062 -220.899918
-269.006653 -19.247007 -223.053406
-258.823181 -21.136585 -225.291428
-248.547424 -22.266047 -227.549744
-238.467407 -23.051569 -229.546326
-228.164734 -23.601759 -228.634018
-218.282471 -23.816025 -226.282166
-208.328827 -23.646194 -223.769669
-199.869629 -23.695017 -218.322632
-192.629990 -23.794996 -210.850677
-186.435272 -23.608097 -202.605057
-181.415863 -23.240704 -193.948776
-177.467422 -22.307709 -184.591354
-174.011917 -20.566818 -175.172653
-170.597778 -19.543276 -165.738678
-167.146133 -18.429014 -156.201019
-163.678406 -17.134211 -146.618958
-160.146362 -17.089314 -136.859146
-156.630402 -16.148689 -127.143784
-153.162674 -15.801727 -117.561691
-149.727127 -15.875216 -108.068466
-146.248672 -15.875216 -98.456779
-142.780945 -15.412683 -88.874702
-139.307877 -14.642985 -79.277809
-134.638397 -15.350079 -69.982597
-127.164429 -15.153330 -63.314259
-117.301514 -14.865736 -61.525608
-107.294884 -14.654823 -62.405663
-97.221458 -14.746824 -63.447464
-87.068497 -14.735345 -64.316269
-77.093163 -15.036506 -65.033463
-67.061951 -15.042634 -65.622826
-56.920670 -14.666033 -66.218529
-46.354870 -14.452680 -66.839157
-36.145439 -14.224112 -67.191139
-26.192741 -14.126383 -65.509972
-16.734684 -14.143720 -62.122528
-7.567419 -14.100431 -57.935108
1.657048 -14.143762 -53.963848
11.500939 -14.477286 -50.340679
21.152920 -15.517772 -46.788872
30.686655 -17.190144 -43.280582
40.028233 -18.490408 -39.843006
49.754112 -18.937592 -36.264011
59.302628 -19.401056 -32.750282
68.836365 -20.042095 -29.241995
78.508385 -20.679184 -26.040236
88.646538 -20.563005 -23.556734
98.892654 -20.563005 -22.012943
109.172356 -20.889200 -21.180685
119.198967 -21.135345 -20.838903
129.625259 -21.164795 -20.778358
140.098953 -21.099846 -20.736593
150.698624 -21.179192 -20.694330
161.109268 -21.148661 -20.652819
171.425430 -21.118408 -20.627110
181.583954 -20.686663 -20.606236
Custom
ZoneDoor "zone_to_qey_north"
184.056702 -20.686663 -20.607370
236.061661 -21.515545 -17.434195
246.317612 -21.417770 -17.920553
256.060974 -21.379549 -20.912321
265.464722 -21.427139 -25.487078
274.979401 -21.408640 -30.158913
284.008453 -20.996201 -35.438580
291.885345 -21.070101 -41.650478
299.103943 -21.108431 -48.684715
303.721436 -21.440620 -58.066189
306.421906 -21.757505 -67.758469
309.019836 -22.067640 -77.742241
311.680786 -22.522911 -87.692596
314.810181 -23.044638 -97.587944
318.647980 -23.382576 -107.191154
323.228760 -23.633057 -116.801498
327.854340 -23.571770 -126.233627
332.278717 -23.597223 -135.255646
336.772461 -23.825047 -144.419083
341.197632 -24.295279 -153.440720
346.519440 -24.781887 -162.371628
353.090698 -25.280973 -170.518936
360.195648 -25.395906 -177.798416
367.971344 -25.127392 -184.517548
376.215363 -24.810919 -190.771454
384.609924 -24.351322 -197.139587
392.954437 -23.810892 -203.469666
401.155090 -23.259069 -209.852753
408.553619 -22.910362 -217.151535
415.540192 -22.476538 -224.526321
422.853973 -22.035332 -232.285522
429.713989 -21.716429 -239.563385
437.054352 -21.244919 -246.874451
445.212891 -20.702078 -253.136414
453.847046 -20.181051 -258.953339
462.141602 -19.911318 -264.541565
471.085388 -19.789989 -269.883148
480.242706 -19.830519 -274.424744
489.355591 -20.168299 -278.658295
498.988403 -20.714952 -282.413483
Custom
ZoneDoor "zone_to_qey_elddar"
506.312775 -21.172453 -284.467712
520.888245 -20.757450 -291.577667
530.114502 -20.740368 -296.069977
539.442749 -20.903204 -300.620392
548.503174 -21.191198 -305.383331
557.330811 -21.680965 -310.314301
566.372559 -21.921829 -314.964996
576.028503 -21.338638 -318.210693
585.389954 -20.397152 -322.233917
594.463135 -19.573368 -327.335297
602.697815 -18.622303 -333.090851
610.679504 -17.589802 -339.522675
618.216980 -16.263649 -346.222412
625.325806 -14.410124 -353.567230
632.395935 -13.355696 -360.684875
639.748779 -13.147002 -368.010590
646.971924 -12.007861 -375.078186
Custom
HailActor Lachlyn 4
654.311096 -10.062261 -381.168304
659.548035 -9.865276 -373.511230
669.142944 -9.959912 -377.131866
677.790955 -10.660887 -382.665039
685.108948 -11.908540 -389.458038
692.586060 -11.628771 -396.473663
700.135559 -13.515298 -402.984253
707.894836 -15.219997 -409.316803
716.090576 -16.861626 -415.018280
Custom
HailActor Kelia 5
718.710083 -17.767347 -417.075714
721.051880 -17.746452 -406.962860
723.431519 -18.512333 -397.031097
725.750000 -19.043238 -387.040985
728.486145 -19.862795 -377.448700
ClickActor
mariner_bell_city_travel_qeynos
730.755920 -19.958233 -374.062744
Wait
50
730.755920 -19.958233 -374.062744
Custom
TravelMap "Oakmyst Forest"
730.755920 -19.958233 -374.062744
1089.851929 -10.058074 -382.052338
1079.454346 -10.126864 -381.657410
1069.336304 -9.978666 -381.273285
1059.267334 -9.933127 -380.543274
1049.217163 -10.029833 -379.766235
1038.922852 -10.029836 -379.841278
1029.771362 -8.650812 -383.828522
1027.427612 -6.933342 -393.667114
1034.307373 -5.525475 -400.872498
1043.380127 -4.116933 -396.786194
1045.454956 -2.387761 -386.937866
1041.685669 -0.947056 -377.622681
1032.054688 -0.947052 -374.269440
1022.169189 0.416092 -376.672516
1014.275696 1.782224 -382.723633
1017.930664 3.105145 -392.004822
1027.752686 4.638146 -393.961487
1036.183594 6.343884 -388.756042
1036.687256 7.818316 -378.533600
1029.279541 8.135723 -371.580170
1021.655640 8.135721 -365.035797
1014.035339 7.662472 -358.035187
1006.362915 5.975340 -351.431458
996.926147 3.031004 -348.057068
987.039307 2.101886 -346.220367
Custom
PathHarvest 104 50 1 0 0 0 "antonia_flower" "Locate the Palemoon Lily in Oakmyst Forest (8/8)" 1
983.526855 2.108385 -346.519592
973.373352 2.166493 -347.933441
962.852905 2.115811 -349.398376
952.722656 2.207568 -350.298492
942.192566 2.263129 -348.955200
938.493042 2.274788 -339.401825
935.423950 2.526740 -329.752960
929.293884 2.585831 -321.155090
921.060242 2.428754 -315.408600
910.702942 2.264617 -313.647552
900.802246 2.205962 -315.560333
891.941223 2.171496 -320.954102
886.313110 1.862096 -329.425201
880.925415 2.166008 -337.989716
870.719421 2.165228 -337.346130
862.620850 1.750756 -331.313263
854.114990 3.210009 -325.895844
845.838806 4.411623 -320.356964
838.830688 4.591009 -312.806091
833.503723 5.963735 -304.222137
828.582153 6.879423 -295.012543
823.728516 6.770208 -285.491089
820.951904 6.642406 -275.499176
813.688660 9.405531 -268.434906
803.809204 11.808625 -267.518555
794.833984 12.815666 -263.001190
786.478271 13.348189 -257.299835
777.329224 13.348233 -251.922913
769.463318 13.348233 -245.543182
778.183716 13.348234 -250.921753
787.007141 13.348166 -256.532654
795.510437 12.788372 -261.797577
804.569763 11.774504 -266.841888
814.322693 9.261588 -268.216095
824.067505 6.370388 -266.444824
833.607666 5.023688 -262.586090
841.964844 3.173129 -256.522949
850.092468 2.826543 -249.818329
848.597961 2.875840 -239.797409
840.321228 3.609642 -233.647156
831.786743 4.045228 -227.361267
822.859375 4.785181 -222.570297
813.445618 5.562342 -218.237961
803.989746 6.651538 -214.691483
799.562866 6.713809 -205.567230
809.848633 6.210552 -203.725784
820.162048 5.448180 -203.748169
830.079285 5.372303 -200.773956
838.950745 4.542818 -195.484833
848.810242 2.849568 -192.217316
858.745544 2.120331 -189.905396
869.150269 1.146661 -190.233948
879.060791 0.349490 -192.563217
887.397339 1.791762 -198.400620
891.680420 3.009426 -207.399231
895.102783 3.117111 -216.800171
903.683105 3.161751 -222.219254
913.165649 2.334328 -226.049072
923.527527 2.278018 -227.554428
933.639038 2.264892 -227.174866
942.437378 3.174233 -221.912674
950.773804 3.814820 -215.821793
951.287537 4.778808 -205.547577
958.774170 4.454529 -198.377960
969.830750 4.632711 -201.725983
968.820190 3.166936 -211.857513
965.791138 2.501548 -221.979950
961.567871 2.264617 -231.361816
956.097656 2.264617 -240.196075
949.971191 1.075535 -248.538712
944.631714 2.254249 -257.486389
942.756042 2.450968 -267.349243
943.986755 2.706397 -277.547516
949.930481 4.072813 -286.499023
959.096863 7.622469 -289.863495
968.489319 11.127093 -287.931763
974.604675 12.870009 -280.023163
978.559082 12.937874 -270.566315
981.130249 13.355232 -260.401581
987.164673 13.359456 -252.308319
996.109253 12.919202 -247.173355
1005.014954 13.571078 -252.042206
1006.773560 13.169374 -262.338684
1008.396912 12.857789 -272.733337
1009.860474 13.303982 -283.023285
1011.082092 13.683483 -292.997253
1010.280640 13.026281 -303.058044
1001.672607 13.010904 -308.751343
991.792542 12.554983 -306.722748
983.552917 10.773268 -300.560425
974.381348 9.386550 -296.065247
964.349976 8.501273 -294.201996
954.615417 5.970848 -292.776581
945.063782 5.185055 -296.993439
936.397522 4.844669 -302.402496
928.774841 3.726715 -309.071686
928.120728 2.545988 -319.048248
933.814697 2.810931 -327.284821
938.730957 2.203235 -335.983063
942.508972 2.186293 -345.637482
949.390320 2.239263 -353.249847
959.669189 2.346102 -353.784271
969.818237 2.273736 -351.716858
979.731689 2.163749 -349.053619
990.008850 2.132896 -347.212677
990.008850 2.132896 -347.212677
996.540344 3.020932 -348.737640
1009.396790 6.842467 -353.776123
1017.078735 8.081923 -360.640350
1024.739014 8.135720 -367.488495
1032.091675 8.135724 -374.292053
1038.563721 7.249396 -382.455048
1035.899292 5.954809 -392.307922
1026.472778 4.450730 -395.519073
1017.687744 2.933862 -390.725250
1016.859070 1.477279 -380.860168
1024.727905 -0.057023 -374.517731
1034.807861 -0.947056 -375.132263
1044.111816 -1.300294 -379.436554
1047.536255 -2.719753 -388.972015
1044.980713 -4.103771 -398.773132
1035.474854 -5.231109 -401.812042
1027.904785 -6.733085 -395.082794
1026.397827 -8.189312 -385.042053
1033.988159 -9.633362 -378.261200
1044.307007 -10.029840 -378.544342
1054.557495 -10.029842 -379.381989
1064.532837 -9.966002 -380.081848
1074.680908 -9.980131 -380.528412
1084.835083 -10.018420 -381.541107
ClickActor
mariner_bell_city_travel_qeynos
1094.668701 -10.137943 -382.249725
Wait
50
1094.668701 -10.137943 -382.249725
Custom
TravelMap "The Elddar Grove"
1094.668701 -10.137943 -382.249725
720.228271 -17.986540 -370.443237
720.502197 -18.419796 -380.655792
721.502625 -18.022205 -390.761414
721.153381 -17.936272 -401.353241
721.006165 -17.518423 -411.791260
Custom
HailActor Kelia 4
721.105896 -18.094963 -416.293640
721.248291 -23.000013 -425.464691
721.154480 -23.218594 -435.672272
712.836243 -21.696632 -441.327972
Custom
WaitForMob sickened 15
711.233337 -21.454796 -441.741302
Custom
HailActor sickened 3
711.233337 -21.454796 -441.741302
715.353333 -20.680822 -450.820587
708.293030 -18.635958 -443.959930
704.324585 -15.950982 -434.699036
701.545227 -16.281666 -424.666168
698.592224 -14.647975 -414.568665
695.055725 -13.541934 -404.800171
691.567993 -11.592026 -395.370850
689.216919 -12.017083 -385.608704
687.118896 -12.955225 -375.528625
684.912903 -12.965634 -365.548126
682.522644 -14.089432 -355.480286
679.901428 -15.767630 -345.684937
674.735840 -16.845497 -336.945618
671.535583 -20.359381 -327.839813
670.316101 -23.173981 -318.297760
Custom
HailActor Sickened 3
670.307861 -22.480164 -309.325989
666.615784 -22.154181 -299.989990
658.755859 -21.942659 -293.561188
648.573425 -21.386726 -291.360687
638.362305 -20.743032 -289.460388
629.780151 -20.633362 -284.236694
619.920044 -21.193195 -281.995850
609.901306 -23.072117 -282.624481
Custom
HailActor sickened 3
602.510193 -22.340073 -283.256134
597.402649 -21.690561 -292.077209
593.128357 -21.045456 -301.157715
594.483032 -21.130983 -311.361877
599.600464 -20.171352 -320.293579
604.484680 -18.640739 -329.469543
608.480286 -17.850258 -339.232391
606.772949 -18.737997 -349.339966
602.229126 -19.895910 -358.705536
601.331787 -19.840351 -368.846863
601.536865 -19.412201 -379.187714
598.421082 -18.996040 -389.008148
591.556702 -18.648415 -396.454987
581.994324 -18.374702 -399.909515
571.937500 -17.884769 -402.186829
562.665161 -17.387836 -406.761597
555.711914 -17.011490 -414.151459
546.333801 -17.256893 -418.672150
536.997314 -18.494396 -422.566833
527.017151 -19.916601 -424.289001
523.533569 -18.587814 -414.808167
520.879089 -17.834833 -405.167328
Custom
HailActor sickened 3
519.728088 -17.574476 -400.569916
520.936462 -17.523142 -390.024902
524.203552 -17.973207 -380.465485
528.017883 -18.813656 -370.934509
536.355835 -19.156439 -364.392426
546.876404 -19.232925 -363.154144
557.207642 -19.927185 -363.292999
567.500610 -21.239750 -363.935944
577.764038 -21.626921 -365.124329
587.902283 -21.416922 -366.298492
598.243896 -20.280560 -367.496216
608.554138 -18.636541 -368.531342
618.676636 -16.768290 -368.828156
628.871216 -14.223821 -369.231903
638.292480 -13.241590 -372.839447
647.108215 -11.918293 -378.314545
Custom
HailActor Lachlyn 6
654.117615 -10.098741 -381.746368
646.755005 -12.045299 -375.017944
638.951416 -13.226807 -368.187775
630.975342 -13.575685 -361.206604
623.188843 -14.872974 -354.391388
615.606934 -16.739117 -347.540710
608.554260 -17.837372 -340.383026
601.137878 -18.768747 -332.854004
593.222900 -19.773010 -325.589661
584.760376 -20.469322 -320.280365
575.267334 -21.544195 -316.548096
565.564697 -21.923088 -313.538116
555.815430 -21.615049 -309.877869
546.824402 -21.141670 -304.789642
537.953003 -20.860041 -299.648682
529.030151 -20.716385 -294.471069
519.643555 -20.746725 -289.799072
Custom
ZoneDoor "zone_to_qey_north"
510.472809 -20.904713 -287.303650
498.705261 -20.713495 -282.829498
490.771606 -20.160921 -275.990967
483.144379 -19.683142 -269.147156
477.032959 -19.654514 -261.027618
471.705811 -19.909105 -252.013184
467.211334 -20.389700 -243.061646
462.594788 -20.842623 -234.100967
457.841187 -20.930845 -224.874268
453.094788 -20.953127 -215.661560
448.870239 -19.721235 -206.396088
445.197449 -18.360168 -196.958282
441.405518 -17.511379 -187.499893
437.536926 -17.114349 -178.191956
433.373474 -17.161263 -168.961319
428.727509 -17.529564 -160.095230
422.736176 -18.066795 -151.505280
416.882629 -19.813211 -142.934647
411.531799 -22.260143 -134.139420
406.637482 -23.706390 -125.111809
402.160553 -23.696577 -115.908447
398.604889 -21.479212 -106.747627
395.963257 -17.464062 -97.441612
395.279144 -15.820025 -87.309029
394.715759 -15.651673 -76.645416
394.159851 -15.653949 -66.123360
393.618042 -15.830375 -55.868652
393.036530 -16.290859 -45.206051
391.878448 -16.793186 -35.039665
394.222107 -16.909641 -25.179163
402.833069 -15.568391 -20.080961
412.633972 -12.192668 -19.293159
422.806793 -12.248096 -19.350735
433.149170 -12.247926 -19.684528
443.113739 -9.550675 -20.006132
452.747711 -4.997500 -20.317060
462.526459 -2.437378 -20.267048
471.628143 2.138818 -20.080545
481.325897 4.981539 -19.798519
Custom
ZoneDoor "Castle gates"
489.790405 4.886579 -19.482193
2.463324 0.005529 -3.166121
10.229510 0.005528 3.334368
18.468899 0.005530 9.091812
27.783243 0.048275 12.978011
34.648792 0.005530 20.251432
Custom
HailActor Antonia 14
36.208275 0.053524 27.751554
