Wait
50
37.158520 34.861900 27.603615
Wait
50
36.284828 34.861900 14.181208
Wait
50
31.480160 34.792053 21.596638
Custom
ApplyVerb -Actor 23282 -Verb Vapor -TintFlags -RelayToGroup
31.480160 34.792053 21.596638
Wait
50
0 0 0
8.558776 84.122978 -31.185549
8.274751 84.118958 -41.293873
7.961707 84.124695 -51.443291
3.366805 84.124702 -60.400593
-6.568681 84.124695 -62.401081
-16.618513 84.122826 -60.504036
-25.813169 84.209900 -56.337749
-29.859051 84.121506 -47.102440
-29.330347 84.121109 -37.010300
-24.316097 84.124695 -28.300230
-14.810282 84.011108 -31.662634
-13.455430 83.942696 -41.624577
-3.747178 83.983864 -39.063564
3.062726 84.117081 -31.537863
9.195202 84.209900 -23.482553
Wait
50
12.368987 84.099976 -20.143400
Custom
ApplyVerb -Actor 23282 -Verb Ice -TintFlags -RelayToGroup
12.368987 84.099976 -20.143400
Wait
50
0 0 0
-30.124748 142.733093 42.275257
-40.027119 142.694275 40.095634
-37.861366 142.585648 49.961750
Wait
50
-45.757523 142.545593 54.596325
Custom
Target servitor
-45.757523 142.545593 54.596325
Wait
50
-45.757523 142.545593 54.596325
-38.729259 142.590500 47.380276
-30.791565 142.733093 41.190708
-23.493490 142.733093 34.117565
Wait
50
-19.920767 142.624252 29.855686
Custom
ApplyVerb -Actor 23282 -Verb Water -TintFlags -RelayToGroup
-19.920767 142.624252 29.855686
Wait
50
0 0 0
-7.036767 224.044571 19.860491
2.983490 224.044861 19.021927
12.058831 223.799866 14.765732
18.394125 224.044861 6.828599
16.666866 223.916656 -3.315484
11.190482 223.816376 -11.792492
2.532769 223.813904 -17.301731
-7.468708 224.044861 -17.188118
-13.135714 224.044861 -8.922681
-19.011499 224.044861 -0.659495
-18.943796 224.044495 9.434469
Wait
50
-11.596092 224.131775 12.139307
-4.258108 223.815628 5.010120
3.063426 223.814041 -2.035490
Wait
50
10.229223 223.815811 -8.931232
7.822834 223.815292 -18.795677
Wait
50
6.446081 223.884338 -24.439362
Custom
ClickActor "Sphere of Coalesced Water"
6.446081 223.884338 -24.439362
Custom
ApplyVerb -Actor "Sphere of Coalesced Water" -Verb Gather -RelayToGroup
6.446081 223.884338 -24.439362
1.916304 223.913864 -15.508761
-2.682302 223.837463 -6.448802
-7.363041 223.815491 2.596480
-12.685352 224.131775 11.275726
-18.782366 224.085022 19.329306
Wait
50
-20.696972 224.037537 21.524509
Custom
ApplyVerb -Actor 23282 -Verb Entrance -TintFlags -RelayToGroup
-20.696972 224.037537 21.524509
Wait
50
0 0 0
