-0.065214 -6.485186 -7.779514
Custom
ExecuteCommand "RIMUIObj:BalanceTrash[0]"
-0.605396 -6.485186 -17.902725
-1.035878 -6.485186 -27.971867
-0.626496 -6.485186 -38.202473
0.065574 -6.485186 -48.378246
Wait
20
0.140250 -6.485186 -52.859394
Custom
Target construct 1 150
0.140250 -6.485186 -52.859394
Custom
Target construct 1 150
0.140250 -6.485186 -52.859394
Custom
Target construct 1 150
0.140250 -6.485186 -52.859394
Wait
20
21.932623 -6.485186 -55.343555
Custom
ExecuteCommand "RIMUIObj:BalanceTrash[1]"
21.932623 -6.485186 -55.343555
Wait
20
21.047567 -6.485186 -68.120537
Custom
Target "radiant guardian" 0 50
21.047567 -6.485186 -73.120537
Wait
50
21.047567 -6.485186 -73.120537
Wait
20
20.084227 -6.485186 -55.137810
Wait
20
-20.084227 -6.485186 -55.137810
Wait
20
-21.116707 -6.485186 -68.456947
Custom
Target "radiant guardian" 0 50
-21.116707 -6.485186 -73.456947
Wait
50
-21.116707 -6.485186 -73.456947
DontStopForCombat
Wait
20
-19.980253 -6.485186 -103.012657
Named
Cindrax
CustomNamed
-19.980253 -6.485186 -103.012657
Custom
SetShinyScanDistance 0
-19.980253 -6.485186 -103.012657
StopForCombat
-53.924129 -5.677016 -101.808182
-64.020348 -5.677016 -101.521843
-74.105278 -5.677016 -101.661026
-84.299141 -5.864741 -101.948906
Custom
ClickActor "Door - Floor 1 Left"
-94.424469 -5.864741 -102.492477
Wait
50
-94.424469 -5.864741 -102.492477
-84.264984 -5.864741 -102.037483
-74.032303 -5.677016 -101.788475
-63.954170 -5.677016 -101.611259
-53.784222 -5.677016 -101.632858
-43.524811 -5.677016 -101.561508
-33.492477 -5.677016 -101.518829
-23.491777 -6.485186 -101.655243
Wait
20
-20.446589 -6.485186 -101.579514
-20.856037 -6.485186 -91.529427
-21.105209 -6.485186 -81.387054
-20.938637 -6.485186 -71.326347
-20.534901 -6.485186 -61.150196
Wait
20
-20.416573 -6.485186 -56.031593
-10.447030 -6.485186 -55.116184
Wait
20
-0.226914 -6.485186 -51.719856
0.125830 -6.992538 -62.259804
Wait
50
0.189444 -6.817321 -75.838486
Custom
HailActor "Operator of Fire" 1
6.271150 -6.817359 -77.424080
Wait
200
0 0 0
Wait
50
-0.565051 -121.089958 -80.801910
Custom
SetShinyScanDistance 50
-0.565051 -121.089958 -80.801910
-0.780106 -121.305962 -98.766563
-0.754569 -120.552551 -109.003288
-0.565639 -120.162292 -119.267555
-0.407024 -120.566605 -129.616013
0.317706 -122.316711 -139.508957
0.450258 -122.189804 -149.549774
Wait
20
1.470684 -121.722015 -151.857758
Wait
20
10.005920 -122.316711 -154.148758
20.047117 -122.316711 -153.844467
30.191942 -122.316711 -153.962021
Wait
20
33.341640 -122.316711 -153.998688
43.081623 -122.316711 -157.040909
Wait
20
58.146580 -121.661339 -145.896103
Wait
20
63.833031 -122.316711 -159.412399
Wait
20
63.186783 -121.683655 -172.121384
Named
Molten
CustomNamed
63.186783 -121.683655 -172.121384
63.759495 -121.092690 -176.404984
64.019508 -122.316711 -166.299927
63.307896 -122.115158 -156.196808
Wait
20
62.541924 -122.002090 -153.250916
Wait
20
56.989128 -121.655640 -146.525742
48.550945 -122.316711 -151.998123
39.910110 -122.316711 -157.257217
Wait
20
34.131374 -121.777855 -160.774307
Wait
20
25.362030 -122.316711 -151.945282
Wait
20
10.743798 -122.316711 -152.585663
Wait
20
7.362459 -121.746483 -144.848312
Wait
20
-0.643462 -122.203377 -132.859726
-0.613186 -120.192993 -122.982201
-0.296248 -120.552551 -112.872429
-0.313814 -120.299072 -102.583656
Wait
50
-0.593937 -121.089958 -77.355293
Wait
20
6.688285 -120.944077 -77.607948
Custom
HailActor "Operator of Fire" 1 2
6.688285 -120.944077 -77.607948
Custom
SkipLoot 1
0 0 0
Wait
150
0 0 0
Wait
50
-0.979251 -136.697052 -77.903351
5.387837 -136.551178 -73.037010
Wait
50
19.433170 -136.090149 -59.744217
26.983503 -136.140640 -52.969547
33.885128 -135.641785 -45.617680
40.778996 -138.335083 -38.596664
Wait
20
45.865856 -138.348557 -33.355854
45.927837 -138.753983 -23.262985
Wait
20
45.454830 -138.753967 -18.073545
Wait
20
36.812016 -138.753967 -4.760238
Wait
20
25.397345 -138.687759 0.717063
Wait
20
18.218100 -138.753967 10.832772
Wait
20
10.321527 -138.753967 15.721650
Custom
SetShinyScanDistance 0
14.948212 -138.753983 24.642330
19.920029 -138.149963 33.502342
25.635302 -136.555359 41.617401
32.333164 -137.909897 49.072372
Custom
Target scorched 1 25
36.851574 -137.858704 54.870022
Custom
Target scorched 1 25
36.851574 -137.858704 54.870022
Custom
Target scorched 1 25
36.851574 -137.858704 54.870022
Custom
Target scorched 1 25
36.851574 -137.858704 54.870022
Custom
Target scorched 1 25
36.851574 -137.858704 54.870022
Custom
Target scorched 1 25
36.851574 -137.858704 54.870022
Wait
100
36.851574 -137.858704 54.870022
Named
Balrezu
CustomNamed
36.851574 -137.858704 54.870022
Custom
SkipLoot 0
0 0 0
30.152012 -137.767563 47.188778
Custom
SkipLoot 1
0 0 0
23.667732 -137.094055 39.307571
17.891289 -138.502747 31.175669
Custom
SetShinyScanDistance 50
12.744037 -138.753967 22.590454
Wait
20
8.993803 -138.753967 16.025242
17.224995 -138.753967 10.310531
Wait
20
24.012344 -138.753967 5.574201
Wait
20
30.263706 -138.658646 -4.118273
Wait
20
40.563393 -138.711426 -7.059857
Wait
20
39.432640 -138.329407 -24.092148
Wait
20
44.425564 -138.387665 -35.701256
36.062057 -136.317581 -41.549648
29.109537 -135.953308 -48.773922
22.191576 -136.352356 -56.393909
Wait
50
1.304242 -136.697067 -77.294083
Custom
HailActor "Operator of Fire" 1 3
5.086136 -136.697083 -78.349770
Wait
150
0 0 0
Wait
50
-0.230167 -156.084167 -77.439575
Custom
SetShinyScanDistance 0
-13.314569 -156.394623 -64.361671
-21.215256 -155.432205 -57.628227
Wait
50
-24.181190 -155.694397 -54.939308
DontStopForCombat
-31.648008 -155.325989 -48.288799
-39.005108 -156.057922 -41.432507
StopForCombat
Wait
20
-43.161427 -156.929840 -37.642406
DontStopForCombat
-52.519505 -157.419449 -33.924660
-62.545269 -157.422302 -33.548717
StopForCombat
Wait
20
-64.771500 -157.422302 -33.747845
-74.104317 -157.422302 -37.556438
Wait
50
-83.171349 -157.455566 -43.409164
DontStopForCombat
-89.366043 -157.513855 -51.343124
-97.243591 -157.513855 -57.553371
StopForCombat
Wait
20
-105.083153 -157.371765 -60.378838
-112.286827 -157.513855 -53.185616
Wait
50
-115.725502 -156.920227 -49.398705
-122.443237 -155.407211 -41.954681
Named
Verlixa
CustomNamed
-131.525436 -156.743958 -32.052837
Custom
SkipLoot 0
0 0 0
Custom
SetShinyScanDistance 50
-129.048248 -156.769714 -34.954258
-122.620308 -155.435287 -42.594692
-115.637985 -156.920227 -49.846134
-108.656853 -157.513855 -57.005116
-99.140610 -157.513855 -60.428104
-91.376892 -157.513855 -53.965027
-86.180359 -157.513870 -45.416714
-77.392929 -157.422302 -40.267262
-68.267509 -157.422302 -36.056664
-58.619900 -157.422302 -32.776714
-49.187183 -157.403931 -36.316151
-40.224548 -156.784714 -41.231339
-32.320404 -155.325989 -47.268925
-24.870823 -155.694397 -54.192192
Wait
50
-21.057270 -155.432190 -57.578365
Wait
50
-1.194353 -156.084167 -76.021011
Custom
HailActor "Operator of Fire" 1 4
4.987892 -156.084198 -77.237556
Wait
150
0 0 0
Custom
Target mass 0 200 0
-0.219651 -176.740952 -77.486061
Wait
50
-0.219651 -176.740952 -77.486061
Wait
100
-0.219651 -176.740952 -77.486061
Custom
Target mass 0 200 0
-0.219651 -176.740952 -77.486061
Wait
50
-0.219651 -176.740952 -77.486061
Wait
100
-0.219651 -176.740952 -77.486061
Custom
Target mass 0 200 0
-0.219651 -176.740952 -77.486061
Wait
50
-0.219651 -176.740952 -77.486061
Wait
100
-0.219651 -176.740952 -77.486061
Custom
Target mass 0 200 0
-0.219651 -176.740952 -77.486061
Wait
50
-0.219651 -176.740952 -77.486061
Wait
100
-0.219651 -176.740952 -77.486061
Named
Galremos
CustomNamed
-0.219651 -176.740952 -77.486061
ReturnLOCS
-0.299723 -176.680618 -87.636887
-0.420393 -177.318787 -97.853722
-0.539598 -177.818115 -107.946724
3.142359 -177.815491 -111.561592
13.240961 -177.898178 -112.522766
23.316355 -178.089615 -113.078278
Wait
20
29.794836 -177.815491 -112.578667
37.857769 -177.829727 -106.587280
43.685440 -177.876205 -98.195313
46.753361 -177.279968 -88.582657
46.999744 -177.526917 -78.304558
43.038254 -177.815491 -68.972267
36.417686 -177.815491 -61.293102
29.508036 -177.817337 -54.022964
19.889280 -177.860229 -57.362160
9.888467 -177.960312 -59.326157
-0.048219 -177.486877 -60.699062
-10.155025 -177.962753 -59.703648
-18.547272 -177.810120 -50.075256
-20.126303 -177.819534 -62.081532
-29.329739 -177.819870 -66.578964
-36.821426 -177.815491 -73.335854
-42.976688 -177.701782 -81.228561
Wait
20
-45.044567 -177.379959 -86.281891
-41.151157 -177.870651 -95.651825
-36.140732 -177.868561 -104.329819
Wait
20
-32.629784 -177.815491 -109.270958
-22.578732 -177.597443 -112.120316
-12.177771 -177.694122 -113.136383
-2.325617 -177.815491 -113.124939
Wait
20
-0.431473 -177.816589 -110.827003
