What's Theirs is Mine
Custom
HailActor "Pulnil the Haggler" 4
-1667.476196 -295.545654 -1364.237549
Custom
FlyUp
-1667.476196 -295.545654 -1364.237549
-1586.951416 -290.621704 -1379.288330
-1524.916626 -301.830750 -1367.733032
-1452.723511 -315.720673 -1338.852905
-1379.104370 -329.170471 -1323.237671
Custom
FlyDown
-1364.406738 -331.774780 -1320.439575
Custom
PathKill 141 35 35 1 1 1 "a Bonedigger" "Brittle dragon scales (15/15)" 1
-1364.416016 -358.883911 -1320.483887
-1371.636719 -360.571198 -1327.473389
-1376.442749 -362.681732 -1336.550537
-1381.077393 -364.805573 -1345.284424
-1386.763062 -366.389038 -1353.485596
-1396.071289 -368.109619 -1357.324341
-1405.730347 -367.887451 -1353.502319
-1414.603149 -366.681519 -1348.968750
-1423.624390 -365.864410 -1344.304932
-1433.629517 -364.537079 -1341.765015
-1443.581787 -364.048737 -1340.315552
-1453.784546 -363.759491 -1340.066040
-1463.840332 -363.698242 -1341.927368
-1473.908081 -363.940155 -1344.624146
-1483.581299 -364.303314 -1347.243896
-1493.268188 -364.017914 -1349.885620
-1502.915527 -363.662445 -1352.598511
-1512.837280 -363.273224 -1355.394287
-1522.501587 -363.093231 -1358.117188
-1532.203125 -362.971039 -1360.850342
-1542.032837 -363.986664 -1363.622192
-1551.672974 -365.428986 -1366.428345
-1561.329590 -366.625153 -1369.506470
-1570.987915 -367.710083 -1372.643799
-1580.519775 -368.540039 -1375.736694
-1590.415649 -369.227448 -1378.947388
-1600.183838 -369.589966 -1382.116577
-1609.751953 -369.770355 -1385.220947
-1619.490723 -369.766418 -1388.477661
-1628.943970 -369.581879 -1392.441895
-1638.116211 -369.354492 -1396.658813
-1647.316284 -368.651337 -1401.179688
-1656.585693 -367.861237 -1405.734375
-1665.820801 -366.860291 -1410.272095
-1674.746826 -365.647308 -1414.658081
-1683.433228 -364.216003 -1419.418457
-1692.123657 -363.343475 -1425.118774
-1700.790527 -362.884766 -1430.599487
-1709.437866 -364.363098 -1436.067993
-1717.907959 -365.604156 -1441.424072
-1726.636475 -366.902893 -1446.943481
-1736.071045 -367.512665 -1450.834351
-1746.036133 -367.611267 -1453.651733
-1756.321655 -367.085815 -1455.194336
-1766.571167 -366.189148 -1456.609741
-1776.555420 -365.121674 -1457.988525
-1786.520264 -363.913177 -1460.474487
-1795.529785 -363.285400 -1464.768066
-1804.631348 -363.120941 -1469.174561
-1813.891357 -363.912079 -1473.658691
-1822.626343 -364.659485 -1478.472656
-1832.089722 -365.430939 -1482.219360
-1842.004883 -366.421722 -1485.028076
-1851.766602 -367.777222 -1487.685425
-1861.393433 -369.113220 -1490.328979
-1871.130859 -370.351196 -1493.003174
-1880.824097 -371.035461 -1495.545654
-1890.501343 -371.531403 -1498.358521
-1900.108398 -371.698944 -1501.222412
-1909.803833 -371.581085 -1504.111938
-1919.567749 -371.535828 -1506.480469
-1929.675537 -372.135254 -1508.071655
-1939.610474 -371.827698 -1509.760132
-1949.514160 -371.324951 -1511.488647
-1959.588867 -370.017639 -1513.259521
-1968.908936 -368.487274 -1517.003662
-1975.144287 -367.287872 -1525.047852
-1976.047607 -366.827026 -1535.371704
-1971.078613 -366.991150 -1544.494995
-1964.266846 -367.428925 -1552.025024
-1957.471924 -369.167023 -1559.309814
-1947.727417 -370.499512 -1561.802246
-1937.990723 -372.714844 -1560.015503
-1928.352417 -374.947113 -1558.429199
-1918.219727 -376.795807 -1557.095459
-1908.298096 -378.498413 -1557.947266
-1898.293213 -376.763977 -1559.287354
-1888.857910 -376.207214 -1562.958374
-1882.182495 -375.863220 -1570.657593
-1877.344727 -375.397552 -1579.490234
-1873.977051 -374.762390 -1589.117432
-1872.236328 -374.052765 -1599.155396
-1871.199463 -373.787384 -1609.238281
-1870.242554 -373.309784 -1620.743164
-1854.464966 -374.254608 -1607.186401
-1843.997559 -374.286926 -1607.958862
-1833.777710 -374.156677 -1608.909424
-1824.069336 -373.803436 -1612.326416
-1816.450806 -373.327850 -1619.119263
-1809.102295 -372.894531 -1625.978271
-1801.163330 -372.422302 -1632.278687
-1793.303345 -371.040039 -1638.308716
-1785.646851 -368.732788 -1644.407104
-1779.549805 -367.806580 -1652.700195
-1775.281372 -368.004333 -1661.868408
-1771.351440 -368.669617 -1671.315552
-1767.693848 -369.350861 -1680.849731
-1764.273926 -369.588928 -1690.350586
-1760.847412 -369.771301 -1699.869873
-1756.480591 -369.927460 -1709.021240
-1748.730347 -370.001556 -1715.409546
-1739.876343 -369.843109 -1720.263550
-1731.003540 -369.588531 -1725.123901
-1722.505249 -368.750458 -1730.883789
-1715.119385 -368.111694 -1738.018555
-1707.801025 -367.561279 -1745.169312
-1700.580933 -368.304352 -1752.118286
-1693.121460 -369.281830 -1759.287231
-1685.606812 -369.884949 -1766.509155
-1678.119629 -370.160767 -1773.704712
-1670.770386 -370.193726 -1780.767700
-1663.560059 -369.565002 -1787.671631
-1655.426270 -368.993286 -1793.477173
-1646.791626 -368.289368 -1798.928467
-1638.428833 -367.606750 -1804.479492
-1630.063477 -366.956177 -1810.470825
-1621.844727 -366.394440 -1816.657471
-1613.936523 -366.067535 -1822.906494
-1605.118164 -366.014221 -1828.447510
-1595.015259 -366.882416 -1829.725464
-1584.845337 -367.592438 -1828.197266
-1575.217773 -368.491272 -1825.557983
-1565.578369 -369.374817 -1822.550415
-1555.486084 -370.195068 -1820.140015
-1545.327881 -371.125000 -1821.779785
-1535.776001 -371.167145 -1825.471436
-1526.983765 -371.412903 -1830.586914
-1518.349121 -371.119049 -1835.785889
-1511.990845 -371.228851 -1843.968262
-1507.265015 -371.123932 -1853.069092
-1499.378662 -370.747223 -1859.422119
-1489.726807 -369.878571 -1863.080444
-1481.301636 -368.980743 -1869.142822
-1476.913086 -367.947571 -1878.342773
-1475.362793 -367.092987 -1888.330322
-1478.273071 -366.311035 -1898.220093
-1483.722900 -366.103577 -1906.812134
-1492.775024 -366.319763 -1911.474121
-1502.553467 -366.837402 -1915.027588
-1512.014160 -367.648041 -1918.214600
-1521.591309 -368.286133 -1921.416626
-1526.960205 -368.133820 -1923.211914
-1364.711548 -358.906525 -1320.536377
-1364.711548 -358.906525 -1320.536377
-1364.711548 -308.727112 -1320.536377
-1392.957520 -267.589508 -1324.159302
-1442.353638 -266.974365 -1331.946655
-1492.021851 -266.983368 -1339.776978
-1541.572388 -266.992371 -1347.588257
-1590.985840 -267.001343 -1355.378418
-1640.436279 -267.010773 -1363.175415
Custom
FlyDown
-1664.722534 -268.692261 -1366.972900
Custom
HailActor "Pulnil the Haggler" 2
-1665.713013 -295.444397 -1365.478149
