Changing of the Guard
Custom
HailActor "General Golias Sydwen" 9
476.257050 3.502500 -24.189919
466.726624 -0.309288 -23.949556
457.576263 -4.895927 -23.718779
447.610046 -7.302239 -23.036646
438.463226 -11.919100 -22.470575
428.359406 -12.247920 -22.250937
418.011871 -12.247145 -22.024776
408.041138 -13.612903 -21.728758
398.729248 -16.354046 -18.538893
393.171692 -17.159233 -9.875909
393.259827 -16.716246 0.404267
394.732605 -15.977853 10.514663
396.710327 -15.158117 20.402851
399.538239 -14.632413 30.161808
402.512146 -14.159226 39.839771
404.353638 -13.713781 49.811424
404.146454 -13.829949 59.918785
402.774628 -13.935993 70.025673
400.606628 -14.905249 80.105362
398.458435 -16.182928 89.961449
396.503296 -17.878262 99.683701
395.302185 -19.452549 109.566406
393.986542 -20.264620 119.567207
393.287262 -21.255529 129.698776
393.495728 -21.039152 139.820618
Wait
20
393.270355 -20.826485 151.676025
403.260864 -20.830814 152.429474
412.815033 -20.931208 155.475342
421.453278 -20.917959 160.599304
429.927917 -20.846762 166.134521
438.809753 -20.670151 171.263245
447.741333 -20.501326 176.418350
456.551361 -20.556107 181.704132
465.280457 -20.726164 187.118484
473.848206 -20.966663 192.432800
482.981934 -19.777470 197.448776
492.147644 -17.226351 201.378098
501.831146 -15.803019 204.510651
511.702454 -15.486010 207.362366
521.659973 -15.377276 209.638626
531.721680 -15.323925 210.908890
541.955505 -15.284034 212.017914
552.127258 -15.288483 212.047623
562.471069 -15.277460 211.699860
572.844543 -15.604771 211.158676
Wait
20
573.574768 -15.634673 211.119904
573.324768 -14.843239 201.103195
Custom
ClickActor door_widget13
573.264587 -14.643335 199.448349
573.240112 -14.701948 192.388321
563.560181 -14.701950 188.639328
Custom
HailActor "Beregis Geridion" 6
563.560181 -14.701950 188.639328
571.516663 -14.701950 194.889221
Custom
ClickActor door_widget13
572.903137 -14.701949 196.648865
Wait
20
573.596375 -15.723912 209.650162
563.432495 -15.363796 210.218445
553.452332 -15.352019 210.909592
543.150208 -15.330303 211.289413
532.972046 -15.339551 210.471130
522.649719 -15.510111 208.657135
512.561096 -15.549850 206.811234
502.306274 -15.734853 204.935043
492.363708 -17.115288 203.022293
482.648712 -19.578598 200.670990
473.523102 -21.184834 195.994110
464.359039 -20.789551 191.005173
455.795380 -20.496286 185.561172
447.061676 -20.444765 180.009003
438.571991 -20.607744 174.500320
431.906403 -20.828497 166.672668
423.498657 -20.907820 160.734695
414.112854 -20.932217 156.313553
404.413239 -20.847771 152.941544
Wait
20
394.173828 -20.833597 150.834412
393.629547 -21.003204 140.731766
392.884460 -21.299610 130.195007
388.493378 -20.752131 120.963791
382.613831 -20.400620 112.813591
376.965546 -20.083933 104.433327
371.733398 -19.784145 95.722267
366.432343 -19.600544 87.008453
361.150757 -19.899668 78.458153
355.810181 -20.736557 69.812134
350.259003 -21.135677 61.281822
344.106476 -21.163784 53.100513
337.860107 -21.296160 45.013165
331.728394 -21.387209 37.074207
325.459045 -20.982044 28.957174
319.235596 -20.851915 20.899492
312.942230 -20.922497 12.637389
313.347961 -20.340446 2.613909
318.470673 -21.098141 -6.435888
322.445557 -21.402052 -15.949631
323.659241 -21.405869 -26.197075
318.274414 -21.205433 -34.051689
317.500275 -20.678467 -44.138016
317.088928 -20.369356 -54.658600
315.962341 -20.699263 -64.777229
314.818115 -21.226025 -74.894058
314.164490 -22.020956 -84.859482
315.671204 -22.793247 -94.895340
318.693634 -23.313416 -104.747253
322.748352 -23.588993 -114.099480
327.405762 -23.622595 -123.195145
332.072174 -23.608589 -132.307297
336.635986 -23.680981 -141.219193
341.216949 -24.161896 -150.164459
346.681946 -24.653452 -159.036484
352.693634 -25.086393 -167.111130
358.902985 -25.408062 -175.321152
365.021942 -25.130848 -183.411545
371.272339 -24.164543 -191.612885
379.774261 -24.029989 -197.170074
389.256653 -23.973219 -201.591660
398.448364 -23.499022 -205.922760
405.874634 -22.975760 -212.605560
400.258118 -21.213364 -220.854095
Custom
ClickActor door_widget17
394.534393 -18.854782 -228.401459
391.890442 -18.855379 -231.531204
382.280518 -18.855392 -234.412003
380.578278 -18.855392 -241.432724
378.641907 -18.068521 -244.398514
382.223267 -16.896894 -244.755569
382.229950 -16.033981 -242.357834
378.512604 -14.646845 -242.462418
379.532227 -13.652738 -245.268661
382.295654 -12.841661 -244.665085
380.971924 -12.396846 -241.264221
380.581909 -12.396846 -238.909195
Custom
HailActor "Lord Drystan Ironforge" 8
383.078583 -12.396845 -236.423935
379.183258 -13.850213 -245.022354
378.898285 -14.896846 -241.834839
381.541138 -15.646846 -240.600403
385.657715 -18.855389 -236.953491
382.134735 -18.855391 -239.905624
381.980103 -18.821859 -234.239166
392.048859 -18.855381 -232.359253
Custom
ClickActor door_widget17
394.981995 -18.854887 -231.452347
400.159180 -19.798008 -226.509277
407.236267 -22.848637 -219.874756
406.251526 -20.727823 -230.000610
402.347595 -19.375280 -239.226669
394.268127 -19.549456 -245.417511
Custom
ZoneDoor "Ironforge Storehouse"
393.273407 -19.544453 -245.788589
4.413550 -0.476184 -9.007914
-2.583596 -0.476185 -1.723842
-2.006286 -0.904997 8.366880
-1.964949 -3.436390 16.104897
7.384093 -6.476187 14.213242
-0.250716 -6.476187 8.680540
-8.986891 -6.391740 9.953898
-7.995833 -6.512886 19.992174
1.163815 -6.561986 24.064939
11.061373 -6.406651 22.523834
Custom
ClickActor floor_crate_darkelf_wood01 1
12.827789 -6.221416 21.207457
2.896663 -6.426896 23.125492
-7.107590 -6.574308 23.554762
-7.932258 -6.446784 13.504921
-7.677475 -6.405885 8.544569
2.420860 -6.476187 9.235852
Wait
20
7.406345 -6.476187 9.456790
4.538176 -6.476857 0.394523
-5.451089 -6.478275 0.869620
-15.455630 -6.475749 1.264874
-23.385509 -6.456168 2.112216
-22.587790 -6.444537 12.206913
-23.055088 -6.444537 22.307882
Custom
ClickActor floor_crate_darkelf_wood01 1
-25.505236 -6.444537 29.973686
-24.680531 -6.444537 19.958191
-22.944626 -6.444537 10.099173
-20.955694 -6.457954 0.286417
-10.941244 -6.478592 1.364043
-0.905376 -6.477848 1.278426
4.736882 -6.477115 -7.024473
-3.371119 -6.476187 -13.032712
-13.497253 -6.469090 -12.909904
-13.252004 -6.441645 -22.975353
-11.850976 -6.422834 -32.985878
Custom
ClickActor floor_crate_darkelf_wood01 1
-14.330500 -6.234114 -40.258129
-12.798409 -6.535062 -30.357798
-13.474387 -6.441585 -20.225050
-12.434097 -6.454172 -11.162546
-2.507427 -6.476187 -12.866558
5.534560 -6.476520 -12.094766
5.037986 -6.476697 -2.036602
6.535938 -6.447872 8.039906
Wait
20
6.873084 -6.476187 15.661549
-2.739056 -3.476181 15.298656
-1.654622 -0.476185 5.705328
1.160579 -0.476184 -3.998088
4.353459 -0.476184 -13.479965
Custom
ZoneDoor Exit
-0.798350 1.159981 -13.739958
396.714386 -18.194675 -248.372375
401.466095 -19.291304 -239.572983
407.658630 -20.919552 -231.503769
409.328400 -22.825500 -221.570358
402.546967 -23.121984 -213.469772
395.316071 -23.601665 -206.173752
388.103973 -24.164476 -199.228531
380.891235 -24.719252 -192.283905
373.543304 -24.987940 -185.209213
366.235931 -25.012142 -178.173553
359.023071 -24.773878 -171.228958
351.621185 -24.917913 -164.102325
344.313843 -24.516912 -157.066681
337.486816 -24.036707 -149.468460
332.983765 -23.559784 -140.307037
329.319977 -23.545225 -130.988968
325.748749 -23.616756 -121.555519
322.205811 -23.528421 -111.870796
318.561646 -23.132500 -102.223579
314.979401 -22.676584 -92.733406
311.995026 -22.175283 -82.908508
310.479828 -21.824917 -72.925797
311.136536 -21.173536 -62.650150
313.099335 -20.612036 -52.621708
314.693787 -20.852402 -42.680412
316.186066 -21.383799 -32.792446
316.133728 -20.928314 -22.686373
316.177155 -21.154516 -12.617955
316.384521 -21.001507 -2.102054
316.988831 -20.745975 8.155149
319.913513 -20.851915 17.930624
324.267761 -20.851913 26.944214
329.490662 -21.461752 35.836010
334.683563 -21.513130 44.593369
339.847717 -21.364910 53.302353
345.021515 -21.497459 62.027454
350.137939 -21.329807 70.655785
355.436096 -20.922512 79.590508
360.581177 -20.593340 88.267212
365.200531 -20.765402 97.235809
370.356567 -20.772884 105.906013
376.068756 -20.526831 114.126297
382.165466 -20.931223 122.512939
388.572906 -21.267427 130.275940
394.123962 -21.054379 138.800507
392.815277 -20.821854 148.991364
Wait
20
392.475128 -20.841234 151.760452
402.699768 -20.832481 152.680710
412.771576 -20.930389 155.254181
422.159790 -20.915026 159.662323
430.802673 -20.851011 164.998489
439.158447 -20.676510 170.749741
447.701874 -20.503036 176.355515
456.230438 -20.553497 181.600525
464.784180 -20.706917 186.804550
473.594269 -20.944891 192.164520
482.631470 -19.881626 197.004593
491.743744 -17.305006 201.196167
501.328339 -15.872010 204.102600
511.491547 -15.609073 206.156113
521.420105 -15.549168 208.140884
531.330261 -15.403525 210.121933
541.288269 -15.331486 211.250900
551.689636 -15.351624 210.956680
561.709595 -15.353331 210.492462
571.863831 -15.662536 209.532944
Wait
20
574.345215 -15.768548 209.284210
573.407349 -14.649576 199.285431
Custom
ClickActor door_widget13
573.442200 -14.653945 199.169861
573.110107 -14.701947 191.530380
Custom
HailActor "Beregis Geridion" 5
563.376160 -14.701953 189.064804
