Karma Concordium
Custom
HailActor Akina 6
569.908386 -75.353638 -224.658386
560.672363 -75.604027 -219.786423
554.691711 -75.473824 -211.564713
Custom
Teleporter 555.246021 -75.271660 -201.025064
555.876831 -75.376762 -204.336975
532.023987 -30.809954 -229.727097
527.573486 -31.359104 -220.535950
519.211609 -31.359102 -214.242645
509.315063 -31.746752 -210.958725
500.191864 -28.993149 -207.647873
491.165771 -25.591799 -210.910034
488.312164 -24.858278 -220.891785
490.119202 -21.346832 -230.319931
484.776337 -20.932266 -238.961578
475.284485 -20.628052 -242.451538
465.528534 -20.297083 -246.038574
455.843506 -20.216846 -248.911621
445.416046 -20.592621 -246.783798
436.227997 -21.225792 -242.487305
427.495209 -21.854044 -237.177429
418.631165 -22.384895 -231.717484
411.484131 -22.697292 -224.707367
404.976959 -22.968376 -216.909256
398.218140 -23.306828 -209.241074
391.490509 -23.944014 -201.608322
384.095367 -24.518751 -194.357391
376.422943 -24.937279 -187.698975
368.854980 -25.068277 -181.136429
360.930145 -25.088129 -174.264359
353.230804 -25.091259 -167.398727
346.328033 -24.679192 -159.873550
340.576721 -24.195757 -151.372910
335.838013 -23.714186 -142.282440
331.374146 -23.600298 -133.034393
326.944489 -23.602819 -123.857262
322.309479 -23.590120 -114.254639
317.797699 -23.319597 -104.907318
313.275177 -22.939098 -95.530212
309.127869 -22.431341 -86.395386
306.209106 -21.843960 -76.760422
305.834137 -21.705236 -66.170204
306.078949 -21.419561 -55.467266
309.079437 -21.045206 -45.632423
313.317749 -21.387789 -36.486843
317.120392 -21.352362 -27.164631
318.656158 -21.202032 -16.807684
318.725128 -21.099157 -6.696501
318.773163 -20.817204 3.777139
319.746674 -20.851913 13.848471
322.479980 -20.851913 23.677076
326.742615 -21.463816 33.285637
332.343140 -21.600353 42.077309
337.883240 -21.341496 50.554379
342.580566 -21.512138 59.753460
347.024597 -21.568668 68.941124
351.447845 -21.124798 78.086357
356.114227 -20.801498 87.107735
361.443268 -20.764631 95.809807
367.653809 -20.860552 103.887535
373.724854 -20.567390 111.934196
380.232788 -20.783600 120.177658
390.884857 -21.064342 126.261742
392.996216 -21.219467 136.388306
393.367035 -20.826797 146.524277
Wait
20
393.834229 -20.820889 151.708099
403.984589 -20.850040 153.380814
413.909576 -20.930117 155.702438
422.015503 -20.914366 162.178574
428.686340 -20.846163 170.100098
431.545349 -20.750940 180.018890
434.255493 -20.685854 189.978897
437.642212 -20.525311 199.673340
441.130432 -20.463724 209.163391
444.760651 -20.639416 218.499405
449.943695 -21.304382 227.392746
458.100555 -22.084497 233.420380
467.999359 -21.890852 237.071701
478.163300 -21.102106 238.398407
488.230377 -20.408344 239.501114
498.237274 -19.814257 240.573441
508.692749 -19.446400 241.595032
519.155151 -18.932175 242.541824
529.325378 -18.459578 243.176788
539.935913 -18.032080 243.480743
550.376221 -17.755934 243.669022
560.448669 -17.725166 243.537674
570.873291 -17.906452 242.121185
581.123230 -17.932514 240.590744
591.232971 -18.032537 239.081192
601.451721 -18.177750 237.555389
611.499084 -18.348402 236.055206
621.561523 -18.595032 234.549576
631.474365 -18.930166 232.816681
641.523071 -19.135307 230.049118
651.297791 -19.158207 227.113449
661.669373 -19.410259 224.518372
671.640869 -19.654360 222.352966
679.880737 -19.457018 216.093552
686.059570 -19.495285 208.015289
691.043030 -19.521713 199.256271
697.748291 -19.527367 191.707108
706.260864 -19.513376 185.431610
707.412415 -19.460611 176.107819
698.538757 -19.798172 170.558121
690.085205 -20.267372 164.543198
682.686157 -20.656200 157.630096
676.271667 -20.982885 149.914383
680.553650 -19.889574 140.697952
689.602234 -18.993793 136.170151
698.817322 -19.936960 131.534561
Custom
ClickActor door_magetower
706.936768 -20.340302 128.255280
712.657349 -20.361343 124.751289
720.709167 -19.638994 118.291115
Custom
Teleporter 728.734436 -20.359667 113.779327
721.105774 -19.638996 118.388565
Custom
HailActor Rystan 3
715.700134 86.874878 121.719078
Custom
Teleporter 721.024414 86.879822 118.389694
718.673523 86.879822 119.611145
721.005127 -19.638996 118.691513
Custom
HailActor Crexisz 8
709.238953 -20.366030 119.621346
712.810181 -20.357401 123.088966
Custom
Teleporter 728.734436 -20.359667 113.779327
721.059692 -19.638996 118.381386
717.235168 86.881233 120.569534
Custom
ZoneDoor "zone_to_qey_epic15_concordium_bellengere"
701.735107 86.878487 129.541824
28.356886 9.901327 -55.764854
Custom
ExecuteCommand "RI_Atom_SetLockSpot ALL"
29.479015 9.901327 -56.981422
Custom
ClickActor "celestial_watch_x5 quest update page" 1
29.479015 9.901327 -56.981422
Custom
ExecuteCommand "RI_Atom_SetLockSpot ALL"
26.737118 10.500426 -62.150520
Custom
ClickActor "celestial_watch_x5 quest update page" 1
26.737118 10.500426 -62.150520
Custom
ExecuteCommand "RI_Atom_SetLockSpot ALL"
23.480114 9.901326 -66.718948
Custom
ClickActor "celestial_watch_x5 quest update page" 1
23.480114 9.901326 -66.718948
21.735985 9.901327 -56.737576
Custom
ExecuteCommand "RI_Atom_SetLockSpot ALL"
19.187471 10.321844 -49.780293
Custom
ClickActor "celestial_watch_x5 quest update page" 1
19.187471 10.321844 -49.780293
14.334805 9.901326 -58.721092
Custom
ExecuteCommand "RI_Atom_SetLockSpot ALL"
12.975037 9.898873 -68.378029
Custom
ClickActor "celestial_watch_x5 quest update page" 1
12.975037 9.898873 -68.378029
9.943452 9.901326 -58.824070
Custom
ExecuteCommand "RI_Atom_SetLockSpot ALL"
7.633735 9.901326 -49.558262
Custom
ClickActor "celestial_watch_x5 quest update page" 1
7.633735 9.901326 -49.558262
3.171343 10.058759 -58.569454
-4.298249 9.901326 -65.219421
Custom
ExecuteCommand "RI_Atom_SetLockSpot ALL"
-6.644051 10.671996 -67.135216
Custom
ClickActor "celestial_watch_x5 quest update page" 1
-6.644051 10.671996 -67.135216
-7.497805 9.901326 -57.041321
Custom
ExecuteCommand "RI_Atom_SetLockSpot ALL"
-7.605947 10.118032 -49.932217
Custom
ClickActor "celestial_watch_x5 quest update page" 1
-7.605947 10.118032 -49.932217
-17.516800 9.901326 -51.368469
Custom
ExecuteCommand "RI_Atom_SetLockSpot ALL"
-26.980206 9.901326 -53.933529
Custom
ClickActor "celestial_watch_x5 quest update page" 1
-26.980206 9.901326 -53.933529
-22.248499 9.901326 -56.252476
Custom
ExecuteCommand "RI_Atom_SetLockSpot ALL"
-26.856865 9.901338 -62.860985
Custom
ClickActor "celestial_watch_x5 quest update page" 1
-26.856865 9.901338 -62.860985
-16.957748 9.901326 -64.715668
-6.509713 9.901326 -64.373184
3.351655 9.901327 -62.428074
12.008119 9.901326 -57.247704
21.346943 9.901326 -53.372620
Custom
ZoneDoor zone_from_qey_epic15_concordium_bellengere
24.936975 9.901326 -53.502319
703.190002 86.878822 128.779999
712.204773 86.874878 123.401527
Custom
Teleporter 721.024414 86.879822 118.389694
718.732422 86.879822 119.669273
721.088318 -19.638990 118.382599
711.637024 -20.359131 121.603889
Custom
HailActor Crexisz 4
709.283386 -20.366043 119.875961
Custom
Target Crexisz
709.805359 -20.364565 120.424393
Wait
50
709.805359 -20.364565 120.424393
Custom
ClickActor door_magetower
709.953003 -20.372765 126.445244
705.891357 -20.340302 128.592804
696.324890 -19.595779 132.090286
687.835144 -19.064302 137.390152
679.314880 -20.363638 142.716812
674.734192 -20.993486 151.780273
679.806641 -20.504129 160.737564
688.631470 -20.135349 166.545715
697.327332 -19.765699 171.491714
705.491821 -19.454750 177.717545
704.411194 -19.534369 187.773804
697.148743 -19.520395 195.712463
689.311523 -19.521713 203.241409
684.069275 -19.472731 211.831390
676.670410 -19.601305 219.254440
666.994202 -19.535402 222.688339
656.929321 -19.274212 225.585266
647.104187 -19.167730 228.461548
637.505737 -19.088232 231.271423
627.965759 -18.742645 234.299072
618.082275 -18.363468 236.523315
607.930786 -18.173790 238.358871
597.670776 -18.018185 240.214050
587.347229 -17.876440 242.070786
576.964111 -17.950022 243.016220
566.515991 -17.822748 243.946686
556.096008 -17.728733 244.127991
546.094604 -17.827461 244.142624
535.447693 -18.143778 244.158234
525.382385 -18.590321 244.173019
514.917786 -19.183514 243.820969
504.687408 -19.591253 243.138779
494.645691 -19.984724 242.464844
484.289734 -20.446218 241.769806
474.153809 -21.089193 241.089584
464.341217 -22.004635 237.906662
455.689819 -22.021034 232.735443
448.016663 -21.146702 225.958084
441.510620 -20.521786 217.636108
436.450287 -20.255764 208.429916
431.245880 -20.246796 198.961517
426.291840 -20.662397 189.948578
421.360504 -20.984112 180.977081
416.497437 -20.953402 172.129776
411.619232 -20.959055 163.254852
407.677185 -20.931698 153.731522
405.932953 -20.842197 143.319626
Wait
20
405.323395 -20.822222 138.701004
395.259583 -21.017250 138.648392
384.927612 -21.083651 136.239883
377.991089 -20.725945 128.840607
377.776184 -20.577427 118.711548
381.565613 -20.030622 109.255058
385.461060 -18.609007 99.838783
389.202271 -16.763088 90.531624
392.014587 -15.341063 81.033051
394.865997 -14.289812 71.118744
397.817719 -13.968389 60.889091
400.765076 -13.757478 51.003017
403.216888 -14.077516 41.094517
401.690033 -14.538421 30.781794
399.716736 -15.042066 20.639977
397.743439 -15.824268 10.498160
395.938049 -16.663252 0.661705
394.705017 -17.026817 -9.322204
394.140503 -17.192579 -19.544010
393.659607 -16.761515 -29.628000
393.928558 -16.521343 -39.763920
394.783966 -16.111244 -49.759842
395.056763 -15.744628 -60.040020
395.254822 -15.712913 -70.433128
395.521210 -15.749393 -80.541100
395.872650 -16.051760 -90.930023
396.899719 -18.714750 -100.574211
399.138428 -22.525007 -109.954376
402.713226 -23.675741 -119.227066
406.974762 -23.440460 -128.357513
411.613983 -21.410286 -137.465836
416.145935 -19.200941 -146.363647
420.627869 -17.554874 -155.163223
425.252777 -17.089569 -164.243500
429.669250 -16.901030 -173.630234
433.107117 -17.307556 -183.329422
435.606995 -17.948170 -193.224426
438.057098 -19.326191 -202.985901
439.972473 -20.768877 -213.355606
440.948822 -20.972559 -223.340744
441.951294 -20.802197 -233.592346
444.897461 -20.608004 -243.494202
453.369476 -20.302031 -248.834686
463.748077 -20.152813 -248.299255
473.238190 -20.455866 -244.747910
482.496735 -20.803461 -240.683212
490.187775 -21.004768 -233.864853
491.486511 -23.465141 -224.125610
488.972626 -25.591799 -214.575653
497.961517 -27.778507 -210.436432
507.488953 -31.746752 -210.324860
517.301758 -31.359102 -213.528168
525.660645 -31.359102 -219.431473
531.457031 -30.809954 -227.597855
Custom
Teleporter 532.967944 -30.809954 -234.681352
532.202148 -30.809954 -230.318756
557.717712 -75.424759 -203.606354
556.204407 -75.561905 -213.785492
562.942444 -75.581253 -221.335114
Custom
HailActor Akina 2
569.807678 -75.317818 -225.229507
