Law of the Land
Custom
HailActor Rinna 4
787.004150 -21.957760 -536.223206
787.143860 -22.798542 -526.221802
785.123779 -22.865454 -516.185486
781.870483 -21.974184 -506.599915
775.239990 -21.799089 -498.805664
768.175842 -21.799089 -491.449707
760.690613 -21.799089 -484.326111
753.009460 -21.947336 -477.899658
744.690674 -22.311800 -472.129822
736.137207 -22.311800 -466.947998
727.461243 -21.955500 -461.785004
719.019958 -21.028690 -456.495453
711.488342 -20.513277 -449.707703
706.467896 -17.358236 -441.642670
703.754578 -16.023663 -431.836639
700.452209 -15.678338 -422.131836
697.141113 -14.276941 -412.744812
692.732666 -13.344243 -403.552155
686.373657 -12.342959 -395.877899
681.818420 -11.472457 -386.747833
677.609802 -10.790101 -377.469574
673.311829 -11.884379 -368.432068
668.388916 -11.992226 -359.636414
663.334595 -13.065774 -351.043091
658.239868 -14.707079 -342.382080
652.936646 -16.627485 -333.922089
645.672119 -18.115122 -327.154053
635.810974 -17.204533 -325.016937
625.981018 -17.750685 -322.946411
615.971619 -18.828466 -320.954468
606.127441 -20.071932 -319.318176
596.169434 -20.866751 -318.098816
586.156616 -21.073320 -316.872620
576.205017 -21.509865 -315.653870
566.168945 -21.920486 -314.424927
556.226563 -21.728699 -313.207275
546.790222 -21.292879 -309.710571
539.731262 -20.959753 -302.345947
531.287354 -20.750132 -296.710754
522.394897 -20.729996 -291.896332
513.110535 -20.820211 -287.956848
Custom
ZoneDoor "zone_to_qey_north"
510.114044 -20.922026 -287.283600
494.555481 -20.402903 -278.142059
485.013245 -19.853085 -274.915985
475.419647 -19.741081 -271.672455
465.721405 -19.841545 -268.393677
456.112701 -19.816601 -265.145172
446.232422 -20.379644 -263.315796
436.010468 -20.961430 -263.567505
426.007233 -20.601215 -264.085571
415.925140 -19.007751 -264.607788
405.953247 -17.977631 -265.124207
395.965546 -17.485008 -265.641418
385.783325 -17.401522 -265.559265
376.277771 -17.563059 -262.152435
367.386780 -17.890682 -257.239227
359.340210 -18.166468 -251.276093
351.554321 -18.366045 -244.806732
344.073456 -18.262581 -238.003891
337.254456 -18.271399 -230.360031
333.133209 -21.385237 -221.571213
329.554260 -22.955618 -212.350357
325.878754 -22.882286 -202.879776
322.145844 -22.497414 -193.568298
317.739014 -22.243870 -184.488678
311.786346 -22.897064 -176.379532
304.642456 -23.832022 -169.313217
297.491150 -21.522079 -162.276550
291.322083 -19.683830 -154.564835
287.261627 -18.743956 -145.254730
286.520477 -18.748808 -135.233963
288.023834 -18.196182 -125.076828
288.272614 -17.999498 -116.310959
ClickActor
door_widget10
284.107605 -17.910803 -117.169197
Wait
20
284.107605 -17.910803 -117.169197
279.561310 -17.946672 -117.968086
Custom
HailActor Feld 12
276.527863 -17.946672 -115.870247
ClickActor
door_widget10
282.328613 -17.946672 -117.233658
Wait
20
282.328613 -17.946672 -117.233658
287.961731 -17.960657 -115.821503
292.959686 -18.924198 -106.749962
296.773315 -20.496788 -97.606163
301.598450 -21.409460 -88.793892
306.435303 -21.999392 -79.774757
310.732880 -21.682728 -70.258354
314.254211 -20.742641 -60.657856
317.654022 -20.267588 -51.001362
316.946716 -20.879158 -40.944248
316.360779 -21.388515 -30.747536
316.205231 -20.689608 -20.527697
316.119446 -21.216095 -10.478249
316.029999 -20.957411 -0.256891
316.573792 -20.816008 10.012428
319.182861 -20.851915 19.672804
322.954651 -21.272734 29.119419
327.853333 -21.698051 37.999027
333.260315 -21.597088 46.504787
338.904785 -21.476618 55.121128
344.488983 -21.595787 63.645248
350.038574 -21.307701 72.116646
355.691681 -20.912020 80.746140
361.206635 -20.585827 89.164856
366.700592 -20.730930 97.597221
372.317413 -20.775023 106.118469
377.841461 -20.610500 114.493309
383.366638 -20.979383 122.942894
389.208771 -21.293846 131.195480
395.134338 -20.980640 139.505112
Wait
20
397.521027 -20.886454 142.852051
Wait
20
391.761230 -20.856348 152.172516
Wait
20
403.966827 -20.841957 152.809708
410.836945 -20.951372 160.238708
417.715576 -20.938284 167.612610
424.773987 -20.919310 175.179123
431.596039 -20.729334 182.492371
437.334686 -20.612366 190.750793
442.580688 -20.592194 199.284195
447.734314 -20.680115 208.110855
452.815308 -20.907953 216.980423
457.857086 -21.294659 225.781616
461.446655 -22.203785 235.084351
463.494415 -21.322794 244.934601
466.329742 -20.243006 254.703583
469.510895 -19.502138 264.255005
Wait
20
477.662140 -19.507360 264.510132
Custom
ZoneDoor "Enter the Stranger's Apartment"
477.662140 -19.507360 264.510132
0.136309 -1.997386 7.467780
0.095090 -1.997422 -2.637347
Wait
20
0.072553 -1.997432 -5.046904
Wait
20
-2.050703 -1.968549 -8.450453
-2.610396 -5.497691 -17.796976
Wait
20
-2.882468 -5.497691 -22.340422
-2.066832 -4.276802 -12.420246
-1.262389 -1.997416 -2.622396
Wait
20
-1.091288 -1.997410 -1.000048
1.827661 -0.901916 -9.929979
Wait
20
1.810858 1.592595 -16.008505
Wait
20
-3.727882 1.502500 -15.719530
Wait
20
-3.196318 5.000610 -9.211104
Custom
ClickActor bedroom_door_01
0 0 0
-3.196318 5.000610 -9.211104
Custom
ClickActor bedroom_door_02
0 0 0
-3.196318 5.000610 -9.211104
-3.196318 5.000610 -9.211104
-3.083247 5.002500 -5.045434
ClickActor
rinna_contact
-3.001194 5.002500 -1.991586
Wait
20
-3.001194 5.002500 -1.991586
Wait
20
-3.235562 5.002500 -7.395776
Custom
ClickActor bedroom_door_01
0 0 0
Custom
ClickActor bedroom_door_02
0 0 0
-3.235562 5.002500 -7.395776
-3.089809 4.198185 -10.447634
Wait
20
-3.177590 1.661656 -16.070593
Wait
20
1.288974 1.502500 -14.875673
1.233251 -1.997105 -5.443310
0.235723 -1.997390 4.586786
Custom
ZoneDoor "Leave the Apartment"
-0.069873 -1.997386 8.491600
469.774597 -19.507357 267.548706
459.709320 -20.443321 266.507477
451.126434 -21.411510 261.308502
447.745178 -21.782719 251.896576
446.276489 -21.340706 241.767349
443.995453 -21.105730 231.724091
441.592987 -20.568916 221.853592
439.190186 -20.397408 211.983185
435.953857 -20.347624 202.419998
431.798889 -20.580658 193.322968
427.805237 -20.903900 184.067825
423.438507 -20.934055 174.935120
417.528473 -20.937860 166.829132
411.113464 -20.946295 158.872223
404.243713 -20.826658 151.540802
Wait
20
402.687317 -20.837570 149.934708
405.788757 -20.831377 140.137436
Wait
20
405.873260 -20.827583 139.868195
Wait
20
396.006439 -20.951450 139.415771
388.837646 -21.307571 132.190277
382.429565 -20.958113 124.263878
376.662750 -20.520666 115.843964
371.019409 -20.730650 107.510765
365.367279 -20.827332 99.164528
360.010742 -20.735302 90.459625
354.702423 -20.958044 81.742683
349.467957 -21.329189 73.146835
344.225250 -21.644192 64.537544
339.007080 -21.515913 55.968586
333.682495 -21.572786 47.224762
328.406952 -21.688740 38.561630
322.959351 -21.321333 29.616005
317.716522 -20.922478 21.006683
312.375549 -20.972342 12.235935
308.202393 -21.178318 2.878665
311.859680 -21.120787 -6.654567
316.734863 -21.101042 -15.566883
319.878571 -21.410557 -25.168892
318.277985 -21.126072 -35.493607
315.500275 -20.707445 -45.412510
312.835236 -20.703650 -55.312687
311.049561 -21.345728 -65.410843
311.056763 -21.885632 -75.526268
312.752075 -22.284727 -85.517769
315.802582 -22.831202 -95.507965
319.603638 -23.234863 -104.858040
323.629944 -23.596010 -114.150505
327.662598 -23.622135 -123.457428
331.707794 -23.608158 -132.793213
335.932526 -23.705303 -142.031387
340.327148 -24.176243 -151.030426
345.905975 -24.655020 -159.569305
352.331299 -25.118671 -167.433777
359.448029 -25.329975 -174.670471
367.341095 -25.203041 -181.698120
374.878174 -24.953289 -188.271255
382.611633 -24.545206 -194.858780
390.175934 -23.967609 -201.775711
397.324280 -23.318451 -208.837952
404.558441 -23.027042 -215.992569
411.792572 -22.748371 -223.147232
418.970764 -22.381813 -230.246567
426.130066 -21.957350 -237.251831
433.559052 -21.479639 -243.947525
441.562469 -20.945518 -250.271729
450.116089 -20.376228 -255.512924
458.880157 -19.929293 -260.743195
467.536011 -19.784119 -265.908905
476.178345 -19.719902 -271.066559
484.989227 -19.940235 -276.216736
493.977600 -20.432240 -280.905884
503.459839 -20.995001 -284.031708
Custom
ZoneDoor "zone_to_qey_elddar"
507.189301 -21.249657 -284.959045
517.851013 -20.595581 -285.383118
526.141174 -20.679369 -291.231018
533.476807 -20.797363 -298.149811
540.924500 -21.055502 -305.174133
548.931274 -21.371515 -311.359253
558.729431 -21.822750 -313.404083
568.733032 -21.808319 -314.921631
578.746460 -21.420008 -316.323334
588.588379 -20.114603 -317.700989
598.586853 -20.545757 -319.094879
608.709595 -19.556280 -320.511902
618.624268 -18.390564 -322.133118
628.261108 -17.306021 -324.716919
637.660461 -16.657579 -328.573151
647.020691 -16.925133 -333.212616
655.580261 -15.553508 -338.277496
663.464233 -14.475005 -344.776733
672.064148 -13.981375 -350.071014
681.349670 -14.221212 -354.199860
689.232849 -14.240460 -360.590698
694.165466 -14.113908 -369.344879
699.038208 -14.843765 -378.290771
701.286743 -13.816523 -388.316254
701.394226 -13.881326 -398.437988
701.218079 -14.441399 -408.563385
701.095520 -15.515146 -418.579224
701.964600 -16.688063 -428.587585
705.654297 -16.283354 -437.919098
709.843079 -19.967041 -446.504395
716.166809 -20.900208 -454.291534
724.134949 -21.689837 -460.591431
732.301636 -22.243507 -466.364746
740.683472 -22.311800 -471.847687
749.176636 -22.149855 -477.305237
756.984802 -21.805347 -483.819427
764.513550 -21.799089 -490.498108
771.514954 -21.799097 -497.828278
778.199341 -21.860662 -505.288391
784.100220 -22.568260 -513.486450
788.695557 -23.005180 -522.593994
788.295227 -22.382771 -532.764771
Custom
HailActor Rinna 7
787.168213 -21.928534 -536.642334
788.985291 -22.844822 -526.624878
786.686462 -22.899630 -516.730286
782.093506 -21.979736 -507.755402
775.273315 -21.799089 -500.042175
767.860657 -21.799089 -492.958405
760.443604 -21.799097 -485.916931
752.659790 -21.908138 -479.319031
744.015686 -22.311800 -473.943481
735.083130 -22.311800 -468.942139
726.192017 -21.944092 -463.963898
718.122253 -21.124813 -458.032745
711.488464 -20.554092 -450.369415
706.930176 -17.384384 -441.523834
703.965332 -15.987335 -432.071381
700.995178 -15.812917 -422.474152
699.585022 -14.603233 -412.416077
699.480286 -13.291389 -402.431915
699.437744 -12.644279 -392.242523
698.812805 -14.054600 -382.079102
695.889221 -14.187708 -372.143127
691.156494 -14.193986 -362.911926
685.986816 -14.940268 -354.224518
680.327576 -15.850513 -345.865997
674.215820 -16.642059 -337.732941
667.888062 -19.179808 -330.296600
661.161255 -20.696209 -322.748566
654.255249 -20.878119 -315.192841
650.129700 -21.538456 -306.089172
649.574402 -22.057316 -295.900513
649.365417 -20.833479 -285.857117
648.707825 -19.804451 -275.751862
648.619812 -19.000364 -265.643036
649.371094 -18.495869 -255.576340
650.205627 -18.536770 -245.499359
650.987244 -18.996765 -235.434158
651.430542 -19.057758 -225.206848
651.663147 -18.356308 -215.098099
651.883728 -17.786816 -204.894608
652.065125 -17.939899 -194.674683
652.149841 -17.979513 -184.469162
652.233948 -18.238762 -174.373825
652.614380 -18.392809 -164.351624
654.461670 -19.123383 -154.410019
657.968994 -19.246758 -144.871033
663.419678 -19.949043 -136.480621
670.003174 -20.639116 -128.847641
676.693298 -20.709162 -121.140167
683.290527 -21.176216 -113.539742
689.949707 -21.549751 -105.867966
696.608887 -21.365002 -98.196190
703.278503 -21.129208 -90.512512
709.856628 -21.078281 -82.936996
716.724365 -20.863913 -75.654015
724.655884 -20.949362 -69.114426
733.024841 -21.170895 -63.276508
741.501648 -21.376802 -57.941624
750.111694 -21.474085 -52.670052
758.748657 -21.521336 -47.382034
767.279053 -21.143053 -42.130951
776.045654 -20.654850 -36.784145
Custom
HailActor Keklem 7
779.087524 -20.641619 -35.059959
773.609497 -21.130190 -43.749817
765.449646 -21.730061 -49.758324
756.039978 -21.620949 -53.765789
746.389343 -21.496111 -57.084709
736.904663 -21.267513 -60.353142
727.496155 -21.207497 -63.962330
718.661072 -20.969059 -68.716141
710.896912 -20.999086 -75.329605
704.723633 -21.123402 -83.350182
698.815308 -21.198944 -91.535240
692.227295 -21.512180 -99.432892
685.646362 -21.499580 -107.275177
679.095947 -21.008316 -115.081284
672.665955 -20.636789 -122.884659
666.394226 -20.270794 -130.894135
660.818909 -19.696836 -139.302155
655.882935 -19.123392 -148.287354
653.079041 -18.901854 -157.929459
652.427246 -18.241606 -168.000610
652.163696 -18.035130 -178.108307
651.961731 -17.939884 -188.296478
651.583191 -17.939898 -198.542374
651.135559 -18.047388 -208.722778
650.687317 -18.788368 -218.918869
650.105469 -19.099394 -228.902557
649.392395 -18.800203 -239.020447
648.467102 -18.532745 -249.025726
648.432983 -18.684299 -259.115448
649.072266 -19.183697 -269.330841
649.893127 -20.168497 -279.330017
650.563660 -21.210409 -289.387024
650.471375 -22.181221 -299.605133
650.185791 -21.252903 -309.791077
650.303650 -20.075686 -319.979004
652.682190 -17.881435 -329.543976
656.947083 -15.557770 -338.590424
661.546509 -13.786231 -347.417877
666.120850 -12.146254 -356.435455
670.773315 -11.857814 -365.395355
675.361450 -10.784716 -374.246246
680.104492 -11.073080 -383.122498
684.866699 -11.951046 -392.024261
689.576904 -12.827205 -400.828918
694.326050 -13.636715 -409.843689
698.301086 -14.987353 -419.003052
701.879211 -16.756306 -428.291687
705.478577 -16.241055 -437.724060
708.992920 -19.878262 -446.375336
714.456787 -20.908833 -454.796051
722.203857 -21.619179 -461.329590
730.941345 -22.195242 -466.256287
739.815674 -22.311800 -471.102936
748.347412 -22.059206 -476.315460
756.511902 -21.813349 -482.170776
764.226501 -21.799089 -488.945038
771.543579 -21.799089 -495.968140
778.673462 -21.831913 -503.696198
784.385254 -22.474957 -512.085022
788.514832 -22.981417 -521.338623
789.018555 -22.556435 -531.473267
Custom
HailActor Scheln 3
789.177002 -22.384390 -533.356628
