Of Clocks and Clankers
Custom
HailActor Marik 5
573.635925 -17.123644 263.948059
572.374023 -17.123644 253.754562
572.374023 -17.123644 253.754562
ClickActor
door_widget2
576.191162 -17.123644 252.022934
Wait
20
576.191162 -17.123644 252.022934
575.783936 -17.540184 247.037262
584.095032 -17.969425 241.387466
594.005859 -18.063261 239.172729
604.005554 -18.220678 238.191605
614.387756 -18.290953 237.073074
624.718811 -18.595634 235.657761
634.654968 -19.001368 232.698303
644.768616 -19.071346 230.669601
654.769531 -19.083101 227.723312
664.358704 -19.393805 224.827133
673.791931 -19.663385 221.057587
681.988037 -19.447340 215.146530
687.763794 -19.521715 206.155945
692.122925 -19.521715 196.869247
701.442078 -19.530813 193.144745
711.385193 -19.529921 194.600479
721.547119 -19.572716 195.123611
731.468872 -20.026640 192.603745
741.193115 -20.565956 190.071396
751.191895 -20.975723 187.467575
760.885742 -21.257643 184.943161
770.869080 -21.019613 182.343323
780.730591 -21.008942 179.775253
Custom
ZoneDoor "zone_to_qey_harbor"
787.605286 -20.948982 178.274948
806.250488 -22.066185 129.164673
808.990112 -23.308672 119.268127
811.697937 -23.310398 109.486488
814.471313 -23.308672 99.468323
817.194092 -23.308672 89.796631
820.469299 -23.332796 80.213638
823.016113 -23.308672 70.502136
824.829712 -23.308672 60.518459
829.484436 -23.308672 51.423260
832.943726 -23.308672 44.108208
842.872498 -23.114510 41.876259
853.215088 -24.127588 39.766518
863.025208 -25.427017 38.278774
873.645264 -25.486832 36.668221
883.853088 -25.428606 34.995056
892.413391 -25.514782 29.090298
899.791992 -25.368990 21.876072
903.919739 -25.368990 12.224347
906.022095 -25.368990 2.343585
906.294800 -25.368979 -7.838611
905.047668 -25.368990 -18.043430
903.168030 -25.368990 -27.893780
900.141052 -23.425997 -37.739468
897.205505 -24.633612 -47.234089
892.581177 -25.360720 -56.115177
883.568542 -25.360720 -61.237904
873.429810 -25.360720 -63.775581
862.996277 -25.360720 -64.416298
852.699890 -25.360720 -64.470276
842.545532 -25.360720 -63.829018
832.517090 -24.939749 -63.195671
822.614380 -22.809357 -62.570278
812.774597 -20.524643 -61.948864
802.526184 -20.655891 -61.300022
792.745789 -21.063578 -59.064491
782.807983 -21.392090 -56.417088
773.390930 -21.702473 -53.050137
763.297607 -21.732298 -50.421318
754.029541 -21.422049 -46.300358
744.848938 -21.388445 -42.215252
Custom
ClickActor "Clock of Ak'Anon"
740.848694 -21.208233 -40.285904
Wait
50
740.848694 -21.208233 -40.285904
Custom
ClickActor "Clock of Ak'Anon" 1
740.848694 -21.208233 -40.285904
747.297974 -21.372808 -32.576958
753.950806 -20.931808 -24.624716
760.779724 -20.925629 -16.983826
767.693054 -20.910099 -9.671142
774.320496 -20.639116 -1.916166
Custom
ZoneDoor "zone_to_qey_catacomb03_bloodsaber_ceremony"
779.191589 -20.405582 4.981572
0.678411 -0.276178 -2.559785
-4.755580 -0.274257 -2.520479
-8.127702 -0.274390 6.078452
-12.856008 -0.271414 9.973283
-20.081139 -0.271414 2.855661
-20.475819 -0.271414 1.953906
Wait
1800
-20.475819 -0.271414 1.953906
-13.964426 -0.271414 9.573432
-6.584801 -0.274365 2.694929
-2.237662 -0.272305 -2.737178
Custom
ZoneDoor "zone_to_qey_harbor"
1.976484 -0.276676 -3.355195
779.669983 -20.639118 6.800000
770.041443 -20.639116 3.119046
761.418152 -20.961819 -2.501562
755.709656 -21.031689 -12.118405
753.003418 -20.990206 -22.181906
753.552856 -20.948696 -32.312908
756.877930 -21.210190 -41.917477
764.474670 -21.629419 -48.464367
773.713867 -21.690014 -52.781136
783.537476 -21.371168 -55.981167
793.333008 -21.050821 -58.989059
803.356201 -20.661102 -59.957745
813.475403 -20.797035 -60.359261
823.327026 -22.990780 -60.750153
833.304565 -25.002167 -61.146046
843.376648 -25.360720 -61.545681
853.606018 -25.360720 -61.951565
863.725342 -25.360720 -62.353081
873.749207 -25.360720 -62.636536
883.382019 -25.360720 -59.861118
891.232422 -25.360720 -53.264854
895.939697 -23.909954 -44.131100
899.126282 -23.531998 -34.551727
901.829529 -25.368990 -25.037758
903.936584 -25.368990 -14.761467
903.679626 -25.368990 -4.035367
902.239441 -25.380577 6.736255
900.890991 -25.368990 16.820993
899.212158 -25.368990 27.147766
895.344666 -25.368990 36.473816
886.665039 -25.384190 41.689671
876.678406 -25.368990 42.854393
866.753174 -25.368979 41.095360
856.469543 -25.272038 40.575615
846.512329 -23.152174 41.627895
836.232727 -23.308672 43.593834
827.044739 -23.346460 48.812687
821.588257 -23.409735 57.666298
818.279053 -23.332102 67.626381
815.888245 -23.308672 77.675255
813.908813 -23.316629 87.542923
811.845642 -23.342825 97.827538
809.816589 -23.342064 107.942276
807.769043 -23.312147 118.149666
805.718567 -22.319752 127.905907
802.980957 -20.966232 137.832626
Custom
ZoneDoor "zone_to_qey_south"
799.023743 -21.021942 148.778183
776.694946 -21.016794 178.748001
766.834839 -21.200943 180.965195
757.024353 -21.317921 183.576721
747.202393 -21.080145 186.349594
737.278198 -20.497805 189.334991
727.666443 -19.895803 192.210617
717.880493 -19.529844 194.586029
707.822937 -19.530512 194.911942
697.277527 -19.522676 194.250885
686.838440 -19.478264 196.541092
684.494873 -19.413853 206.470963
682.042908 -19.515627 216.500641
673.673401 -19.693571 222.444138
664.224976 -19.324110 225.723206
654.164612 -18.992495 228.900436
644.468567 -19.018511 231.598022
634.636047 -18.846722 234.333618
624.650085 -18.486076 236.259460
614.743652 -18.183163 238.121155
604.805603 -18.022900 240.068878
594.539307 -17.837185 242.061417
584.562805 -17.705030 244.273895
576.261414 -17.117455 249.909973
ClickActor
door_widget2
576.222595 -17.118631 250.283707
Wait
20
576.222595 -17.118631 250.283707
575.928711 -17.123644 253.984985
572.576111 -17.123644 256.296295
Custom
HailActor Marik 7
572.396179 -17.123644 262.029266
