0.560049 -1.950507 17.830042
ReturnLOCS
0.642800 -2.958950 27.902422
0.442034 -5.506220 37.871082
0.383190 -8.470225 47.521812
0.562429 -12.016680 57.348129
Custom
CheckActiveQuest "A Restitch in Time: Lightning Strikes" 151
0.355144 -15.684290 66.718575
-9.579573 -15.684291 68.614388
-19.629929 -15.684290 66.699318
-28.873323 -15.684291 62.727268
-38.279011 -15.684291 58.795475
-48.162060 -15.684291 56.258060
-58.162029 -16.848885 54.481358
-68.249260 -18.425550 52.899578
-78.324425 -19.762457 51.319706
-88.284210 -19.763002 49.757923
-98.285439 -19.763597 46.326942
-104.623787 -19.763889 38.535564
-110.244644 -19.764313 29.700705
-115.724937 -19.764725 21.030491
-121.363579 -19.765127 12.350887
-130.107666 -19.190105 6.378799
-140.066742 -18.463537 5.657800
-148.652740 -18.419621 11.325030
-155.655914 -19.141117 18.898825
-162.757217 -19.305677 26.293839
-171.362839 -19.347506 31.944206
-180.854965 -19.316395 35.983944
-190.773132 -19.210423 38.744064
-201.047150 -19.156931 41.678516
Custom
ClickActor TintFlags-2682
-205.526672 -19.194263 42.728035
Wait
50
0 0 0
-27.020819 994.343811 -219.879593
-26.753107 994.343811 -209.642960
-26.489475 994.343811 -199.562378
-26.352505 994.343811 -189.291000
-26.558081 994.733948 -179.055634
-26.767960 994.583557 -168.605789
-26.971579 994.583557 -158.467804
-27.183413 994.583557 -147.920425
-27.383894 993.573608 -137.938400
-27.587116 991.897034 -127.819916
-27.792295 991.897034 -117.603973
-27.999826 991.897034 -107.271065
-28.008148 991.897034 -97.034470
-27.856173 991.897034 -86.661598
-27.704479 991.897034 -76.308205
-27.548216 991.897034 -65.642860
-27.399099 991.897034 -55.464966
-27.249977 991.897034 -45.287064
-27.099714 991.897034 -35.031166
-26.948318 991.897034 -24.697283
-26.821930 991.897034 -14.109567
-26.828276 993.400696 -3.959074
-26.855751 994.583557 6.414888
-26.882921 994.533752 16.671852
-26.909832 994.533752 26.831316
-26.938141 994.533752 37.517284
-26.965567 994.516663 47.871754
-26.992170 993.872620 57.914215
-27.049141 993.872620 68.014923
-27.408800 994.524841 78.265572
-27.780954 994.110718 88.476761
-27.896547 993.093079 98.537903
-27.974625 992.545654 108.755600
-28.052399 992.537659 118.934319
-28.130920 992.537659 129.210526
-28.208845 992.537659 139.408676
-28.291988 992.633423 150.289291
-28.346685 993.484985 160.585098
-28.333977 994.024475 170.666550
Custom
HailActor "Karana" 7 1 1 1 0 20
-28.319555 993.872620 182.105881
-28.534531 994.010620 172.038956
-28.543972 993.769531 161.988937
-28.640877 992.654480 151.713989
-28.776577 992.537659 141.672424
-28.916756 992.537659 131.299377
-29.051928 992.537659 121.296806
-29.189735 992.537659 111.099228
-29.327803 992.909851 100.882156
-29.466139 993.626099 90.645622
-29.605791 994.074036 80.311577
-29.744652 993.872620 70.036041
-29.884832 993.872620 59.663010
-30.020002 994.514282 49.660435
-30.159920 994.533752 39.306889
-30.297991 994.533752 29.089828
-30.436066 994.533752 18.872768
-30.574398 994.621155 8.636203
-30.712999 994.583557 -1.619858
-30.846590 991.897034 -11.505453
-30.985189 991.897034 -21.761518
-31.126951 991.897034 -32.251560
-31.082087 991.897034 -42.566925
-31.033535 991.897034 -52.706799
-30.984800 991.897034 -62.885662
-30.936907 991.897034 -72.889053
-30.888266 991.897034 -83.048447
-30.839252 991.897034 -93.285851
-30.789770 991.897034 -103.620735
-30.741505 991.897034 -113.702126
-30.692678 991.897034 -123.900528
-30.644411 992.189514 -133.981934
-30.597170 994.583557 -143.836655
-30.547878 994.583557 -154.132599
-30.498959 994.583557 -164.350510
-30.449478 994.583557 -174.685410
-30.401491 994.733948 -184.708328
-30.353130 994.343811 -194.809265
-30.008694 994.343811 -205.137543
-29.174368 994.343811 -215.144257
-28.257553 994.343811 -225.240906
Custom
ClickActor TintFlags-2682
-27.657593 994.343811 -229.557495
Wait
50
0 0 0
-195.199051 -19.140713 39.748013
-185.715622 -19.273539 35.588856
-176.504730 -19.330715 31.329035
-167.283920 -19.257372 27.064602
-157.903534 -19.262211 22.726377
-148.753265 -19.300255 18.494545
-139.625854 -19.164289 14.306479
-129.831299 -19.468472 10.994920
-119.625557 -19.764954 11.569979
-111.368286 -19.764273 17.303389
-104.363800 -19.763708 24.945015
-97.627426 -19.763231 32.679760
-91.003052 -19.762934 40.227543
-84.288643 -19.762669 47.877922
-77.458473 -19.762609 55.660202
-70.834106 -19.762548 63.207989
-63.978207 -19.762512 71.019554
-57.160839 -19.762693 78.787163
-50.356339 -19.762882 86.540131
-43.120056 -19.763113 93.681953
-35.370098 -19.763416 100.281204
-27.500828 -19.763752 106.980972
-19.616705 -19.764101 113.693398
-11.896635 -19.764460 120.297501
-4.690950 -17.984921 127.481140
1.630282 -16.161991 134.845398
1.340241 -12.424422 144.379333
1.052783 -9.238282 154.302765
1.023926 -6.332113 164.343781
1.068344 -3.524980 174.015701
1.113748 -1.034886 183.902145
1.160137 1.414140 194.003098
1.205809 3.560721 203.948044
1.251840 4.844908 213.970978
1.299393 5.059268 224.325424
1.347304 5.105311 234.757843
1.353535 4.756036 244.897797
1.312704 3.987936 254.881714
1.270197 2.010181 265.274933
1.230402 -1.054389 275.005219
1.188290 -1.231763 285.553894
1.153812 2.114029 295.260376
1.118786 4.866563 305.103241
1.077636 4.866563 315.165009
1.036167 4.866563 325.304749
0.996600 8.084180 334.959229
0.957172 11.843900 344.543335
0.916102 10.828616 354.585541
0.874633 10.640715 364.725281
0.833962 11.843900 374.670105
0.792094 10.332181 384.907288
0.749668 10.332181 395.281097
0.708598 10.332181 405.323364
0.667687 10.332181 415.326630
0.626139 10.332181 425.485870
0.584670 10.332181 435.625519
0.543360 10.332181 445.726257
0.502131 10.332182 455.807526
0.460263 10.332182 466.044861
0.416561 10.332181 476.730621
0.375172 10.332181 486.850891
0.333623 10.332181 497.010132
0.292154 10.332182 507.149841
0.250526 10.332181 517.328918
-0.893414 11.769588 527.377686
3.735938 11.433500 536.591736
8.460152 10.332182 545.746765
12.978599 10.332182 554.714294
17.497461 10.332182 563.682556
22.051437 10.332182 572.720581
26.658060 10.332182 581.863159
31.457720 10.332182 591.388733
36.125763 10.332182 600.653198
40.723614 10.332182 609.778320
45.277584 10.332181 618.816223
50.037136 10.332181 627.787720
57.659653 10.332181 634.316956
67.420898 10.332182 637.154968
77.625656 10.332182 638.338928
87.713554 10.332182 638.843872
98.061852 10.332181 639.201904
108.351700 10.332182 639.557861
118.352783 10.332181 639.758057
128.453400 10.332181 639.845215
138.710037 10.332181 639.929871
149.044647 10.332182 640.015076
159.281799 10.332182 640.099548
169.323959 10.332182 640.182312
179.476105 10.332181 641.123108
189.908859 10.332181 642.932739
199.888641 10.332181 644.347839
209.878860 11.329275 644.313660
220.222168 11.777432 643.832520
230.357498 11.777432 643.152710
240.439514 11.329274 642.070923
249.948898 7.225164 640.955566
259.641846 4.866563 639.904907
270.048157 4.866563 638.929321
280.208344 4.866563 638.046143
290.115753 1.994932 637.454102
299.528046 -2.318913 637.112488
309.584686 -0.698017 636.784485
319.527313 2.266480 636.567993
329.372528 4.023338 636.357300
339.412689 4.773705 636.142456
349.530945 5.122098 635.925842
359.727112 5.055771 635.707703
369.884888 4.837740 635.527588
379.809540 3.566451 635.400024
389.676086 1.439398 635.306152
399.776703 -0.906738 635.219849
410.228333 -2.519685 635.130493
420.543488 -1.996967 635.042419
430.780701 -1.839964 634.954956
441.329865 -2.065846 634.864807
451.489014 -2.551220 634.778015
461.745697 -3.255411 634.690308
471.807373 -3.499613 634.604370
481.888550 -3.680868 634.519653
491.813385 -5.143385 634.614868
501.621582 -7.322650 634.555542
512.034241 -9.636225 634.485840
521.745056 -12.095667 634.420837
531.436401 -14.604010 634.356079
541.184998 -16.992582 634.202209
Custom
HailActor "Voonark" 11
550.814514 -16.967337 633.946167
Custom
PathHarvest 67 50 1 0 0 0 "an aluminum orb" "Aluminum orb collected (10/10)" 1
550.814514 -16.967337 633.946167
551.234192 -16.971132 623.706116
552.264038 -16.972963 613.161987
554.447937 -16.971390 603.066650
557.596130 -16.972855 593.536194
561.802429 -16.974453 584.227966
566.933411 -16.973013 575.556641
573.540894 -16.967251 567.699463
580.955750 -16.966417 560.836792
588.661804 -16.965466 554.084106
596.664978 -16.962864 547.864197
605.422791 -16.961241 542.415771
614.333557 -16.963223 537.125977
622.993652 -16.964863 532.013672
631.802917 -16.970268 527.004272
640.842041 -16.977268 522.589111
651.436646 -16.975887 521.413635
661.687317 -16.972761 521.031555
671.594727 -16.973070 522.534668
681.702881 -16.971956 524.681641
690.571289 -16.963402 529.697937
699.808838 -16.958961 534.389526
709.137024 -16.959490 538.836792
718.342834 -16.959755 543.225586
727.700806 -16.964701 547.703247
736.839294 -16.970932 552.995728
744.946472 -16.974043 558.979614
752.312439 -16.974527 566.165588
757.932861 -16.977032 574.880737
763.196472 -16.978540 583.752441
768.236206 -16.979212 592.799011
772.367004 -16.980507 601.986023
774.588684 -16.982140 612.019043
774.624634 -16.978128 622.043823
774.516418 -16.972456 632.127808
774.120728 -16.974003 642.326111
773.197693 -16.976395 652.285156
771.624878 -16.976444 662.162598
769.230957 -16.975082 672.251953
765.546692 -16.977640 681.944946
760.909851 -16.976885 690.849548
752.980103 -16.967161 698.013550
743.456055 -16.956127 701.739563
733.835876 -16.943790 704.818726
724.186340 -16.931353 707.870239
714.467407 -16.923117 711.143982
705.003052 -16.920010 714.889709
695.635864 -16.918680 719.283813
689.885986 -16.932661 727.601746
684.163696 -16.951195 736.217346
677.815735 -16.968937 744.638611
670.180115 -16.981546 751.246582
660.192810 -16.983454 753.181580
650.080933 -16.982943 751.325867
640.233643 -16.981236 749.002686
630.821106 -16.975117 744.968201
622.250549 -16.969391 739.457458
614.210510 -16.965652 733.375732
605.620056 -16.961231 726.761047
596.264465 -16.961433 721.935303
587.740112 -16.967518 716.656616
579.501709 -16.972815 710.852966
571.982483 -16.974468 703.787537
566.320679 -16.973385 695.481750
561.812317 -16.973776 686.515015
557.826172 -16.972385 677.129578
554.225952 -16.972069 667.754639
550.908325 -16.976622 658.155518
550.807251 -16.967348 634.009521
550.807251 -16.967348 634.009521
551.787476 -16.970348 648.654480
552.583435 -16.972599 659.051025
554.058350 -16.973289 669.166199
558.209534 -16.973394 678.785706
562.866028 -16.972967 687.964661
568.117615 -16.970774 696.843750
573.933899 -16.973186 705.112671
581.702209 -16.970304 711.755615
589.953979 -16.965416 717.814880
598.532715 -16.961988 723.382446
607.393982 -16.963257 728.624573
616.204956 -16.964338 733.836914
625.024780 -16.964663 738.744385
635.145508 -16.966251 741.892090
645.115662 -16.968136 744.212952
655.363159 -16.967878 745.763489
665.634338 -16.965345 745.078308
675.170410 -16.960455 741.453857
683.782166 -16.951273 736.306213
692.047058 -16.939861 730.300171
700.406372 -16.935362 724.090942
708.730652 -16.931330 717.867432
716.960815 -16.927414 711.746216
725.791077 -16.931532 706.276184
735.440613 -16.941984 702.082703
745.483704 -16.963018 703.557922
745.488892 -16.980980 714.031921
738.332275 -16.980392 721.448853
730.433838 -15.308341 727.838806
723.153931 -11.332581 733.469849
715.508179 -6.432543 739.132324
708.342712 -1.060839 744.084595
700.581604 4.208212 748.127197
692.402344 9.376279 751.664001
683.723511 14.362304 754.199158
674.918152 19.025261 755.994385
665.098694 23.457397 756.921143
655.529053 27.463839 757.032776
646.088013 31.178228 756.218811
636.315125 33.836922 754.647339
627.210449 36.254112 750.318970
618.795593 37.463974 744.767090
610.294922 37.855461 738.889038
601.677185 37.849686 732.940552
593.380249 37.843723 727.213684
585.115417 37.846478 721.508911
576.587341 37.852200 715.568298
568.281494 37.857868 709.322266
560.192688 39.000469 702.828674
553.211792 42.624767 696.363281
546.919922 46.689526 689.728821
541.585144 51.510502 682.121155
537.616455 56.231251 673.922424
534.593933 60.240475 664.533752
532.810059 64.157104 654.952454
531.880493 68.556580 644.916199
531.463867 72.077698 635.372864
531.766968 75.225830 625.627686
532.280945 78.191742 615.952576
533.477173 81.474602 606.316223
536.461731 83.988853 596.821167
540.352661 85.868439 587.541992
544.698792 87.548355 578.469543
549.807007 88.860252 569.688721
555.235291 89.866951 561.312439
561.597900 89.902184 553.373779
568.414001 89.895737 545.657104
575.283569 89.889557 538.225220
582.631042 89.892952 530.601196
589.875854 89.899307 523.368713
597.150940 89.905190 516.286255
605.073120 91.887962 509.560516
612.374573 95.786034 503.831482
620.090210 100.054375 498.420990
628.396301 104.522461 494.623596
637.428772 108.924263 493.440643
646.897705 113.649834 493.154419
656.452515 117.599289 493.190399
665.755371 121.656067 494.005768
674.782776 125.827118 496.326569
683.413269 130.745148 499.287933
691.536743 134.929581 503.683350
699.642761 138.621658 508.994568
707.779358 141.475677 514.711914
715.783875 143.778671 520.839417
723.630066 144.652328 527.107666
731.624756 144.646439 533.687866
739.499695 144.640808 540.350403
747.103333 144.638107 546.940186
754.578125 144.643997 553.673767
762.203186 144.650116 560.736633
769.452271 144.511978 567.878052
775.733032 147.713806 575.024780
781.468689 151.682449 582.544189
786.628174 156.436737 590.032959
791.170166 161.100143 597.845459
793.536743 165.750092 606.755432
794.627869 170.444626 615.633667
795.036133 174.266266 625.023376
795.141052 178.950760 633.951416
794.387146 183.043304 643.373169
791.848328 186.600540 652.435242
788.036438 189.961899 661.280273
783.995483 193.210220 669.872925
779.133423 195.800262 678.659912
773.808411 197.577393 687.142761
767.768066 198.425690 695.358826
761.383667 198.422333 703.084229
754.300903 198.415909 710.769775
Custom
Target "a bucket" 0 50
729.850647 198.408463 719.456604
Custom
ClickActor "a bucket" 1
729.850647 198.408463 719.456604
Wait
50
729.850647 198.408463 719.456604
744.530823 198.409012 711.775085
754.035095 198.417679 706.693176
762.229980 198.423630 700.377686
769.201233 197.971924 692.832397
775.919861 197.247131 685.010010
781.815674 195.237442 676.885986
786.938416 192.614914 668.614136
791.436523 189.088470 660.034790
794.635315 185.863159 650.974548
796.943054 182.262680 641.793152
797.572998 178.090347 632.343323
796.715332 173.515732 623.485291
793.790527 169.864197 614.423279
790.405334 165.200836 606.074524
786.938477 160.415207 597.740295
782.690796 155.376633 589.906372
777.742126 150.479919 581.328735
772.105469 146.767059 573.235535
765.691833 144.652969 565.511841
758.614685 144.647552 558.223145
751.513855 144.641754 551.094421
744.224060 144.636795 543.851318
737.003174 144.642685 536.676941
729.805786 144.648590 529.731323
722.006104 144.664398 522.862183
714.071228 143.059891 516.553772
705.899292 140.362686 510.684601
697.674866 137.497009 505.235535
688.882507 133.044754 500.644226
680.254578 128.823730 497.629059
671.294312 124.226738 496.041077
661.740234 119.915733 495.606140
652.088928 115.889755 495.451630
642.720825 111.370674 495.572662
633.709778 107.029526 496.827454
625.180359 102.405922 499.477234
617.415894 97.255783 503.480682
609.346313 92.971893 509.479858
601.918884 89.922203 515.666016
594.389954 89.901390 522.660156
586.680481 89.895294 530.115845
579.228821 89.889397 537.333435
571.875122 89.894478 544.455872
564.385681 89.900291 551.802063
557.281982 89.905975 559.305969
550.931763 89.063766 567.083191
545.083923 87.972298 575.243774
539.695679 86.313232 583.878113
535.191040 84.566643 593.142273
531.977295 82.314438 602.591675
529.939758 79.439919 611.981750
528.484924 76.434380 621.503906
527.471130 73.769989 631.201050
527.411133 70.467339 640.697266
529.050842 66.623833 650.270386
531.983704 62.437866 658.947937
536.200806 58.977879 667.670837
541.062500 54.643700 675.641541
546.178528 49.647678 682.745911
551.811157 44.976074 690.123169
558.065369 41.043701 697.048767
565.487427 37.598618 703.781677
573.067566 37.855026 710.398193
581.002441 37.849518 716.643860
589.252075 37.843613 722.505981
597.651001 37.845722 728.117310
605.954224 37.851715 733.696472
614.267822 37.857517 739.295288
623.016541 37.135860 744.559631
632.798767 35.437908 747.588013
642.502258 32.389706 749.935974
651.877258 28.791664 751.781555
661.474304 24.937660 752.340393
670.812927 20.734486 752.149658
680.003601 16.139301 751.427673
688.900024 11.032732 750.148743
697.501648 5.693528 747.502869
705.665161 0.386396 743.515686
713.433960 -5.277743 738.812683
720.677185 -10.212211 733.757080
728.241638 -14.602632 728.183289
735.795715 -16.975496 721.309753
742.558411 -16.975046 713.707458
748.820374 -16.972805 705.657837
740.700867 -16.947035 699.425049
730.635010 -16.929001 699.698975
720.454773 -16.916430 701.750610
711.364441 -16.916430 706.611450
703.237610 -16.916430 712.827942
696.035400 -16.921728 720.281067
689.881409 -16.934067 728.191711
683.717468 -16.950922 736.169189
676.512512 -16.966421 743.778809
667.866089 -16.975578 749.078003
657.941711 -16.980824 751.696716
647.872192 -16.983953 751.397766
637.734985 -16.981220 748.591858
628.369202 -16.975399 744.717224
619.309021 -16.973244 739.670776
610.703430 -16.971153 734.054932
602.021179 -16.968636 728.271179
593.468567 -16.967014 722.573730
585.062195 -16.972965 716.973572
576.841614 -16.977247 710.589355
571.206177 -16.973221 702.246460
566.700562 -16.969648 692.902466
562.237793 -16.969513 683.559082
558.124390 -16.968454 674.295410
555.521606 -16.966869 664.331055
554.168091 -16.966501 654.401978
552.818970 -16.965727 644.064209
545.626221 -16.981556 636.763367
535.514404 -15.318712 634.518188
525.268738 -13.270720 634.186340
515.339050 -10.444932 634.729126
505.474945 -8.178122 634.891602
495.451935 -5.951229 634.897827
485.565247 -4.129119 634.904114
475.015747 -3.335504 634.910706
464.739258 -3.465463 634.917236
454.618713 -2.724838 634.923523
444.498169 -2.163660 634.929871
434.299652 -1.911497 634.936279
424.198608 -1.940872 634.942566
413.863525 -2.480820 634.949158
403.665009 -1.730334 634.955444
393.856567 0.430914 634.961487
383.872559 2.709595 634.967773
373.732513 4.442169 634.974121
363.377838 5.007425 634.981567
353.084686 5.241972 635.210632
343.084778 4.900752 635.481934
332.988617 4.306083 635.876770
323.030365 3.021952 636.482300
313.275452 0.536386 637.000427
303.768646 -2.909133 637.260071
294.197021 0.412902 637.103455
284.587738 4.509385 636.957336
274.194336 4.866563 636.995178
263.937622 4.866563 637.044373
253.713150 4.866563 637.812500
245.137924 10.222778 638.679810
234.943176 11.320507 639.600769
224.856842 10.640714 640.144104
214.652832 11.329274 640.679016
204.700897 10.332182 641.177979
194.427795 10.332181 641.419312
184.132034 10.332181 641.486145
173.953110 10.332181 641.534363
163.754700 10.332182 641.582581
153.439529 10.332182 641.578674
143.264893 10.332181 641.279968
132.778656 10.332182 640.964355
122.526291 10.332181 640.655762
112.468872 10.332182 640.352966
102.138580 10.332182 640.042114
91.886261 10.332182 639.733459
81.809349 10.332181 639.429932
71.684669 10.332181 638.939453
61.766087 10.332182 636.761597
52.616791 10.332181 632.092285
44.535885 10.332182 625.551758
38.545067 10.332181 617.375061
34.469364 10.332181 608.107605
31.171610 10.332182 598.271912
27.927158 10.332182 588.562683
24.688887 10.332181 578.871765
21.505135 10.332181 569.388916
17.215620 10.332182 560.160339
9.538791 10.332182 553.246887
-0.083379 10.332182 550.209106
-9.944777 10.332181 552.682495
-17.887794 10.332181 558.811951
-23.895260 10.332182 567.182434
-28.627087 10.332182 576.256470
-32.946144 10.332182 585.924011
-36.852581 10.332181 595.154236
-40.679195 10.332181 604.396729
-44.595329 10.332181 613.855530
-48.488190 10.332182 623.239380
-53.900135 10.332181 631.841187
-62.295311 10.332182 637.414307
-72.236671 10.332181 639.593567
-82.357994 10.332181 640.135071
-93.002533 10.332181 640.356750
-103.122673 10.332181 640.430359
-113.476128 10.332182 640.578552
-123.585068 10.332181 640.723145
-133.917892 10.332181 640.871094
-144.123550 10.332181 641.017273
-154.515671 10.332182 641.165833
-164.869110 10.332181 641.314087
-174.871567 10.332182 641.457214
-185.069016 10.332181 641.603333
-195.227463 10.332182 641.748718
-205.541885 10.332182 641.896362
-215.609436 11.443841 642.041992
-225.670776 10.917869 642.057678
-235.790848 11.329274 641.966919
-246.008438 9.898504 641.875244
-255.036591 4.866563 641.794312
-265.273682 4.866563 641.702576
-275.627808 4.866563 641.609863
-285.667084 3.415273 641.378784
-295.139191 -0.342435 641.075989
-305.176575 -2.668262 640.755005
-314.668243 0.806352 640.451416
-324.686157 3.371967 640.130920
-334.840485 4.447626 639.806213
-344.936310 4.964264 639.483398
-355.207489 5.202691 639.155029
-365.381287 4.981372 638.829712
-375.379700 4.276039 638.510010
-385.497345 2.373075 638.312073
-395.519897 0.036535 638.247742
-405.698486 -1.334154 638.182251
-415.877045 -1.893916 638.116760
-426.270111 -1.910458 638.049866
-436.487701 -1.958499 637.984070
-446.958771 -2.299160 637.916687
-457.156891 -2.896995 637.851013
-467.257477 -3.568575 637.786011
-478.040527 -3.426997 637.716614
-488.219147 -4.481431 637.650940
-498.280731 -6.575143 637.586243
-508.399841 -8.823526 637.429810
-518.107117 -11.177313 636.792175
-528.188965 -14.152008 635.917908
-537.946289 -16.867527 635.470581
Custom
PathHarvest 68 50 1 0 0 0 "a zinc orb" "Zinc orb collected (10/10)" 1
-544.888367 -16.982605 634.905518
-546.300659 -16.983627 645.037781
-548.128479 -16.983164 655.028870
-551.245605 -16.979290 664.802673
-555.199219 -16.976091 674.243225
-559.794617 -16.976194 683.693787
-564.936523 -16.973986 692.335449
-571.302368 -16.970957 700.186462
-578.531616 -16.970448 707.544250
-586.320374 -16.967537 714.274414
-594.320190 -16.963114 720.341187
-602.575989 -16.966160 726.557617
-610.887207 -16.969084 732.319885
-619.692627 -16.969320 737.178528
-629.330383 -16.969006 741.297241
-639.064758 -16.971638 743.839844
-649.088135 -16.972364 745.745728
-659.323181 -16.969152 746.032349
-669.488647 -16.969318 745.229187
-679.536743 -16.970314 744.025208
-689.365112 -16.967018 741.135864
-698.946716 -16.965797 738.063843
-708.200562 -16.968256 734.222168
-717.157593 -16.968811 729.668213
-725.624451 -16.966070 723.957214
-733.711609 -16.966913 717.522156
-741.644958 -16.970633 711.116211
-748.540161 -16.970655 703.744507
-754.830261 -16.969357 695.642273
-760.759521 -16.973606 687.211609
-765.650452 -16.974890 678.297974
-769.809143 -16.974792 668.939941
-772.473694 -16.977364 659.289001
-774.255005 -16.977888 649.345520
-774.554993 -16.974459 639.240906
-774.279236 -16.973118 629.167358
-772.913452 -16.974941 618.572998
-771.140686 -16.974369 608.628540
-769.065491 -16.972988 598.751831
-765.497681 -16.976162 589.286316
-760.749573 -16.975939 580.371399
-755.106445 -16.973089 571.906677
-748.663147 -16.969507 564.026550
-740.995361 -16.969505 556.869385
-733.377502 -16.968187 550.325684
-725.209167 -16.966099 543.661926
-716.798096 -16.968241 537.723022
-708.192078 -16.971220 532.068115
-698.953796 -16.969553 528.191895
-689.414368 -16.972206 524.919312
-679.118591 -16.972075 523.290649
-669.050476 -16.970465 522.297607
-658.988586 -16.967234 522.894775
-648.990234 -16.966894 524.696411
-639.113098 -16.964630 527.267944
-629.419067 -16.961382 530.174927
-619.861328 -16.962698 533.638977
-610.619751 -16.962919 538.157654
-601.669373 -16.961252 543.299377
-593.498352 -16.964304 549.137878
-585.343201 -16.967878 554.965027
-577.337402 -16.969721 561.470032
-570.309326 -16.971918 569.003235
-564.411072 -16.975740 577.139893
-559.368591 -16.977011 585.786743
-555.319031 -16.975138 594.973328
-552.016968 -16.976618 604.652527
-549.390259 -16.979494 614.438049
-547.836548 -16.979458 624.563904
-544.888123 -16.982605 634.905579
-544.888123 -16.982605 634.905579
-548.580566 -16.977303 624.902466
-551.582764 -16.973618 614.943237
-554.514771 -16.969929 605.216980
-557.525879 -16.969767 595.228455
-560.540161 -16.974741 585.445374
-564.869202 -16.975899 576.123657
-571.289856 -16.970583 568.241028
-579.443298 -16.964540 562.311401
-587.874390 -16.960409 556.680481
-597.278687 -16.950672 553.091431
-607.486450 -16.934195 552.756104
-617.507996 -16.924276 552.357666
-627.539734 -16.916430 551.775696
Custom
Target "a bucket" 0 50
-631.696594 -16.916430 551.892090
Custom
ClickActor "a bucket" 1
-631.696594 -16.916430 551.892090
Wait
50
-631.696594 -16.916430 551.892090
-621.562744 -16.916430 553.961853
-611.355530 -16.922958 555.970764
-601.285583 -16.934677 558.109009
-591.295898 -16.947001 560.754578
-581.539978 -16.957745 564.037109
-572.718872 -16.966122 569.259644
-566.335632 -16.971521 576.997925
-561.383240 -16.972326 585.863220
-557.215149 -16.970606 595.124634
-553.758667 -16.972116 604.636475
-550.269897 -16.977257 614.344116
-546.718506 -16.982590 623.965454
-541.064575 -16.993441 632.465698
-532.166077 -14.615866 636.507629
-522.269287 -12.266816 638.008545
-512.565247 -9.747114 638.355042
-502.329926 -7.473581 638.165588
-492.348846 -5.256614 637.925476
-482.153381 -3.709094 637.680298
-471.840973 -3.489674 637.432129
-461.723358 -3.248221 637.188782
-451.625244 -2.558470 636.945862
-441.429413 -2.067961 636.719482
-431.367981 -1.847294 636.618835
-421.286926 -1.985944 636.554871
-411.147369 -1.682237 636.490295
-400.910339 -0.762990 636.425415
-390.985321 1.123714 636.362366
-381.138214 3.285911 636.299622
-371.213165 4.700749 636.236511
-361.190613 5.036298 636.172852
-351.051025 5.173739 636.108459
-340.994568 4.829364 636.382019
-330.977844 4.150022 636.720703
-320.966370 2.580036 637.186340
-311.225464 -0.264049 637.605225
-300.974365 -2.458622 637.947449
-291.464539 1.466999 638.219238
-281.906708 4.866563 638.527161
-271.890869 4.866563 638.898926
-261.779114 4.866563 639.315186
-251.258057 5.692044 639.711609
-242.703400 11.329274 640.027222
-232.646942 10.640715 640.357727
-222.374481 10.640715 640.647034
-212.062805 11.329275 640.928772
-202.099426 10.332182 641.081726
-192.077347 10.332182 641.217224
-181.820953 10.332181 641.326538
-171.603531 10.332181 641.435242
-161.366592 10.332181 641.544128
-151.344162 10.332182 641.650879
-141.126755 10.332182 641.759644
-130.733841 10.332182 641.870239
-120.730911 10.332181 641.976868
-110.688988 10.332182 642.083862
-100.023087 10.332181 642.197510
-89.864143 10.332182 642.305603
-79.627243 10.332181 642.414551
-69.507301 10.332182 642.522339
-59.386051 10.332182 640.203491
-50.669514 10.332181 634.804321
-44.323021 10.332181 626.863586
-39.491913 10.332181 618.030090
-35.695133 10.332181 608.146057
-31.923203 10.332182 598.503235
-28.178926 10.332182 589.100891
-24.290051 10.332181 579.673035
-19.854403 10.332182 570.537720
-14.912265 10.332181 561.661499
-10.029343 10.332181 552.930664
-5.171325 10.332181 543.964355
-1.468017 11.825893 534.789001
0.174486 11.602213 524.885864
1.294830 10.332181 514.847107
1.680943 10.332182 504.561951
1.819835 10.332181 494.442474
1.961976 10.332181 484.069550
2.099041 10.332182 474.067108
2.240380 10.332182 463.752686
2.379047 10.332182 453.633209
2.517715 10.332181 443.513794
2.658786 10.332181 433.218750
2.141143 10.332181 423.213074
1.199737 10.332182 413.217224
-0.373354 10.332182 403.161530
-2.215234 10.332182 393.249695
-4.012644 10.332181 383.211182
-5.472458 11.329274 373.269501
-6.304263 11.038742 363.184265
-6.302115 11.100885 352.950470
-5.884120 11.329274 342.682800
-5.417744 7.010007 333.627258
-4.856461 4.866563 323.326935
-4.303665 4.866563 313.182251
-3.752836 4.866563 302.881317
-3.330558 1.921471 293.101471
-2.815329 -2.458622 283.696960
-2.255931 -0.523674 273.650360
-1.760696 2.318248 264.010590
-1.314168 4.043088 254.153763
-0.975127 4.798479 243.648911
-0.740720 5.151514 233.375153
-0.613902 5.041130 222.943466
-0.491689 4.721991 212.765228
-0.370179 3.287933 202.645523
-0.250541 1.097278 192.681778
-0.129733 -1.348392 182.620499
-0.010096 -3.885627 172.656754
0.323675 -6.815323 162.660156
0.782140 -9.634161 153.038849
0.958560 -12.850733 143.251587
0.927463 -16.671263 133.657700
0.870657 -19.764471 123.985870
0.779576 -19.763607 113.202789
0.632517 -19.762869 102.771408
10.652065 -19.762739 100.462845
20.575457 -19.762720 98.434578
30.604664 -19.762794 96.384712
40.771713 -19.762953 93.985657
50.097984 -19.763128 90.026855
58.590359 -19.763218 84.718651
66.277222 -19.763161 77.868973
73.740219 -19.763079 71.033279
81.205811 -19.763214 64.001801
88.013519 -19.763315 56.487225
93.634613 -19.763311 48.215267
97.956108 -19.763369 39.134918
101.089798 -19.763365 29.457029
102.769882 -19.763260 19.462038
103.848648 -19.763298 9.400670
104.268234 -19.763327 -0.725399
104.169876 -19.763319 -10.960184
103.271172 -19.763336 -21.232302
100.419113 -19.763355 -31.094980
96.418320 -19.763308 -41.064590
91.545845 -19.763250 -49.845463
85.273453 -19.763195 -57.761311
78.431778 -19.763103 -65.504478
71.215889 -19.763077 -72.870583
63.473515 -19.763161 -79.978760
55.625500 -19.763174 -86.346596
47.246593 -19.763124 -92.057426
38.738781 -19.763123 -97.856102
30.311535 -19.763166 -103.599899
21.760801 -19.763323 -109.541931
13.547496 -19.763584 -115.587204
6.572471 -19.764263 -122.993988
1.973009 -17.447689 -131.628067
0.482796 -13.654112 -140.899811
-0.199766 -10.316442 -150.623535
-0.644554 -7.391804 -160.421539
-0.897971 -4.683128 -170.070709
-1.154973 -2.080884 -179.856369
-1.358542 0.468012 -189.838120
-1.444580 2.692865 -199.587692
-1.532010 4.414045 -209.532288
-1.620812 5.000463 -219.632889
-1.709271 5.247468 -229.694489
-1.801501 4.910074 -240.185013
-1.921557 4.325298 -250.304749
-2.058043 2.987209 -260.677826
-2.176654 0.371941 -270.329590
-2.262539 -3.134864 -280.059631
-2.331348 0.471761 -289.399536
-2.410255 4.517690 -298.921661
-2.503714 4.866563 -309.509644
-2.627487 4.866563 -319.746185
-3.193093 4.866563 -330.082642
-3.904161 10.298833 -338.619141
-4.728071 11.328944 -348.549591
-5.580577 10.640714 -358.927612
-6.072752 11.329274 -369.015839
-6.396140 10.332181 -379.092163
-6.594923 10.332182 -389.386017
-6.632126 10.332182 -399.525909
-6.670094 10.332181 -409.899841
-6.707278 10.332181 -420.059296
-6.744390 10.332181 -430.199249
-6.781073 10.332182 -440.222290
-6.488673 10.332182 -450.502777
-3.502476 10.332181 -460.591370
-0.284371 10.332182 -470.062531
3.375628 10.332182 -479.685913
6.970289 10.332181 -489.104645
10.577660 10.332181 -498.727020
13.379823 11.433499 -508.383423
13.932803 11.433499 -518.458008
13.614281 12.350059 -528.649109
13.760071 11.100770 -538.696350
14.857850 10.332181 -548.830383
16.917665 10.332181 -558.747803
19.640343 10.332181 -568.389954
23.088095 10.332181 -578.090576
26.539654 10.332182 -587.500427
30.004644 10.332182 -596.946899
33.536781 10.332181 -606.576416
37.062969 10.332181 -616.187378
41.902126 10.332182 -625.410461
49.325478 10.332181 -632.380798
58.010330 10.332181 -637.735352
67.933304 10.332182 -640.436890
78.191704 10.332181 -641.027466
88.564133 10.332181 -641.194946
98.937904 10.332181 -641.264404
109.077690 10.332182 -641.332458
119.373466 10.332181 -641.401489
129.453751 10.332181 -641.274719
139.571777 10.332181 -641.051392
149.884720 10.332182 -640.822632
160.097153 10.332182 -640.486511
170.288498 10.332181 -640.106445
180.421402 10.332181 -639.728577
190.534836 10.332182 -639.351196
200.589767 10.332182 -638.975769
210.060928 11.329274 -642.056030
219.750000 10.640714 -638.625000
Custom
ExecuteCommand "eq2ex way 774 198 -716"
223.725449 10.640714 -637.842590
Custom
Tordeniceharvest
223.725449 10.640714 -637.842590
213.647690 11.333655 -639.332947
203.627655 10.332181 -640.671021
193.629044 10.332182 -640.849915
183.625595 10.332182 -640.816895
173.602646 10.332181 -640.783813
163.501709 10.332182 -640.750427
153.420288 10.332182 -640.717041
143.202362 10.332181 -640.683228
133.023453 10.332181 -640.649475
122.903046 10.332181 -640.615906
112.548630 10.332182 -640.581665
102.291718 10.332181 -640.547668
92.015305 10.332182 -640.513611
81.777878 10.332181 -640.479736
71.775185 10.332181 -640.410828
62.320072 10.332181 -636.363220
54.054596 10.332182 -630.365173
48.024273 10.332182 -621.529053
44.215080 10.332182 -612.006409
40.377991 10.332182 -602.368225
36.263428 10.332182 -593.187317
31.906565 10.332181 -583.880249
27.551081 10.332181 -574.593872
22.770494 10.332182 -565.588562
16.668779 10.332181 -557.620361
8.021283 10.332181 -552.201782
-1.915623 10.332182 -549.657471
-11.993317 10.332181 -551.210266
-19.881523 10.332181 -557.816345
-25.275757 10.332181 -566.294983
-29.744343 10.332181 -575.590637
-33.648167 10.332181 -584.885132
-37.309357 10.332181 -594.362000
-41.098392 10.332181 -604.207703
-44.859413 10.332181 -613.980652
-48.479969 10.332182 -623.347839
-54.128117 10.332181 -632.101135
-63.215794 10.332182 -637.235107
-73.172356 10.332182 -639.339233
-83.463936 10.332181 -640.003601
-93.739738 10.332182 -640.084717
-104.133209 10.332182 -640.050415
-114.253639 10.332182 -640.009949
-124.315559 10.332181 -639.969604
-134.475021 10.332181 -639.928772
-144.751495 10.332182 -639.887573
-154.930435 10.332181 -639.846802
-164.933899 10.332182 -639.806824
-175.073853 10.332181 -639.766174
-185.350296 10.332181 -639.724976
-195.564438 10.332182 -639.518677
-205.872833 10.332181 -640.232605
-215.867096 11.145895 -640.461914
-225.888596 10.640715 -640.289978
-236.045898 11.329274 -640.084595
-246.157028 9.843856 -639.652283
-255.020660 4.866563 -639.256226
-265.014709 4.866563 -638.823608
-275.262878 4.866563 -638.399658
-285.453552 3.711501 -638.003113
-294.884308 -0.024624 -637.636047
-304.452484 -3.088606 -637.289734
-314.219391 0.504449 -637.085876
-323.968750 3.222626 -636.965454
-333.932526 4.378562 -636.842407
-344.188782 4.938407 -636.715637
-354.289124 5.233099 -636.590820
-364.367493 4.994663 -636.914612
-374.565338 4.358975 -636.788635
-384.529205 2.575668 -636.665527
-394.551544 0.268079 -636.541687
-404.768860 -1.209190 -636.415466
-415.005646 -1.948182 -636.289063
-425.359406 -1.923802 -636.161011
-435.615753 -1.939744 -636.034302
-445.872131 -2.239324 -635.907654
-456.128387 -2.819807 -635.781006
-466.521240 -3.539287 -635.652588
-477.109070 -3.403374 -635.521851
-487.209412 -4.341644 -635.397156
-497.368256 -6.376263 -635.271729
-507.195648 -8.559912 -635.150635
-517.179504 -11.029027 -635.178528
-527.007141 -13.937151 -635.220886
-537.175476 -15.967811 -635.157837
Custom
PathHarvest 68 50 1 0 0 0 "Torden Clay" "Torden clay collected (10/10)" 1
-545.499939 -16.981003 -635.128845
-545.194763 -16.986284 -645.209534
-546.982422 -16.986031 -655.875244
-551.210266 -16.978815 -664.940552
-555.609131 -16.975004 -674.634705
-559.689819 -16.977131 -684.108765
-563.901428 -16.978687 -693.544312
-568.963501 -16.977394 -702.208435
-575.864624 -16.975542 -709.484009
-583.754700 -16.973232 -715.662231
-591.919312 -16.969738 -721.542358
-600.504395 -16.965551 -727.258728
-609.121460 -16.967604 -732.413635
-617.986938 -16.968203 -737.128784
-627.304077 -16.967413 -741.187805
-636.912048 -16.972668 -744.922485
-646.889954 -16.973877 -747.077271
-656.981018 -16.970804 -747.453613
-667.366089 -16.966225 -745.366455
-676.758423 -16.960630 -741.446777
-685.507568 -16.950520 -735.781982
-693.476624 -16.938942 -729.607788
-701.412659 -16.933914 -723.359314
-709.344360 -16.928856 -717.168152
-717.601257 -16.926828 -710.986206
-726.545227 -16.931400 -705.116333
-735.826416 -16.939800 -701.009460
-745.514771 -16.951488 -697.467285
-754.562439 -16.966818 -693.005737
-762.298157 -16.976555 -686.338013
-768.299377 -16.980568 -678.237793
-771.935486 -16.979670 -668.600159
-773.353760 -16.979185 -658.308228
-774.380371 -16.977779 -648.240234
-775.154175 -16.974331 -637.993164
-775.047668 -16.976698 -627.666687
-773.810608 -16.977617 -617.685608
-770.316101 -16.971928 -607.552490
-766.581787 -16.968620 -598.231812
-762.185364 -16.969694 -588.428528
-757.585449 -16.969170 -579.394958
-752.420898 -16.968645 -570.692810
-746.249512 -16.971331 -562.617004
-738.769226 -16.969656 -555.515564
-731.051941 -16.966362 -549.091919
-722.837158 -16.967426 -543.127686
-713.937683 -16.968204 -538.068237
-704.989502 -16.968084 -533.299316
-695.822083 -16.967003 -529.015442
-686.223633 -16.972160 -525.404236
-676.746094 -16.976433 -522.089172
-666.749268 -16.975082 -521.045166
-656.671875 -16.973051 -521.908081
-646.703186 -16.972511 -523.750000
-636.960754 -16.969330 -526.610168
-627.636414 -16.962336 -530.970520
-618.569153 -16.963465 -535.332642
-609.537048 -16.964590 -539.678040
-600.644043 -16.964373 -544.451477
-592.274719 -16.964478 -550.245056
-584.118225 -16.968952 -556.450562
-576.814758 -16.970106 -563.647217
-570.251343 -16.968517 -571.500122
-564.243408 -16.972298 -579.787598
-558.830078 -16.975027 -588.521423
-553.888855 -16.975611 -597.990845
-550.317566 -16.980436 -607.513306
-548.744934 -16.980127 -618.011230
-547.134094 -16.979675 -628.098145
-545.813171 -16.980234 -635.636536
-545.813171 -16.980234 -635.636536
-544.145508 -16.989239 -645.802795
-544.572693 -16.992321 -656.026428
-547.632385 -16.988363 -665.675110
-552.470093 -16.982573 -674.938538
-557.284607 -16.982243 -683.795959
-561.950317 -16.982176 -692.732544
-568.221985 -16.977657 -700.999512
-576.565308 -16.969152 -706.674194
-585.407532 -16.963585 -711.910278
-594.261047 -16.957689 -717.089111
-603.064697 -16.951773 -722.237000
-611.893250 -16.953201 -727.221985
-621.127258 -16.951942 -731.211975
-630.658997 -16.951242 -734.947083
-640.485535 -16.954350 -737.816589
-650.676270 -16.954237 -739.415771
-660.756592 -16.952820 -740.489685
-671.180481 -16.954254 -739.681030
-680.944519 -16.949650 -736.151611
-689.839905 -16.940895 -731.043518
-698.082336 -16.934534 -725.272400
-706.139893 -16.930044 -719.279602
-714.080200 -16.925158 -713.163025
-722.302002 -16.927450 -706.934631
-731.136719 -16.932961 -701.676697
-740.742004 -16.944300 -698.862976
-750.800964 -16.963457 -697.410095
-758.100342 -16.988167 -704.260010
-750.415466 -16.983227 -710.956360
-742.772766 -15.174609 -717.225098
-735.578979 -11.007053 -723.146790
-728.705566 -6.258400 -728.756653
-721.993042 -0.697948 -734.162720
-715.056702 4.624530 -739.371338
-707.642639 9.758959 -743.702698
-699.222900 14.825168 -747.060547
-690.545532 19.470146 -749.749634
-681.565918 23.698683 -751.670898
-672.454468 27.684866 -753.220947
-663.101013 31.546650 -754.098572
-653.491333 34.270214 -753.169983
-644.015442 36.588684 -749.789429
-634.908081 37.854164 -745.097656
-625.959229 37.851105 -740.089783
-617.120667 37.847431 -735.143372
-608.373840 37.841198 -729.638855
-599.164856 37.846470 -725.304993
-590.187805 37.848183 -720.719238
-580.932251 37.848202 -716.258057
-571.855835 39.799686 -712.006470
-563.813538 43.566185 -707.152710
-556.200745 48.045162 -701.648682
-549.750122 53.033760 -695.846558
-544.409973 57.538029 -688.352783
-541.250427 61.080765 -679.394165
-538.988159 65.407913 -670.453064
-537.009277 69.243782 -661.384460
-535.061401 72.786842 -651.930603
-533.331055 75.772873 -642.335938
-532.047180 79.074371 -632.849854
-531.291870 82.194290 -623.228088
-531.576843 84.457573 -613.098328
-534.131470 86.190956 -603.509888
-536.702087 87.799431 -593.943359
-540.359741 88.978271 -584.451172
-544.862244 89.903931 -575.028015
-550.503906 89.899513 -566.705505
-556.532532 89.895035 -558.552368
-562.479980 89.889320 -550.509094
-568.496948 89.894066 -542.371704
-574.513184 89.899429 -534.306702
-580.391113 89.905724 -526.211853
-586.398315 92.029465 -518.140869
-592.714172 95.901215 -510.902954
-599.991028 100.275490 -504.889038
-607.471741 104.509636 -499.731293
-616.007996 108.840073 -495.858978
-624.809692 113.177155 -493.543884
-634.051575 117.015663 -492.616272
-643.425537 121.012268 -493.247650
-652.603882 125.139221 -494.323090
-661.368469 129.692505 -496.025726
-670.339783 133.824844 -498.167542
-679.448914 137.789032 -500.918640
-688.492371 140.585938 -504.486694
-696.944763 143.167465 -509.607269
-705.195129 144.659088 -515.229492
-713.706970 144.648956 -521.091492
-722.269653 144.642746 -526.807678
-730.596436 144.636841 -532.920898
-738.798157 144.642227 -538.928040
-746.568787 144.647766 -545.289551
-753.928467 144.653549 -552.200073
-760.922791 146.927094 -559.131836
-767.764648 150.637375 -565.912659
-774.330383 155.295410 -572.689392
-779.850891 160.425415 -579.825684
-784.470337 165.285904 -587.705383
-787.922913 170.100632 -596.067139
-790.925903 173.981766 -604.864746
-792.702881 178.684845 -613.732849
-793.147400 182.677826 -622.931396
-792.245300 186.423447 -632.422119
-790.418213 189.783829 -641.929382
-787.275452 193.163406 -651.133179
-783.405273 195.741486 -660.187622
-779.205872 197.568161 -669.370850
-774.183044 198.417786 -678.133911
-769.004822 198.422028 -687.100647
-763.318481 198.416504 -695.409485
-757.203552 198.410889 -703.515686
Custom
Target "a bucket" 0 50
-753.592102 198.631485 -708.466675
Custom
ClickActor "a bucket" 1
-753.592102 198.631485 -708.466675
Wait
50
-753.592102 198.631485 -708.466675
-759.941711 198.413254 -700.215027
-766.126587 198.419037 -692.164307
-772.267700 198.424698 -684.170227
-778.320557 197.900558 -676.132568
-784.156555 197.053391 -667.676453
-788.945374 195.115860 -659.034668
-792.279480 192.519592 -649.938599
-793.772095 189.039902 -640.527100
-794.387390 185.794739 -630.836365
-794.417114 182.001831 -621.284485
-793.012878 177.738037 -611.962708
-790.758423 173.256424 -603.102722
-786.713989 169.080505 -594.528259
-782.249084 164.490509 -586.658875
-777.198120 159.523224 -579.144958
-771.788269 154.216019 -572.385132
-765.458008 149.720078 -565.499878
-758.313782 146.050400 -559.010132
-750.659180 144.652878 -552.419800
-742.919250 144.646133 -545.779236
-734.971313 144.640457 -539.546997
-726.815857 144.638443 -533.521973
-718.620667 144.644348 -527.583618
-710.205078 144.650223 -521.618225
-701.996826 144.342239 -515.798340
-693.691956 142.643860 -509.980957
-685.081360 139.809616 -505.135223
-676.373230 136.885742 -501.024384
-667.603882 132.563004 -498.266785
-658.487122 128.102463 -497.024261
-649.379150 123.612938 -496.207336
-640.121826 119.494507 -495.545776
-630.893921 115.633675 -496.095520
-621.933960 111.301788 -498.468201
-613.257568 107.057907 -501.411163
-605.056641 102.418671 -505.020020
-597.665649 97.394997 -509.717865
-590.589966 93.568916 -516.243225
-584.055481 90.011337 -523.235901
-578.382874 89.902260 -531.705078
-572.723206 89.896751 -540.094116
-566.916199 89.891167 -548.287231
-560.705688 89.893379 -557.031006
-554.822754 89.898941 -565.313538
-548.941284 89.904625 -573.763855
-543.856812 89.225227 -582.397949
-538.915649 88.305840 -591.230103
-535.352844 86.704369 -600.633057
-533.461304 85.083839 -610.330139
-532.508057 82.945724 -620.307312
-531.771973 80.095245 -630.009949
-531.656067 76.586128 -639.680115
-532.173645 73.895103 -649.585022
-534.002808 70.521202 -658.899414
-536.809082 66.789574 -667.859375
-540.896912 62.493576 -676.033203
-545.730835 58.690170 -684.230103
-550.783752 54.261009 -691.771667
-556.274475 49.113003 -698.790771
-562.947388 44.569256 -704.838928
-570.475281 40.567764 -710.499146
-578.242676 37.873241 -716.196594
-586.446838 37.853024 -722.122131
-594.885803 37.849182 -727.777832
-603.149658 37.843670 -733.932800
-612.293823 37.846848 -738.622070
-621.260864 37.852589 -743.278137
-630.321289 37.858284 -747.874695
-639.319336 37.030163 -752.332397
-649.014587 35.325035 -755.182068
-658.519653 32.661716 -756.925476
-668.158081 29.388260 -756.927429
-677.418152 25.895761 -755.477356
-686.583862 21.976633 -753.580017
-695.877991 17.285660 -750.910767
-704.327148 12.260153 -748.084106
-712.594116 7.319018 -744.607788
-720.332581 2.351263 -740.601807
-727.851501 -3.057463 -736.193237
-735.385376 -8.549421 -731.545898
-742.864441 -12.888443 -725.835205
-749.314270 -16.495876 -718.934631
-755.581055 -16.992218 -711.012939
-759.593567 -16.988489 -701.654907
-751.753174 -16.963112 -695.283203
-742.485779 -16.948107 -699.299927
-733.106445 -16.939877 -703.590881
-723.850586 -16.931494 -707.683350
-714.431885 -16.923000 -711.889282
-706.149658 -16.926439 -717.633179
-698.338135 -16.932093 -724.036133
-690.238281 -16.939415 -730.357971
-682.078125 -16.950544 -736.344177
-673.307800 -16.960033 -741.767090
-663.194336 -16.959753 -743.327576
-652.518005 -16.963179 -743.494751
-642.296021 -16.965242 -742.670227
-632.256531 -16.965382 -741.126709
-622.470764 -16.966568 -738.630371
-612.890625 -16.970661 -735.698975
-603.583252 -16.971279 -731.372559
-595.019348 -16.971996 -725.767639
-586.945801 -16.974829 -719.605469
-579.498047 -16.974760 -712.451660
-573.689209 -16.969303 -704.072021
-569.222107 -16.968117 -694.860840
-565.114441 -16.966318 -685.421021
-561.618164 -16.962572 -675.739197
-558.517944 -16.960379 -666.044922
-555.572510 -16.963987 -656.260925
-551.175598 -16.971531 -647.061401
-544.252502 -16.986090 -639.728394
-535.096741 -15.318713 -635.882385
-525.127625 -13.351228 -634.677063
-515.514526 -10.554348 -634.726257
-505.414063 -8.165098 -634.630005
-495.607483 -5.985977 -634.802185
-485.606750 -4.134389 -635.035767
-475.274261 -3.342630 -635.261108
-465.214081 -3.484810 -635.452026
-455.095428 -2.750992 -635.643982
-444.742828 -2.176777 -635.840454
-434.526733 -1.916019 -636.034302
-423.979095 -1.945009 -636.234558
-413.626526 -1.921353 -636.431152
-403.293335 -1.034601 -636.627380
-393.155212 0.605416 -636.819763
-382.997589 2.899139 -637.012512
-372.625549 4.558578 -637.209412
-361.844025 5.028080 -637.414124
-351.588806 5.190650 -637.608826
-341.314240 4.838416 -637.803894
-330.883698 4.139254 -638.001892
-320.472626 2.464763 -638.199524
-310.470917 -0.812058 -638.389282
-300.488861 -2.458622 -638.578674
-291.024536 1.722311 -638.759094
-281.393280 4.866563 -638.941895
-271.255188 4.866563 -639.134277
-260.941559 4.866563 -639.329956
-250.756378 6.290622 -639.525269
-241.827011 11.329274 -639.694763
-231.454865 10.640714 -639.891663
-221.238754 10.640714 -640.085510
-211.256546 11.329274 -640.274963
-201.001358 10.332182 -640.469543
-190.999634 10.332182 -640.659424
-180.939453 10.332181 -640.850342
-170.859772 10.332181 -641.041565
-160.702103 10.332181 -641.234314
-150.700394 10.332181 -641.424194
-140.386734 10.332181 -641.619873
-130.190048 10.332181 -641.813354
-120.090858 10.332181 -642.005005
-110.011162 10.332182 -642.196289
-99.989967 10.332182 -642.386475
-89.793282 10.332182 -642.580017
-79.557480 10.332181 -642.764221
-69.585701 10.332182 -640.939148
-59.900139 10.332182 -637.077148
-52.809387 10.332181 -629.688904
-47.944473 10.332182 -620.704956
-43.160152 10.332181 -611.633484
-38.945644 10.332181 -602.517883
-34.673107 10.332182 -593.278564
-30.297348 10.332182 -583.958740
-25.515741 10.332181 -574.995544
-20.387089 10.332181 -566.226563
-15.044333 10.332181 -557.471008
-9.674361 10.332182 -548.663574
-4.640023 10.332182 -539.754700
-0.791898 12.222972 -530.579590
1.561157 10.332182 -520.872620
2.869790 10.332181 -510.602112
3.488295 10.332182 -500.465698
3.296424 10.332181 -490.152344
3.021790 10.332182 -479.899048
2.751260 10.332181 -469.606689
2.671638 10.332181 -459.525787
2.619737 10.332181 -449.366669
2.568035 10.332182 -439.246521
2.515138 10.332182 -428.892334
2.235890 10.332181 -418.410583
0.043893 10.332181 -408.413208
-1.673542 10.332181 -398.499512
-3.131982 10.332181 -388.584839
-4.139309 10.332181 -378.475372
-4.948903 11.329274 -368.320801
-5.222292 10.640715 -358.067780
-5.568377 11.329274 -347.699615
-5.653654 9.890741 -337.522125
-5.379446 4.866563 -328.576172
-4.926638 4.866563 -318.543945
-4.478538 4.866563 -308.511383
-4.149909 3.415273 -297.830475
-3.911235 -0.293933 -288.356445
-3.720172 -2.564603 -278.549866
-3.493298 0.817582 -268.860962
-3.263753 3.330766 -259.074646
-3.023234 4.440432 -248.820480
-2.787287 4.959297 -238.761230
-2.551340 5.214200 -228.701965
-2.310822 4.984848 -218.447800
-2.068930 4.270909 -208.135147
-1.838014 2.419999 -198.290359
-1.603438 0.095070 -188.289597
-1.363377 -2.552301 -178.054932
-1.136576 -5.153928 -168.385590
-0.906574 -7.923027 -158.579803
-0.676114 -10.906067 -148.754517
-0.996756 -14.414175 -138.886536
-3.853013 -17.661520 -129.373413
-9.226964 -19.764462 -121.073494
-16.634800 -19.764076 -114.212631
-24.835732 -19.763809 -108.450737
-33.184311 -19.763536 -102.526321
-41.320808 -19.763288 -96.540733
-49.530373 -19.763121 -90.489944
-57.912094 -19.763081 -84.245712
-66.019897 -19.763067 -78.156136
-74.060692 -19.763174 -72.074829
-81.862473 -19.763363 -65.695839
-89.063812 -19.763464 -58.454014
-95.515625 -19.763487 -50.117981
-101.489639 -19.763721 -41.852364
-107.086052 -19.764065 -33.562428
-112.626305 -19.764484 -25.209957
-118.460579 -19.764927 -17.012379
-124.852570 -19.765402 -9.256774
-132.455353 -18.497290 -2.575940
-141.191986 -18.502747 2.839291
-150.256241 -18.271317 7.639223
-159.136703 -18.303411 12.651745
-167.777420 -18.651459 17.883175
-176.435196 -19.056032 23.124098
-185.166641 -19.233484 28.279707
-194.004028 -19.120037 33.369217
-202.842773 -19.206314 38.091324
Custom
ClickActor TintFlags-2682
-207.464645 -19.255316 40.677410
Wait
50
0 0 0
-27.394642 994.343811 -219.896240
-27.470362 994.343811 -209.534225
-27.543600 994.343811 -199.512360
-27.620544 994.343811 -188.982712
-27.696350 994.733948 -178.609009
-27.771868 994.583557 -168.274323
-27.848530 994.583557 -157.783600
-27.921774 994.583557 -147.760910
-27.997297 993.214355 -137.426208
-28.071390 991.897034 -127.286453
-28.146765 991.897034 -116.971207
-28.220572 991.897034 -106.870476
-28.294670 991.897034 -96.730751
-28.369333 991.897034 -86.513023
-28.446844 991.897034 -75.905312
-28.520224 991.897034 -65.863075
-28.557116 991.897034 -55.567139
-28.589243 991.897034 -45.427189
-28.621555 991.897034 -35.228741
-28.654482 991.897034 -24.835295
-28.686916 991.897034 -14.597847
-28.719910 993.169800 -4.288181
-28.752470 994.583557 5.988266
-28.785463 994.533752 16.401211
-28.817400 994.533752 26.482660
-28.849401 994.533752 36.583611
-28.881462 994.516663 46.704056
-28.913097 993.872620 56.688004
-28.905561 993.872620 66.925362
-28.762266 993.872620 77.025322
-28.458725 994.273499 87.180237
Custom
PathHarvest 5 50 1 1 1 0 "pure water" "I have what is necessary to create the lightning rods" 1
-28.194235 993.137329 97.760262
-29.555630 992.546875 108.405609
-30.870644 992.537659 118.688293
-32.181568 992.537659 128.939041
-33.280067 992.537659 138.954239
-32.549732 992.651733 149.105209
-28.220293 993.126953 98.087936
-28.220293 993.126953 98.087936
-29.043940 994.259033 87.349396
-28.590513 993.872620 77.068924
-28.148037 993.872620 67.036880
-27.707249 993.872620 57.043121
-27.259308 994.516663 46.834953
-26.864550 994.533752 36.078228
-26.518631 994.533752 25.827065
-26.174688 994.533752 15.634365
-25.906904 994.583557 5.521317
-26.067434 992.971130 -4.563392
-26.210262 991.897034 -14.799626
-26.327372 991.897034 -24.821362
-26.450178 991.897034 -35.331120
-26.568432 991.897034 -45.450928
-26.689644 991.897034 -55.824215
-26.808577 991.897034 -66.002518
-26.925695 991.897034 -76.024818
-27.042582 991.897034 -86.027618
-27.159693 991.897034 -96.049927
-27.277943 991.897034 -106.169739
-27.397558 991.897034 -116.406532
-27.516945 991.897034 -126.623825
-27.634739 992.439575 -136.704666
-27.751623 994.583557 -146.707520
-27.650320 994.583557 -156.787521
-27.451658 994.583557 -166.789001
-27.266006 994.733948 -176.868759
-27.080711 994.733948 -186.929001
-26.891460 994.343811 -197.203674
-26.702576 994.343811 -207.458893
-26.897242 994.343811 -217.494644
-27.009497 994.343811 -227.783203
Custom
ClickActor TintFlags-2682
-26.908506 994.343811 -230.724670
Wait
50
0 0 0
-204.630005 -19.180000 43.279999
-195.136902 -19.158167 39.249302
-185.343475 -19.278080 35.302166
-175.726227 -19.332800 31.467052
-166.112701 -19.287516 27.129620
-157.065338 -19.287107 22.594494
-147.949661 -19.283272 18.064859
-138.110794 -19.286703 15.448120
-128.116074 -19.767117 13.509879
-117.708557 -19.764812 14.106057
-110.699638 -19.764259 21.316906
-103.963989 -19.763720 29.110903
-97.968307 -19.763359 37.142467
-91.141434 -19.763042 44.513653
-83.512222 -19.762817 52.023823
-75.375656 -19.762598 58.218735
-65.310059 -18.414267 56.725739
-55.067459 -16.562885 56.451202
-45.026894 -15.684290 57.941799
-35.116058 -15.684291 60.085304
-25.334080 -15.684291 62.814602
-15.265541 -15.684290 66.091934
-5.344362 -15.684291 67.949295
0.213967 -13.024626 59.792305
1.450162 -9.371093 50.338711
3.007316 -6.249339 40.459984
4.679080 -3.514497 30.933672
7.909157 -2.300131 21.198095
13.355614 -1.977159 12.449145
20.825632 -2.241239 5.528247
Custom
CraftIt "Untempered Lightning Rods"
21.660978 -2.316391 5.366305
Custom
CraftIt "Heated Clay Temper"
21.660978 -2.316391 5.366305
Custom
ExamineItem "Heated Clay Temper"
21.660978 -2.316391 5.366305
Custom
ReplyDialog 1 1 1
21.660978 -2.316391 5.366305
Custom
CheckActiveQuest "A Restitch in Time: Lightning Strikes" 2006
21.660978 -2.316391 5.366305
16.645199 -1.928653 -3.641860
11.833173 -1.938591 -12.797147
7.718247 -2.403176 -22.229023
5.068178 -3.799741 -31.927107
4.197381 -6.738415 -42.008720
3.813693 -9.972383 -51.907135
3.517799 -13.775843 -61.496582
3.212967 -15.684290 -71.339348
2.760495 -17.123846 -81.527710
2.276972 -19.391562 -91.558578
1.795328 -19.762800 -101.550491
1.305235 -19.763475 -111.717705
0.821714 -19.764292 -121.748573
0.344665 -17.416542 -131.692566
-0.108812 -13.577332 -141.100159
-0.576372 -10.258817 -150.799881
-1.021407 -7.361306 -160.520126
-1.454373 -4.602178 -170.358093
-1.767617 -1.959589 -180.317001
-1.821257 0.542471 -190.144882
-1.867033 2.782615 -200.011810
-1.913984 4.475803 -210.132233
-1.961026 5.008928 -220.272141
-2.008610 5.239429 -230.529068
-1.981545 4.888530 -240.805298
-1.896391 4.281455 -250.866806
-1.810082 2.904192 -261.064850
-1.726577 0.189135 -270.931335
-1.675603 -3.003847 -280.583435
-1.802014 0.596885 -289.989929
-1.963379 4.777040 -299.382050
-2.146351 4.866563 -309.735016
-2.324500 4.866563 -319.814972
-2.502992 4.866563 -329.914429
-2.748544 10.244113 -338.471130
-3.148247 11.629465 -348.583832
-3.290239 10.640714 -358.623840
-3.133283 11.782148 -368.859741
-2.267545 10.332181 -378.903320
-1.328547 10.332181 -389.136780
-0.293767 10.332181 -399.360870
0.750606 10.332182 -409.309692
1.813301 10.332181 -419.433136
2.880067 10.332182 -429.595215
3.957012 10.332182 -439.854340
5.023911 10.332181 -449.898804
6.497157 10.332181 -459.967041
8.379898 10.332181 -469.890991
10.249810 10.332181 -479.738007
12.110934 10.887767 -489.566772
13.542021 11.433499 -499.696808
13.973117 11.433499 -509.963867
13.812764 11.433499 -520.218445
13.696626 12.311569 -530.475037
11.865777 10.332182 -540.256165
6.615045 10.332181 -548.833008
-0.551385 10.332181 -556.197876
-7.588296 11.433499 -563.632324
-14.101675 10.332181 -571.223572
-20.590168 10.332181 -579.215820
-26.766449 10.332181 -587.159058
-32.553303 10.332182 -595.458862
-37.554413 10.332181 -604.423889
-42.360374 10.332182 -613.327454
-46.974003 10.332182 -622.225464
-52.302094 10.332181 -631.136536
-60.049313 10.332181 -637.933533
-69.582405 10.332181 -641.589172
-79.541740 10.332182 -644.185608
-89.824272 10.332182 -644.596741
-100.022217 10.332181 -644.685913
-110.220604 10.332182 -644.732483
-120.672485 10.332181 -644.780334
-130.753906 10.332181 -644.826477
-140.776886 10.332181 -644.848694
-151.111343 10.332182 -644.748718
-161.366028 10.332181 -644.531555
-171.718140 10.332181 -644.307678
-181.855759 10.332181 -644.088501
-191.915405 10.332182 -643.871094
-201.936050 10.332181 -643.654358
-211.902191 11.329274 -643.438660
-222.195145 11.774132 -643.189087
-232.428070 11.777432 -642.885681
-242.625595 11.329274 -642.243835
-251.136383 5.835764 -641.530823
-261.133026 4.866563 -640.571716
-271.149017 4.866563 -639.610840
-281.106750 4.866563 -638.655518
-290.948029 1.760056 -637.711365
-300.245819 -2.458623 -636.819275
-310.243134 -0.883429 -635.867859
-319.865295 2.344265 -635.106628
-329.999115 4.074632 -634.386475
-340.039856 4.796641 -633.732422
-350.022064 5.139793 -633.082092
-360.062714 5.050807 -632.427856
-370.376221 4.782586 -631.762451
-380.679779 3.372535 -631.273315
-390.636627 1.194876 -630.887024
-400.495972 -0.713071 -630.504456
-410.652527 -1.754437 -630.506470
-420.907074 -1.988821 -630.734192
-431.142090 -1.844249 -630.961548
-441.279633 -2.065026 -631.186584
-451.553528 -2.556329 -631.418030
-461.532745 -3.242529 -631.724548
-471.843262 -3.506339 -632.043823
-482.017395 -3.708715 -632.358887
-491.918640 -5.170578 -632.665405
-501.702759 -7.343784 -632.968323
-511.795502 -9.585373 -633.373596
-521.557800 -12.284479 -633.747986
-531.281921 -14.597038 -633.111389
-540.371765 -16.996954 -629.448425
-546.397644 -16.984749 -621.447083
-551.260681 -16.975924 -612.527710
-556.038696 -16.967344 -603.539856
-560.918823 -16.963457 -594.429626
-565.727173 -16.962572 -585.457581
-571.154541 -16.959631 -576.883362
-577.793640 -16.958776 -569.126038
-585.348572 -16.956430 -562.487061
-593.747314 -16.950300 -557.017517
-603.421631 -16.940596 -553.897583
Custom
HailActor "Edlias" 9
-609.347168 -16.936869 -552.492615
-599.937866 -16.939337 -556.774841
-590.781555 -16.948523 -561.284241
-581.921753 -16.956556 -566.037964
-574.095886 -16.959457 -572.644348
-567.848999 -16.963125 -580.576294
-563.129517 -16.964100 -589.417847
-559.120239 -16.962532 -598.860962
-555.799622 -16.965891 -608.524109
-552.018494 -16.971743 -617.890259
-546.269165 -16.983126 -626.148254
-538.304565 -17.000973 -632.571228
-528.670898 -14.498374 -634.960083
-519.123047 -11.582625 -635.895325
-509.401672 -9.047938 -636.221802
-499.418182 -6.829680 -636.311829
-489.571167 -4.646683 -636.400818
-479.587677 -3.482625 -636.490784
-469.331238 -3.638852 -636.591003
-459.134033 -3.052619 -636.755371
-449.093048 -2.417358 -636.933716
-438.818115 -2.010081 -637.116211
-428.621124 -1.874471 -637.297363
-418.580109 -2.015435 -637.475708
-408.519592 -1.581429 -637.654297
-398.556580 -0.473666 -637.831116
-388.768982 1.665968 -638.005127
-378.922913 3.760352 -638.179932
-368.920898 4.934743 -638.357605
-358.801880 5.082040 -638.537292
-348.741333 5.094382 -638.715942
-338.544342 4.735914 -638.897095
-328.425323 3.946121 -639.076782
-318.306305 1.885000 -639.256592
-308.673706 -1.498284 -639.302734
-298.604095 -1.362999 -639.263794
-288.817780 1.994932 -639.226501
-279.201874 4.866563 -639.189636
-269.042389 4.866563 -639.148621
-258.980377 4.866563 -639.107971
-249.152451 7.830117 -639.068298
-239.636993 11.329274 -639.125305
-229.635010 10.640714 -639.302795
-219.360046 10.640715 -639.485046
-209.124069 11.329275 -639.662964
-199.062973 10.332182 -639.797485
-188.748398 10.332182 -639.934937
-178.687347 10.332181 -640.068970
-168.431305 10.332182 -640.205566
-158.389740 10.332181 -640.339355
-148.250656 10.332181 -640.474548
-138.248062 10.332181 -640.607788
-128.167374 10.332181 -640.742249
-118.067322 10.332181 -640.876831
-107.811279 10.332182 -641.013245
-97.516228 10.332181 -641.150391
-87.513634 10.332181 -641.283752
-77.492287 10.332181 -641.325989
-67.444649 10.332181 -639.664368
-57.951126 10.332182 -636.260498
-49.966377 10.332181 -629.842896
-43.714825 10.332182 -621.824707
-38.721420 10.332181 -613.073425
-34.670219 10.332181 -603.929810
-30.753384 10.332182 -594.365967
-26.792221 10.332181 -584.693848
-22.822147 10.332181 -575.152466
-18.116249 10.332182 -566.199219
-12.915005 10.332181 -557.654785
-7.658020 10.332181 -548.871948
-3.346247 10.332181 -539.590576
4.009366 10.332181 -546.747986
9.833836 10.332181 -554.952454
15.149033 10.332181 -563.540894
19.793190 10.332181 -572.576599
24.376656 10.332181 -581.533875
28.954786 10.332182 -590.537781
33.594795 10.332181 -599.663513
38.275692 10.332181 -608.546753
43.250122 10.332182 -617.382263
48.884918 10.332182 -625.964722
56.341572 10.332181 -632.692444
65.526314 10.332181 -637.289246
75.266182 10.332181 -639.926880
85.488594 10.332181 -640.528931
95.647957 10.332181 -640.582581
105.904831 10.332181 -640.636719
116.064209 10.332181 -640.690430
126.379593 10.332181 -640.744751
136.636505 10.332181 -640.798828
146.717941 10.332181 -640.851990
156.974869 10.332182 -640.906067
167.329269 10.332182 -640.933472
177.702927 10.332182 -640.851807
187.783829 10.332181 -640.745178
197.821136 10.332181 -640.425903
207.852066 11.329274 -639.954651
217.835144 10.640714 -638.866455
Custom
Tordeniceharvest TRUE
223.751236 10.640714 -638.031311
59.41 10.33 -638.66
1.15 10.33 -557.77
-31.56 10.33 -592.35
-49.71 10.33 -640.77
-207.10 11.36 -638.20
-283.19 4.87 -637.11
-355.78 5.18 -635.58
-481.48 -3.63 -634.95
-546.17 -16.98 -624.42
-585.61 -16.96 -562.55
Custom
PlaceHouseItem 44
-604.62 -16.94 -555.71
Custom
HailActor "Edlias" 12
-609.116821 -16.936573 -552.749084
Custom
ClickActor "sand area"
-610.900635 -16.949015 -546.105225
Wait
50
-610.900635 -16.949015 -546.105225
Wait
150
-602.384705 -16.943333 -553.186890
Custom
ClickActor fired_lightning_rods
-611.217346 -16.939684 -544.392639
Custom
ClickActor TintFlags-17096
-606.051941 -16.934278 -555.457947
Wait
100
-606.051941 -16.934278 -555.457947
Custom
ClickActor -Actor tempered_lightning_rods -LoopUntilNoHighlightOnMouseHover
-606.051941 -16.934278 -555.457947
Wait
20
-606.051941 -16.934278 -555.457947
Custom
ClickActor -Actor tempered_lightning_rods -LoopUntilNoHighlightOnMouseHover
-605.844116 -16.935492 -554.964294
-596.888733 -16.939938 -559.727722
-588.000671 -16.948130 -564.455261
-579.363708 -16.954891 -569.700134
-572.282532 -16.956959 -576.951782
-566.565918 -16.960947 -585.184631
-561.214905 -16.963642 -593.672729
-556.418030 -16.966726 -602.672791
-551.697571 -16.975208 -611.536926
-546.913025 -16.983805 -620.521545
-541.607361 -16.993893 -629.148743
-533.282715 -15.276262 -634.747742
-523.401672 -12.806366 -636.405151
-513.594727 -10.001175 -636.337952
-503.631958 -7.766187 -636.154236
-493.805573 -5.583351 -635.973083
-483.940216 -3.923692 -635.791260
-473.918488 -3.371428 -635.652710
-463.778473 -3.409647 -635.694885
-453.619690 -2.669021 -635.826172
-443.441345 -2.112489 -635.957764
-433.282532 -1.888894 -636.088989
-423.279663 -1.955722 -636.218140
-413.101257 -1.911139 -636.349609
-402.903442 -0.988745 -636.481323
-393.017639 0.637950 -636.609253
-382.897827 2.919451 -636.740234
-372.836456 4.536509 -636.870178
-362.677582 5.017002 -637.001526
-352.460236 5.220169 -637.133484
-342.184326 4.868724 -637.266174
-332.084015 4.233652 -637.396912
-321.808258 2.754947 -637.529846
-312.214905 -0.181395 -637.653931
-302.524078 -2.717477 -637.779175
-292.962769 0.596885 -637.895630
-283.759308 4.866563 -638.014526
-273.483459 4.866563 -638.147217
-263.441589 4.866563 -638.276855
-253.282852 4.866563 -638.408081
-244.664566 10.398703 -638.519409
-234.700851 11.437191 -638.648254
-224.444717 10.640714 -638.780762
-214.383545 11.670576 -638.910706
-204.224869 10.332182 -639.042053
-193.910187 10.332182 -639.175415
-183.693039 10.332181 -639.307495
-173.514862 10.332181 -639.438965
-163.336700 10.332181 -639.570435
-153.158524 10.332181 -639.701782
-143.019363 10.332181 -639.832886
-132.821671 10.332182 -639.964600
-122.487541 10.332181 -640.098145
-112.465401 10.332182 -640.227661
-102.345749 10.332182 -640.358459
-92.245613 10.332182 -640.489014
-82.145470 10.332182 -640.619507
-71.850815 10.332181 -640.698792
-62.036186 10.332182 -638.724731
-52.896442 10.332181 -634.137207
-46.753170 10.332182 -626.196716
-41.756432 10.332182 -617.373840
-37.326767 10.332182 -608.101074
-32.922661 10.332181 -598.794678
-28.696833 10.332182 -589.663086
-24.372734 10.332181 -580.319092
-20.056822 10.332182 -570.992737
-15.757287 10.332182 -561.701843
-11.547847 10.332182 -552.605591
-7.300797 10.332181 -543.398010
-4.037922 12.129291 -533.821716
-2.141634 12.396437 -523.824890
-1.500878 10.332182 -514.037354
-0.844947 10.332182 -503.801392
-0.482158 10.332182 -493.805267
-0.490622 10.332181 -483.704071
-0.499005 10.332181 -473.700317
-0.507584 10.332181 -463.462677
-0.516016 10.332181 -453.400574
-0.524497 10.332181 -443.279785
-0.532994 10.332182 -433.139771
-0.541589 10.332181 -422.882599
-0.550152 10.332182 -412.664551
-0.558780 10.332181 -402.368408
-0.567456 10.332181 -392.013794
-4.424844 10.332182 -382.335693
-6.888512 11.329274 -372.517609
-7.298354 11.714683 -362.305450
-6.779481 11.576747 -352.003052
-6.251970 11.329274 -341.740082
-5.799529 6.458513 -332.937622
-5.278022 4.866563 -322.791443
-4.740501 4.866563 -312.333679
-4.220999 4.866563 -302.226624
-3.727520 1.763008 -292.625824
-3.262067 -2.458622 -283.570313
-2.741562 -0.627064 -273.443604
-2.249084 2.300343 -263.862152
-1.730580 4.054664 -253.774353
-1.399963 4.788108 -243.718460
-1.226457 5.142133 -233.423981
-1.075549 5.049967 -223.382629
-0.924055 4.800683 -213.302231
-0.771389 3.441231 -203.143875
-0.624291 1.315030 -193.355942
-0.917923 -1.094601 -183.625320
-0.771118 -3.665283 -173.856918
-0.621675 -6.382182 -163.913040
-0.477213 -9.162733 -154.300583
-0.419021 -12.211436 -144.707092
-0.620437 -15.943292 -135.117432
-3.398401 -18.527679 -125.674561
-1.430597 -19.762449 -95.251595
0.377291 -9.754425 -51.344582
0.057701 -1.702072 -12.609844
-0.248991 -1.842458 15.569735
0.402964 -13.518129 60.940994
0.828706 -19.763264 108.958008
-0.368448 -17.143095 132.553848
1.220117 -13.388846 141.831192
1.223310 -10.132640 151.461716
1.124242 -7.210404 161.308609
1.042145 -4.239584 171.331253
0.960687 -1.680061 181.275864
0.879868 0.724999 191.142456
0.798410 2.958544 201.087128
0.715355 4.563502 211.226700
0.632140 5.020474 221.385818
0.550043 5.217901 231.408432
0.465710 4.865984 241.704102
0.381058 4.209206 252.038681
0.299919 2.767349 261.944275
0.217822 0.132235 271.966797
0.136365 -2.467138 281.911316
0.332125 0.596885 291.486633
0.583035 4.866563 300.780640
0.773603 4.866563 310.956909
0.453283 4.866563 321.029907
-0.293392 4.866563 331.024933
-0.913684 10.478401 339.328156
-1.551668 11.099948 349.309326
-1.753715 10.640715 359.310760
-1.958125 11.843901 369.429291
-2.084186 10.332181 379.450684
-2.032629 10.332181 389.492828
-1.981072 10.332181 399.534912
-1.929213 10.332181 409.635529
-1.877355 10.332182 419.736145
-1.825196 10.332181 429.895294
-1.772636 10.332181 440.132446
-1.719776 10.332181 450.428131
-1.667317 10.332181 460.645660
-1.615258 10.332181 470.785278
-1.562999 10.332181 480.963928
-1.509738 10.332181 491.337433
-1.457879 10.332181 501.438049
-1.405620 10.332181 511.616669
-1.353861 10.818390 521.698059
0.918059 12.062688 531.552734
6.096149 10.332181 540.355957
11.233393 10.332182 549.089661
16.293076 10.332181 557.964478
20.978445 10.332181 566.846924
25.772993 10.332182 575.936462
30.440170 10.332182 584.784424
35.207428 10.332182 593.822205
39.892807 10.332181 602.704529
44.687355 10.332182 611.794189
49.418221 10.332182 620.763000
54.404934 10.332182 629.483276
61.350807 10.332182 636.793152
71.138306 10.332181 639.876038
81.171028 10.332182 640.509338
91.169937 10.332181 640.812012
101.231430 10.332181 640.894653
111.254219 10.332182 640.957397
121.530533 10.332181 641.021729
131.553329 10.332181 641.084473
141.790634 10.332182 641.148560
151.891510 10.332182 641.211792
162.362839 10.332182 641.277344
172.483139 10.332181 641.340698
182.603439 10.332181 641.404053
192.723755 10.332181 641.467407
203.019516 10.332182 641.531860
213.315323 11.329275 641.596313
223.630630 10.640714 641.660889
233.926422 11.289411 641.725342
244.250443 10.551869 641.420532
252.751602 4.866563 640.832458
262.789612 4.866563 640.137939
272.944458 4.866563 639.435364
283.099335 4.866563 638.732849
292.261993 0.596885 638.098938
301.949890 -2.463317 637.428711
311.720673 0.101276 636.856750
321.546082 2.701462 636.631409
331.469055 4.186872 636.404053
341.859894 4.858123 636.166016
352.153137 5.210330 635.930176
362.290497 5.021904 635.697937
372.388855 4.580688 635.466492
382.448181 3.010279 635.236267
392.449127 0.770254 635.007202
402.547516 -1.494183 634.775879
412.762817 -2.583124 634.541931
422.783234 -1.962194 634.312439
433.213043 -1.888160 634.073486
443.487366 -2.113670 633.901306
453.548920 -2.665868 633.979675
463.727509 -3.408002 634.058960
473.789093 -3.384300 634.137329
484.026154 -3.943010 634.216980
494.221924 -5.678869 634.430359
504.283081 -7.914248 634.416199
514.344604 -10.189782 634.320374
524.143860 -12.824991 634.760315
533.737915 -15.318713 636.796875
542.609314 -16.991415 641.413452
549.589233 -16.976164 648.763733
554.885010 -16.965681 657.380005
559.714172 -16.957403 666.252014
564.506470 -16.954712 675.143738
569.146545 -16.954241 684.092102
573.687012 -16.954178 693.419678
578.307739 -16.960831 702.620361
583.506714 -16.966139 711.248901
Custom
ClickActor lightning_event_cube_floor
588.174438 -16.968430 717.667114
Wait
150
575.194946 -16.961805 699.889282
Custom
ClickActor placed_lightning_rod01
587.269226 -16.967863 716.349854
Custom
ClickActor placed_lightning_rod01
587.269226 -16.967863 716.349854
599.129822 -16.961863 723.638733
607.905029 -16.962812 728.689514
617.007874 -16.961365 732.881287
626.421692 -16.959002 736.853149
635.692322 -16.963371 740.764404
644.981689 -16.969286 744.681152
654.955383 -16.971699 747.325378
665.035706 -16.967524 746.104553
674.904053 -16.963577 742.826660
683.415222 -16.952473 736.863586
691.712769 -16.941254 730.933655
699.851501 -16.936962 725.117065
708.261047 -16.933500 719.109314
716.739624 -16.930481 713.269226
725.396912 -16.933729 707.955688
734.385193 -16.941385 702.854614
743.254639 -16.948942 697.821167
752.003967 -16.958624 692.851868
760.632690 -16.972118 687.141724
Custom
ClickActor lightning_event_cube_floor
769.321106 -16.983788 679.666565
Wait
150
751.963440 -16.961592 695.600159
Custom
ClickActor placed_lightning_rod02
767.988159 -16.981636 680.489075
Custom
ClickActor placed_lightning_rod02
767.988159 -16.981636 680.489075
769.921509 -16.974346 667.674988
771.441589 -16.974079 657.603149
772.943665 -16.973814 647.651672
774.464966 -16.972200 637.572876
774.809448 -16.976011 627.315613
773.059448 -16.975962 617.453003
770.726868 -16.973989 607.548889
767.788879 -16.971926 597.926025
Custom
ClickActor lightning_event_cube_floor
764.750305 -16.975086 589.632507
Wait
150
769.952393 -16.971672 608.321411
Custom
ClickActor placed_lightning_rod01
765.098511 -16.974957 590.392883
769.952393 -16.971672 608.321411
Custom
ClickActor placed_lightning_rod01
765.098511 -16.974957 590.392883
758.748596 -16.970114 582.304382
753.016663 -16.967205 573.713684
747.335571 -16.966681 565.199341
740.005005 -16.967253 558.047302
731.987549 -16.964474 551.935913
723.840942 -16.961351 545.865784
715.515259 -16.963219 540.264893
706.603394 -16.964209 535.387634
697.452271 -16.963697 531.020935
688.295532 -16.969320 526.855103
678.643433 -16.973383 523.572388
668.631592 -16.972860 522.131958
658.447144 -16.971031 522.299194
648.414307 -16.971045 523.958679
638.468689 -16.968622 526.621155
628.750549 -16.965792 529.375000
619.062988 -16.967840 532.617126
609.657593 -16.969995 536.352234
Custom
ClickActor lightning_event_cube_floor
603.933044 -16.970734 538.822937
Wait
150
621.991028 -16.967602 531.253662
Custom
ClickActor placed_lightning_rod01
605.539063 -16.970711 538.046875
Custom
ClickActor placed_lightning_rod01
605.539063 -16.970711 538.046875
600.907654 -16.956524 547.325684
594.615967 -16.952827 555.412537
588.008850 -16.950344 562.974548
581.384155 -16.947784 570.547974
574.727783 -16.951870 578.433960
568.524597 -16.956579 586.356201
562.411133 -16.960722 594.441895
556.992249 -16.964838 603.012451
551.602417 -16.975309 611.578247
546.150208 -16.985903 620.243164
540.396423 -16.997393 628.617004
532.361877 -14.621751 634.191040
522.622009 -12.319139 635.432068
512.602661 -9.760171 635.687378
502.833649 -7.589548 635.780884
492.772156 -5.353935 635.877136
482.574188 -3.756227 635.974731
472.434723 -3.457531 636.071777
462.236786 -3.290965 636.169434
452.058258 -2.582188 636.266785
442.055237 -2.081781 636.362488
431.818237 -1.856849 636.460449
421.659271 -1.980766 636.557678
411.597748 -2.572145 636.653931
401.614258 -1.291667 636.749512
391.572266 0.986989 636.845581
381.530273 3.208002 636.941650
371.585785 4.665072 637.036804
361.290344 5.035349 637.135376
350.955872 5.169507 637.234253
340.952881 4.826204 637.329956
330.657410 4.122293 637.428467
320.615448 2.497829 637.524658
310.631958 -0.306231 637.620178
300.862976 -2.458622 637.713684
291.523132 1.417901 637.799438
282.124634 4.866563 637.889465
272.043640 4.866563 637.985962
261.806671 4.866563 638.083984
251.725647 5.135431 638.180481
243.360596 11.014096 638.260498
233.247162 10.640715 638.357666
222.951691 10.640714 638.456238
212.948669 11.842134 638.551941
203.017105 10.332182 638.633423
192.720261 10.332181 638.460388
182.658783 10.332181 638.556641
172.636276 10.332181 638.652527
162.633286 10.332181 638.748291
152.513275 10.332182 638.845154
142.432281 10.332181 638.941650
132.351288 10.332181 639.038208
122.328766 10.332181 639.134216
112.111221 10.332182 639.232056
102.108192 10.332182 639.327881
91.812660 10.332181 639.426453
81.536629 10.332182 639.524841
71.242592 10.332181 639.498840
61.242264 10.332181 637.515320
52.240566 10.332182 632.684143
44.794949 10.332181 625.837402
39.058239 10.332182 617.595581
34.550571 10.332181 608.406677
30.309404 10.332182 599.239685
25.969992 10.332182 589.860229
21.704262 10.332182 580.640015
17.381222 10.332181 571.295959
13.115490 10.332181 562.075867
8.898886 10.332182 552.961914
5.351814 10.332182 543.588257
2.984600 12.094579 533.955811
1.864308 11.612847 523.706177
1.335210 10.332182 513.757935
1.118044 10.332182 503.717682
0.895774 10.332182 493.463013
0.675193 10.332182 483.286377
0.451655 10.332181 472.973267
0.231497 10.332182 462.816101
0.007537 10.332182 452.483459
-0.214734 10.332182 442.228851
-0.431511 10.332182 432.227600
-0.654627 10.332181 421.933960
-0.878588 10.332181 411.601349
-1.095365 10.332182 401.600159
-2.673130 10.332181 391.639038
-4.807124 10.332181 381.494720
-6.185781 11.329274 371.287567
-6.733664 11.235284 361.185577
-6.493494 11.481853 351.146057
-6.220441 11.307295 340.873138
-5.991430 5.375232 332.257080
-5.713713 4.866563 321.808563
-5.442733 4.866563 311.613586
-5.176933 4.866563 301.613525
-4.916499 1.080281 291.964539
-4.627848 -2.458622 282.609070
-4.323288 -0.168904 272.746796
-4.017525 2.565491 262.845612
-3.705743 4.151165 252.749466
-3.355076 4.840204 242.420471
-2.699066 5.187967 232.282745
-1.972797 5.030463 222.129715
-1.796648 4.617357 211.739670
-1.963857 3.073635 201.620590
-2.154030 0.890261 191.813919
-2.265352 -1.521015 181.908630
-2.326943 -4.036539 172.080811
-2.388167 -6.901867 162.311493
-2.437463 -9.784059 152.503113
-2.414128 -13.019325 142.792145
-2.390853 -16.861916 133.198166
-2.367343 -19.764505 123.506683
-2.342745 -19.763689 113.366714
-2.318005 -19.762890 103.168243
-2.293642 -19.762329 93.125778
-2.269280 -17.460085 83.083313
-2.222893 -15.684291 73.235985
-2.109935 -14.505451 63.233131
-1.940846 -10.599894 53.601639
-1.749139 -7.318892 43.912025
-1.555888 -4.447209 34.144440
-1.313743 -2.463783 24.300097
-0.784880 -1.779067 14.252188
-0.401399 -0.318950 3.982977
Wait
20
-0.274421 -0.318929 0.143577
