0.366098 -2.611454 25.772194
0.063323 -4.851576 35.539093
-0.053724 -7.761499 45.304188
-0.170333 -11.156464 55.078182
-0.176971 -15.031181 64.467743
-0.050603 -15.684290 74.793373
0.081876 -17.798395 84.623032
0.195813 -19.762430 94.912384
0.306698 -19.762989 104.926140
0.316603 -19.763765 115.050560
0.253347 -18.775650 125.017136
0.192972 -16.158520 134.847610
0.230876 -12.497365 144.182007
0.290814 -9.388762 153.810242
0.350866 -6.585049 163.456909
0.411148 -3.757342 173.140289
0.471544 -1.294640 182.842056
0.534227 1.151709 192.911301
0.595881 3.322724 202.815216
0.426378 4.720168 212.751755
0.159440 5.040790 222.921341
-0.174162 5.162866 233.040482
-0.508368 4.814857 243.178009
-0.844997 4.103062 253.389008
-1.173755 2.459267 263.361267
-1.314086 -0.332959 273.181152
-1.324301 -2.458622 283.286163
-1.600502 1.641803 292.664642
-1.818397 4.866563 302.407959
-1.771753 4.866563 312.477509
-1.724754 4.866563 322.623749
DontStopForCombat
-4.964314 11.229746 340.678864
-5.266778 10.640714 350.737854
-4.681626 10.640715 360.822693
-5.098550 11.329274 370.950928
-4.017995 10.332182 380.998352
-3.128464 10.332182 391.047302
-3.454968 10.332182 401.381378
-4.409937 10.332182 411.441284
-4.055034 10.332181 421.568481
-2.971139 10.332181 431.779602
Named
Elif
CustomNamed
-1.541107 10.332182 441.497772
StopForCombat
-1.256255 10.332181 451.602661
-1.039413 10.332182 461.994995
-0.827065 10.332181 472.171967
-0.615472 10.332181 482.312958
-0.403112 10.332182 492.490753
-0.193742 10.332182 502.525146
-0.000483 10.332182 512.575073
Custom
CheckShortZone
-0.581906 11.308099 522.615723
-3.046160 12.139910 532.476990
-6.633684 10.332182 541.821045
-11.100053 10.332182 550.927429
-15.579818 10.332181 559.945740
-20.100458 10.332181 569.046204
-24.580227 10.332181 578.064392
-29.117222 10.332182 587.197693
-33.654202 10.332182 596.330994
-38.191158 10.332181 605.464294
-42.809864 10.332181 614.762390
-47.289597 10.332182 623.780579
-54.096115 10.332181 631.285645
-63.633709 10.332182 635.145325
-73.612938 10.332181 636.748535
-83.868759 10.332181 637.317688
-93.941147 10.332181 637.876770
-103.940132 10.332181 638.431702
-114.099525 10.332182 638.514160
-124.113914 10.332182 638.509216
-134.532547 10.332181 638.503967
-144.583710 10.332181 638.498901
-154.653229 10.332182 638.493896
-164.640579 10.332181 639.517578
-174.577194 10.332181 642.327637
-184.598602 10.332182 644.204163
-194.708725 10.332182 645.540222
-205.032303 10.332183 645.721558
-215.142532 11.397192 644.266174
-225.316238 11.153607 642.501526
-235.600800 11.329274 640.634216
-245.559082 10.065996 639.824829
-254.230392 4.866563 639.657227
-264.458557 4.866563 639.302673
-274.571442 4.866563 638.816345
DontStopForCombat
-290.747253 1.885924 638.838928
-321.446716 2.679082 638.522644
-377.115204 4.095124 636.265869
-436.632507 -1.961845 636.935303
-489.451813 -4.632194 636.907715
-531.496399 -14.606061 635.551453
-548.457153 -16.973354 634.632202
Named
Hurricane
StandardNamed
SameLock
KillAdd
Bastion
DontMoveBehind
-568.249939 -14.642676 628.411438
StopForCombat
-534.986938 -15.318713 635.791443
-525.013977 -13.107348 635.527283
-494.798126 -5.805493 635.500610
-448.128998 -2.365144 635.756348
-408.347382 -1.541999 635.973572
-360.478424 5.045841 637.002930
-334.017944 4.386859 637.008972
-299.069733 -1.631765 638.168274
-281.647919 4.866563 638.748352
-277.417786 4.866564 654.777283
-274.873047 4.866563 664.476135
-272.771332 4.866563 674.323669
Wait
20
-270.931335 7.750655 680.811157
Custom
StopFollow
-270.931335 7.750655 680.811157
Custom
HailActor "a Wind Spirit" 2 1 1 0
-270.931335 7.750655 680.811157
Custom
WaitWhileMoving
0 0 0
Custom
Wait 50
0 0 0
-581.360596 38.049660 718.222412
-589.747864 38.043945 724.176697
-598.396179 38.046654 729.749268
Wait
50
-611.894714 38.055031 737.219055
Custom
StopFollow
-611.894714 38.055031 737.219055
Custom
HailActor "a Wind Spirit" 2 1 1 0
-611.894714 38.055031 737.219055
Custom
WaitWhileMoving
0 0 0
Custom
Wait 50
0 0 0
-578.752014 89.889244 521.434631
-569.099243 89.880310 524.420654
Wait
50
-566.310364 89.877731 525.291504
-566.450745 89.885719 535.781494
-566.479004 89.895157 545.794800
Wait
50
-566.466003 89.898788 552.405151
Custom
StopFollow
-566.466003 89.898788 552.405151
Custom
HailActor "a Wind Spirit" 2 1 1 0
-566.466003 89.898788 552.405151
Custom
WaitWhileMoving
0 0 0
Custom
Wait 50
0 0 0
-750.344055 144.682144 551.908569
-743.033813 144.676956 544.863525
-735.668518 144.682861 537.765808
Wait
50
-730.059937 144.686905 533.274414
Custom
StopFollow
-730.059937 144.686905 533.274414
Custom
HailActor "a Wind Spirit" 2 1 1 0
-730.059937 144.686905 533.274414
Custom
WaitWhileMoving
0 0 0
Custom
Wait 50
0 0 0
-725.851196 198.469131 736.422180
-730.185303 198.461334 726.996277
-734.807068 198.455322 717.993591
-739.717896 198.458908 709.161499
-748.856079 198.467957 713.235840
-756.226501 198.462738 720.140442
Wait
50
-756.711304 198.462280 720.562805
Wait
50
-755.419739 198.471786 710.598389
Custom
StopFollow
-755.419739 198.471786 710.598389
Custom
HailActor "a Wind Spirit" 2 1 1 0
-755.419739 198.471786 710.598389
Custom
WaitWhileMoving
0 0 0
Custom
Wait 50
0 0 0
-620.096680 309.283508 672.218323
-627.312683 309.283508 664.841064
-634.509216 309.283508 657.861572
-642.150146 309.283508 651.220581
-650.321289 309.283508 645.438293
Named
Yveti
CustomNamed
-656.196289 309.283508 641.369507
Custom
Teleporter -662.313843 309.558289 635.256592 1 50
-656.196289 309.283508 641.369507
Wait
50
-699.331238 30.853727 708.153748
Custom
JumpUp -699.331238 30.853727 708.153748 31 150
-699.331238 30.853727 708.153748
Wait
50
-700.443665 32.379440 709.468750
Wait
50
-713.648560 -16.963072 729.791321
-698.768188 -16.965504 738.939209
-689.916138 -16.971493 743.849548
-680.525940 -16.976542 747.433960
-670.690857 -16.978056 749.672791
-660.588806 -16.977064 750.524902
-650.347961 -16.979311 749.826050
-640.602173 -16.975895 746.794434
-631.252075 -16.968697 742.367676
-622.098511 -16.965908 737.798462
-613.309387 -16.965452 732.847107
-604.456116 -16.964848 727.859436
-595.784790 -16.963043 722.474121
-587.496887 -16.968023 716.754639
-579.530945 -16.972105 710.524597
-573.009583 -16.970984 702.924622
-566.612427 -16.972040 694.965820
-560.997986 -16.975277 686.268555
-556.310974 -16.975830 677.170288
-552.455627 -16.977072 667.835876
-549.120300 -16.981575 658.222168
-547.046204 -16.982679 648.241699
-545.997070 -16.980227 638.239258
Custom
CheckAndSet -Expert 340
-545.999023 -16.979708 635.905640
Custom
PathHarvest 68 50 1 0 0 0 "Yveti Stormbrood's Treasure" "IT-Yveti Stormbrood's Treasure" 1
-545.999023 -16.979708 635.905640
-547.023193 -16.981508 625.614380
-548.801392 -16.980963 615.496338
-551.027039 -16.979198 605.525818
-554.160461 -16.977758 595.919067
-558.424683 -16.979218 586.655701
-563.412231 -16.978588 577.575562
-569.380432 -16.974638 569.411377
-576.107544 -16.972698 561.920349
-583.911682 -16.971622 555.173096
-592.105225 -16.968309 549.163086
-600.461853 -16.965151 543.033569
-608.672729 -16.969467 537.047913
-617.304504 -16.971239 531.903625
-626.395874 -16.970860 527.601685
-636.268188 -16.973692 524.841431
-646.352173 -16.973326 523.335876
-656.381348 -16.970749 522.760132
-666.487000 -16.970367 522.829529
-676.338074 -16.968979 525.050232
-685.907715 -16.963999 528.714539
-695.444702 -16.959322 532.214417
-704.999939 -16.961811 535.721008
-714.470093 -16.964510 539.196594
-723.840149 -16.966379 543.109924
-732.493408 -16.971352 548.634583
-740.752319 -16.975107 554.458740
-748.240417 -16.975853 561.105591
-754.073242 -16.974871 569.324280
-758.536743 -16.974300 578.409180
-762.978394 -16.973402 587.732178
-767.132202 -16.971807 596.842896
-770.788391 -16.974697 606.477295
-773.551208 -16.977840 616.388794
-774.178528 -16.974939 626.462463
-773.598816 -16.970407 636.459900
-774.068604 -16.975838 646.517273
-773.153625 -16.977749 656.851074
-769.671265 -16.972828 666.998108
-766.048035 -16.972750 676.543091
-762.366943 -16.975080 686.131653
-757.597595 -16.974066 695.075562
-751.227844 -16.972843 703.078552
-744.334961 -16.973301 710.692688
-737.051758 -16.972139 717.906250
-729.543884 -16.970051 724.641174
-721.591736 -16.974373 730.807556
-712.848450 -16.975655 736.088501
-703.682800 -16.973763 740.147400
-694.173035 -16.971933 743.394165
-684.156433 -16.974821 746.113281
-674.201050 -16.974030 747.389221
-663.994141 -16.969460 747.096008
-653.974243 -16.968147 745.656067
-643.782349 -16.967623 743.784363
-633.764709 -16.965584 741.434631
-623.997742 -16.966101 738.912292
-614.314880 -16.970457 735.724121
-604.988098 -16.973108 731.930664
-596.032715 -16.972641 727.006470
-587.902466 -16.974640 721.101868
-580.608948 -16.975719 713.827332
-573.751526 -16.975346 706.216614
-568.388123 -16.970921 697.627502
-564.088257 -16.970472 688.339966
-559.880859 -16.969810 679.110718
-555.703918 -16.969610 669.948364
-551.564941 -16.976290 660.588379
-547.718689 -16.982256 651.322449
-545.889587 -16.980064 636.682190
-545.889587 -16.980064 636.682190
-534.549927 -15.318713 636.284668
-524.571716 -12.960402 635.908569
-514.871521 -10.330297 635.871887
-505.068176 -8.086481 635.835022
-495.109192 -5.874030 635.797607
-485.094757 -4.100758 635.759827
-435.713959 -1.942365 635.573792
-412.818512 -1.764479 635.487732
-381.543060 3.198757 635.561768
-346.477783 5.018525 636.917725
-316.361359 1.338691 637.196106
-280.144714 4.866563 637.518066
-241.014160 11.329274 641.137695
-226.984131 11.329274 644.740540
-210.545349 11.329275 645.943176
-164.131775 10.332182 643.234192
-153.733658 10.332182 642.545166
-143.595779 10.332181 641.873718
-133.457153 10.332181 641.202026
-123.464706 10.332182 640.539978
-113.288887 10.332182 639.865723
-103.223076 10.332181 639.198975
-93.010574 10.332181 638.522461
-82.798096 10.332181 637.846008
-72.677307 10.332181 637.175476
-62.446503 10.332181 636.497559
-52.280678 10.332182 634.813232
-45.014923 10.332181 627.625244
-39.729973 10.332182 618.887207
-35.652409 10.332181 609.660583
-31.620304 10.332182 600.393494
-27.588202 10.332182 591.126404
-23.446131 10.332181 581.606567
-19.414028 10.332182 572.339539
-15.308616 10.332181 562.903931
-9.752407 10.332181 554.453674
-0.476475 10.332182 549.898621
9.629395 10.332183 551.328430
18.463642 10.332181 556.297119
24.423176 10.332181 564.540649
27.280226 10.332182 574.253296
29.479445 10.332181 584.378662
30.803911 10.332182 594.458191
33.621891 10.332182 604.316345
37.699272 10.332181 613.580383
42.605850 10.332182 622.554993
48.765675 10.332182 630.902832
56.984112 10.332181 637.109131
66.617126 10.332182 640.134277
76.907402 10.332181 640.768250
87.081223 10.332181 640.421143
97.365036 10.332181 640.064453
107.428482 10.332182 639.715271
117.587189 10.332181 639.670166
127.765549 10.332182 639.841003
137.980621 10.332181 640.012268
148.011993 10.332182 640.180542
158.061722 10.332182 640.349121
168.093079 10.332182 640.517517
178.234665 10.332182 640.687683
188.284393 10.332182 640.856262
198.435516 10.332181 641.729980
208.563995 11.329274 642.919678
218.525162 11.777433 643.939026
228.728836 11.777433 643.549561
238.753479 11.329274 642.487549
248.485458 8.334982 640.973267
257.783600 4.866563 639.674194
268.114227 4.866563 639.231445
278.178680 4.866563 638.821106
288.152252 2.833488 638.210266
297.613190 -0.913154 638.365417
307.882416 -1.352071 638.339233
317.538757 1.727137 637.926147
327.526245 3.877866 637.515320
337.660736 4.668972 637.250671
347.914520 5.067219 637.107910
357.953278 5.109957 636.987061
368.235626 4.943531 636.719482
378.241394 3.899458 636.459229
388.078064 1.827004 636.203247
397.899292 -0.507603 635.947632
408.120178 -2.437769 635.681458
418.248901 -2.078912 635.417908
428.410858 -1.876501 635.294434
438.617828 -2.005777 635.488770
448.810364 -2.402271 635.632813
458.932251 -3.037454 636.084534
469.056274 -3.658186 635.690552
479.133453 -3.472863 635.270813
489.328613 -4.616162 635.309204
499.207581 -6.784670 635.398071
509.028412 -8.966908 635.256470
518.813416 -11.339512 634.851868
528.419861 -14.510093 634.846436
Named
Laef
CustomNamed
530.203491 -14.581280 634.869080
549.574341 -16.975168 646.286377
551.834656 -16.973312 656.051392
554.096863 -16.971300 665.825317
556.616882 -16.973711 675.851990
561.648438 -16.971979 684.559143
567.547485 -16.967594 692.806091
574.231506 -16.965130 700.785461
581.919434 -16.962578 707.447998
589.900269 -16.958519 713.678162
597.802185 -16.955093 719.830139
605.704285 -16.959438 725.981934
613.794861 -16.963787 732.280640
621.917114 -16.967117 738.216125
630.776367 -16.970316 742.943909
640.887512 -16.969748 744.224915
651.177246 -16.967356 744.862610
661.349487 -16.964300 745.208801
671.405579 -16.966583 744.673096
680.878174 -16.961069 740.841553
689.130249 -16.950115 735.029602
697.109802 -16.941477 728.679016
705.113647 -16.937044 722.389282
713.319397 -16.932779 716.120422
721.990845 -16.931849 710.515076
Wait
20
730.939880 -16.938545 704.864136
735.393433 -16.962320 713.966858
Wait
20
737.366638 -16.973532 718.446777
729.996582 -15.808615 725.208313
722.372559 -11.912877 730.456970
714.520813 -7.155869 735.304199
706.439270 -1.428651 738.317261
698.459595 4.134032 741.207397
690.258606 9.462969 744.340515
681.958923 14.553058 747.427856
673.403809 19.245512 749.646362
664.269470 23.631807 751.390747
655.124634 27.620329 752.275330
645.395142 31.615440 752.143250
635.670959 34.387547 750.912170
625.997803 36.629223 747.989075
616.569275 37.865822 744.205505
607.034546 37.852432 740.782471
597.384155 37.844555 737.454407
588.355408 37.837090 734.697632
582.920044 37.842262 726.154541
577.100586 37.850807 717.655884
570.521362 37.856960 709.820679
563.397095 38.184196 702.659607
556.584167 41.767368 695.860840
550.524475 45.885201 688.689331
545.089661 50.660809 681.476440
540.414551 55.539379 674.019409
535.947876 59.632030 665.762695
532.210632 63.207325 657.003357
529.565857 67.460358 648.076294
528.591980 71.174347 638.444824
529.191528 74.450211 628.842651
531.125671 76.972847 619.168396
533.169067 80.434547 609.665161
535.305359 83.185013 600.013977
538.060120 85.283699 590.392334
541.788940 86.935715 580.821655
546.275757 88.452492 571.998535
553.354675 89.290352 564.665588
562.063171 89.903099 559.154419
571.324585 89.894615 555.185974
580.980530 89.885712 551.903564
590.882202 89.876534 549.515991
589.647827 89.886086 539.523193
589.318359 89.895714 529.330933
591.822144 89.900970 520.864075
598.864075 89.912704 513.692078
607.063171 92.742958 508.082794
614.996704 96.614838 503.264832
622.941711 101.504074 498.887390
631.414612 106.027618 495.316833
640.325989 110.204918 493.333710
649.353577 114.649475 492.520508
658.582275 118.478043 493.232697
668.004028 122.699768 494.954529
676.976868 126.902000 497.092438
685.764099 131.715012 499.735229
694.016052 135.949951 503.629303
702.397583 139.261475 508.761353
710.214478 142.078339 514.837219
718.216309 144.070358 521.223816
725.156372 144.651138 528.818604
728.596130 144.642471 538.487000
730.055725 144.632874 548.673584
730.365906 144.628906 559.000000
739.913757 144.631409 555.724976
750.029236 144.641113 554.651062
759.182373 144.643524 553.505737
765.142090 144.650955 561.740906
771.658142 145.686539 569.493652
777.718384 148.633514 577.069397
781.452637 152.861740 585.756592
784.591858 158.095093 593.841492
787.817261 163.046509 602.306580
790.733704 167.588120 610.764832
792.809326 172.313660 619.954041
793.256653 176.462036 629.133301
792.471497 180.991364 638.431641
790.859436 184.995331 647.619446
787.726440 188.328033 656.549927
784.100647 192.123856 665.091614
780.251160 194.814865 674.037476
775.774475 196.895126 682.888245
769.145447 197.862610 690.442261
762.365723 198.424927 698.133728
756.659973 198.419083 706.674011
751.976624 198.411423 715.831238
748.244507 198.405594 725.414307
744.825134 198.408249 734.902039
744.449768 198.407791 735.992432
735.241333 198.417480 731.749573
726.615967 198.414749 726.533569
717.714050 198.819321 721.511047
Wait
20
715.740723 198.819336 720.680725
Custom
PreHeal
857.703003 340.691162 821.245300
DontStopForCombat
849.281128 340.684998 828.054871
842.163879 340.677582 835.141052
833.599060 340.672424 840.609436
823.326660 340.686554 839.562256
814.662781 340.703522 834.470398
806.968872 340.707672 827.869202
799.581787 340.709198 820.612854
793.276306 340.703400 812.813660
787.746582 340.692688 804.128418
782.384033 340.675720 795.545959
778.519958 340.673462 786.309814
779.534241 340.678528 776.206909
782.759705 340.684753 766.472107
785.584290 340.690582 756.722473
StopForCombat
785.142334 341.360931 750.547852
772.657104 339.630432 738.698608
765.427734 337.394196 731.856384
758.695374 334.208466 725.013367
752.443848 329.716431 718.382568
746.238342 324.657196 712.168640
740.340942 318.790619 706.584534
734.940491 312.044617 701.306091
727.695435 310.594757 694.556030
719.958740 310.412567 687.743652
712.371887 310.428894 681.070313
704.820251 309.283539 674.427734
687.237549 309.283508 670.123779
689.240784 309.283508 660.299500
695.701111 309.283508 652.603699
700.660828 309.283539 643.813232
702.364502 309.283508 633.830444
703.358276 309.283508 623.749756
703.101624 309.283539 613.672363
700.421570 309.283508 603.806335
692.001770 309.283508 609.292419
687.789246 309.283508 618.596436
683.458008 309.283508 627.828003
678.353455 309.283539 636.906921
672.580505 309.283508 645.375916
665.640686 309.283508 653.032532
657.461853 309.283508 659.005371
647.854858 309.283508 662.119507
637.941895 309.283508 664.343201
628.401611 309.283508 668.476624
638.183533 309.283508 665.357910
646.678711 309.283508 659.160156
654.389832 309.283508 652.524414
661.832886 309.283508 645.403076
664.474854 309.283539 635.574463
Named
Torstien
CustomNamed
662.442627 309.283508 635.883240
660.976318 309.283539 634.929199
652.349243 309.283508 629.611511
643.721069 309.283508 624.322510
635.143127 309.283508 619.178223
626.191589 309.283508 614.200378
613.616638 312.403107 609.091919
614.357910 309.283508 618.822083
615.060547 309.283508 629.015747
616.065308 309.283508 639.280640
616.028931 312.656921 649.616943
623.603821 309.283508 655.337097
631.243042 309.283508 661.909790
638.366516 312.107758 668.574646
641.590820 312.753082 671.681763
650.998840 309.428284 673.852051
661.088074 309.283508 675.190125
670.954834 309.283508 677.132263
680.793030 309.283508 679.583313
687.391174 312.448212 681.269775
694.304871 309.283508 674.503357
701.545227 309.283539 667.021362
708.175354 311.888702 659.668091
711.235718 312.566010 656.125610
711.054321 309.283539 646.494751
710.655396 309.283508 636.168701
710.032715 309.283508 626.146790
709.391235 311.776886 616.269165
709.104126 312.508057 611.058594
701.908264 309.283508 604.598633
694.689575 309.283508 597.340454
687.880066 311.626556 590.287964
684.088501 312.549072 586.230103
674.532654 309.283508 587.089172
664.122803 309.283508 587.240051
653.946167 309.283539 587.145142
643.865662 311.719971 586.473022
639.042603 312.466949 586.237610
636.791565 309.283508 595.578613
635.977173 309.283508 599.381287
Wait
20
662.109741 309.283508 633.550110
Custom
CheckAndSet -Expert 873
0 0 0
Wait
20
635.595337 309.283508 610.274780
Custom
ClickActor "Zone to Bottom"
635.595337 309.283508 610.274780
590.000854 -16.958797 713.951111
581.611206 -16.963655 707.742859
573.834534 -16.966263 701.018616
567.720825 -16.967344 692.937195
562.646118 -16.969168 684.091553
558.441528 -16.968485 674.961121
554.630249 -16.969809 665.561218
551.281372 -16.974726 655.957458
548.369507 -16.978352 646.337585
Custom
WaitForLastNamedChest Hreidar
548.097046 -16.975325 637.369568
Custom
PathHarvest 67 50 1 0 0 0 "Hreidar Lynhillig's Treasure" "IT-Hreidar Lynhillig's Treasure" 1
548.097046 -16.975325 637.369568
548.901184 -16.975452 627.199158
550.338196 -16.976280 617.276550
552.104431 -16.975725 607.330872
554.956909 -16.973866 597.663086
558.895386 -16.976263 588.298096
563.431763 -16.976593 579.275818
569.684021 -16.971773 571.303101
576.912415 -16.967150 564.214539
584.145630 -16.967613 557.209473
591.463623 -16.967743 550.133057
599.425720 -16.965342 543.840210
608.024719 -16.967421 538.326233
617.222778 -16.967806 533.557922
626.448853 -16.966387 529.572510
635.972229 -16.971359 525.874268
645.869690 -16.975754 522.394104
655.672546 -16.977392 520.075378
665.927917 -16.976990 519.941040
676.042358 -16.977430 521.432495
685.679443 -16.973902 524.518311
695.026428 -16.968641 528.212952
704.404907 -16.967924 532.568726
713.276367 -16.966681 537.594055
721.429565 -16.962059 543.689880
729.426147 -16.963604 549.964966
737.109070 -16.964447 556.857849
744.351318 -16.963686 564.036865
751.237854 -16.965797 571.476685
756.912476 -16.968830 579.850647
761.683411 -16.968845 588.984741
765.324829 -16.965780 598.330811
768.505676 -16.968134 607.826172
771.204529 -16.971138 617.525513
772.903076 -16.970686 627.590515
773.256287 -16.969147 637.945557
772.241150 -16.972218 648.164978
769.962341 -16.970459 658.067627
766.266357 -16.964891 667.591370
762.434692 -16.965014 677.159546
756.939453 -16.962265 685.921753
750.048157 -16.954483 693.174011
742.214783 -16.949879 699.459656
733.639038 -16.943985 705.137573
724.829346 -16.936012 709.894958
716.109192 -16.933132 714.816467
707.524353 -16.935282 720.313843
699.284058 -16.939198 726.444275
691.221802 -16.945412 732.748901
683.147400 -16.956982 738.793457
674.552307 -16.966576 744.161133
665.202942 -16.971373 747.716492
655.370972 -16.977095 749.691589
645.017944 -16.979322 748.962708
635.363098 -16.974678 745.466309
626.294495 -16.967688 740.843079
617.444519 -16.967623 736.039734
608.316772 -16.967083 730.867981
599.853821 -16.964828 725.381836
591.737305 -16.964815 719.394592
584.156189 -16.967442 712.723633
577.361267 -16.967207 705.293396
570.959045 -16.965353 697.452271
565.010010 -16.969584 689.350830
559.497314 -16.972633 680.714478
554.873779 -16.972872 671.606018
550.981750 -16.978182 662.364807
548.157959 -16.981438 652.400269
548.100403 -16.975298 637.329163
548.100403 -16.975298 637.329163
ReturnLOCS
534.005615 -15.318713 635.398743
524.158081 -12.829303 635.079468
514.245789 -10.162578 635.056152
504.103546 -7.873151 635.035095
494.162903 -5.664449 635.098755
483.984100 -3.932066 635.252747
473.878784 -3.374654 635.398315
463.663086 -3.401053 635.522766
453.649506 -2.670753 635.644775
443.594330 -2.115848 636.286865
433.397003 -1.891263 636.411072
423.162964 -1.957700 636.535583
413.149414 -2.549825 636.657715
403.135803 -1.613737 636.779846
393.103882 0.618033 636.902039
383.090240 2.879663 637.023987
373.003174 4.519748 637.146729
362.713959 5.016565 637.272278
352.590118 5.224431 637.395813
342.373688 4.875196 637.381348
332.250214 4.246529 637.468323
322.165344 2.831300 637.716980
312.151398 0.217895 637.791809
302.449341 -2.670944 637.820679
292.808594 0.596885 637.886963
283.523773 4.866563 637.947388
273.362274 4.866563 637.977112
263.237183 4.866563 638.431152
253.098465 4.866563 639.686646
244.622238 10.413838 640.900208
234.656311 11.483786 641.864990
224.418289 11.093723 642.418152
214.334610 11.329275 642.699097
204.100006 10.433696 642.748474
194.048843 10.332182 642.734131
183.850739 10.332182 642.718933
173.615860 10.332181 642.703796
163.527939 10.332182 642.688843
153.384903 10.332182 642.673706
143.021301 10.332182 642.658447
132.657715 10.332182 642.643188
122.606560 10.332181 642.628296
112.518692 10.332182 642.613342
102.430817 10.332182 642.598328
92.416451 10.332181 642.583496
82.126457 10.332181 642.568237
71.841721 10.332181 642.394592
61.821655 10.332182 640.673828
52.676823 10.332181 636.304810
45.870602 10.332181 628.605103
41.302006 10.332181 619.335449
37.281380 10.332181 610.023376
33.297169 10.332182 600.795654
29.312960 10.332182 591.567993
25.343311 10.332181 582.373901
21.351812 10.332182 573.129272
17.825687 10.332181 563.662231
14.461058 10.332182 553.937683
11.238173 10.332181 544.282104
8.303391 11.968574 534.438904
5.907786 11.855215 524.303345
4.264715 10.332181 514.537415
2.899836 10.332182 504.394135
1.809466 10.332182 494.217560
0.711930 10.332181 483.930786
-0.340564 10.332181 473.805847
-1.243533 10.332182 463.592468
-2.125466 10.332181 453.617065
-3.017108 10.332181 443.531769
-3.907133 10.332182 433.464874
-4.819812 10.332181 423.141693
-5.734111 10.332181 412.800232
-6.606667 10.332181 402.824036
-7.246579 10.332181 392.683228
-7.546882 10.332181 382.508087
-7.554204 11.329275 372.246704
-7.446210 11.755052 362.251587
-7.366096 11.777432 352.072327
-7.249157 11.329274 341.838470
-6.883489 6.138358 332.897491
-6.380112 4.866563 322.822144
-5.892651 4.866563 312.506897
-4.964800 4.866563 302.242767
-3.923837 1.502755 292.430481
-3.315249 -2.458622 282.987244
-2.713648 -0.283557 273.046387
-2.307039 2.482770 263.243103
-2.006223 4.108738 253.306900
-1.695398 4.819287 243.040039
-1.449205 5.171719 232.771408
-1.232865 5.038736 222.759369
-1.479935 4.716308 212.705231
-1.262404 3.287250 202.638077
-1.050827 1.137878 192.846497
-0.839251 -1.240825 183.054916
-0.717029 -3.777613 173.059738
-0.648846 -6.608380 163.358017
-0.609976 -9.455139 153.582642
-0.571107 -12.637970 143.807236
-0.533918 -16.326235 134.454422
-0.495121 -18.949669 124.697418
-0.455083 -19.763748 114.628014
-0.413875 -19.762951 104.264595
-0.373033 -19.762379 93.993057
-0.333433 -17.669044 84.033890
-0.294344 -15.684291 74.203346
-0.254671 -14.927496 64.225807
-0.217701 -11.099710 54.928112
-0.218131 -7.777791 45.354782
-0.181871 -4.909919 35.744720
-0.144571 -2.614110 25.859037
-0.056613 -1.853963 15.808373
-0.177305 -0.246503 5.685111
Wait
20
-0.257904 -0.318920 1.202335
