Piercing the Darkness: Message in a Shadowed Bottle Part I
Custom
ExamineItem "Symbol of the Shissar Empire" 1 1 1
559.531067 81.048676 587.435486
Custom
EquipItem "Ceremonial Amulet of the Tegi" 14 1
559.531067 81.048676 587.435486
556.829285 83.974579 578.003906
554.545288 84.331612 570.145081
544.319458 84.331810 571.263245
534.053589 84.331680 570.475952
532.427490 86.966492 560.896606
525.530518 86.967339 553.301147
517.330566 86.107910 547.154175
512.003540 84.331734 538.772644
511.526154 84.331886 528.470032
510.955597 84.331520 518.449524
510.561676 84.331947 508.182953
510.611694 84.331985 498.106567
510.629578 84.332024 488.049988
510.574066 84.331863 478.013306
511.105133 84.331665 467.917511
517.888855 83.982719 460.356262
526.556702 83.757866 455.268616
Custom
ClickActor ByLoc|562.045715|69.430710|457.431213
529.249756 83.756012 452.854095
Custom
WaitForZoning
0 0 0
119.053734 -32.010712 41.256954
Custom
EquipItem STORED
119.019485 -32.010712 35.610149
108.925911 -32.010715 35.971085
98.755157 -32.010712 36.334827
88.735664 -32.010715 36.272205
78.652748 -32.003540 35.767948
68.590019 -32.003540 34.662823
58.648079 -32.003540 32.937119
49.085094 -32.003540 29.723421
39.698601 -32.003540 26.065792
30.296032 -31.610455 22.401892
20.846840 -31.697865 18.789387
11.019182 -30.757401 16.608740
1.149486 -30.682674 14.968986
-8.685775 -30.682699 13.143575
-17.603773 -30.605906 8.556767
-25.597378 -31.665401 2.640923
Custom
ClickActor "pool of green blood"
-28.591700 -31.689932 0.908893
-20.900841 -30.914612 7.303673
-13.384233 -30.621485 14.059111
-5.652819 -30.931784 20.551119
2.172809 -31.682497 26.755241
Custom
ClickActor ByLoc|10.390000|-28.830000|34.700001
7.944215 -31.730968 31.330793
Custom
MoveToActor "Shissar Hammer"
-0.982654 -30.613619 0.079286
Custom
ClickActor "Shissar Hammer"
0 0 0
-0.982654 -30.613619 0.079286
-44.471016 -32.003544 -17.072111
-49.592758 -32.003544 -25.766996
-54.710114 -32.003540 -34.454453
-59.818714 -32.003540 -43.127029
-64.853432 -32.003544 -51.861095
-68.408607 -32.003540 -61.350677
-71.572708 -32.003540 -70.933617
Custom
PlaceHouseItem 44
-75.618950 -32.003540 -73.963921
-36.377647 -31.607603 -12.844346
-0.982654 -30.613619 0.079286
Custom
MoveToActor "Shissar Symbol"
-0.982654 -30.613619 0.079286
Custom
ClickActor "Shissar Symbol"
0 0 0
-0.982654 -30.613619 0.079286
-35.227074 -31.607761 15.327835
-78.417107 -32.003540 18.908033
Custom
PlaceHouseItem 133
-75.002113 -32.003544 72.934097
-78.417107 -32.003540 18.908033
-35.227074 -31.607761 15.327835
-0.982654 -30.613619 0.079286
Custom
MoveToActor "Shissar Sword"
-0.982654 -30.613619 0.079286
Custom
ClickActor "Shissar Sword"
0 0 0
-0.982654 -30.613619 0.079286
19.816769 -31.603987 31.379452
Custom
PlaceHouseItem 227
69.662819 -32.003540 71.041878
19.816769 -31.603987 31.379452
-0.982654 -30.613619 0.079286
Custom
MoveToActor "Shissar Staff"
-0.982654 -30.613619 0.079286
Custom
ClickActor "Shissar Staff"
0 0 0
-0.982654 -30.613619 0.079286
13.297808 -31.596245 -33.466129
26.945854 -32.003544 -60.363621
Custom
PlaceHouseItem 321
70.136284 -32.003540 -72.787552
61.582726 -32.003540 -67.345001
53.087719 -32.003540 -61.883396
48.129082 -32.003540 -53.177597
42.601631 -32.003540 -44.827106
35.656242 -31.574602 -37.507164
28.629538 -31.574602 -30.180496
22.207361 -31.730679 -22.329664
17.357025 -31.105211 -13.588573
8.321014 -30.610868 -9.032562
-1.491915 -31.435059 -6.912289
-9.362006 -32.006962 -0.577751
-5.243434 -33.678951 8.484996
3.006141 -36.178738 8.943374
7.618686 -38.509544 2.912901
5.202656 -41.633862 -6.306231
-4.309656 -44.639843 -7.266992
-8.951550 -47.175003 -0.945776
-5.192806 -50.227043 7.808425
4.208807 -53.626102 6.243318
6.472044 -56.901276 -3.008912
-0.330520 -59.978306 -7.378346
-7.059563 -61.258804 -6.549792
-14.200682 -61.246159 -13.726773
-21.329996 -61.246159 -20.916969
-28.379171 -61.168751 -28.052853
-31.385111 -61.140598 -37.640862
Custom
ClickActor ByLoc|-25.590000|-58.389999|-44.439999
-26.851894 -61.140594 -42.903751
-20.743193 -61.144108 -50.835430
-19.733753 -61.156963 -60.837765
-21.195772 -61.169720 -70.817444
-22.095665 -61.184708 -80.868561
-23.389088 -65.828331 -89.738510
-26.612803 -70.352486 -98.122307
-33.716694 -70.352478 -105.232521
-42.189125 -74.766411 -108.497375
-51.247280 -78.902466 -109.446663
-61.291100 -78.969727 -109.399986
-66.323547 -78.969727 -100.682068
Custom
ClickActor "Boa's Facet"
-67.078682 -78.969727 -98.297844
-73.219444 -78.969727 -106.255127
-82.601723 -79.956390 -109.798836
-91.349510 -84.755630 -107.995445
-99.745644 -88.135132 -103.547119
-106.029861 -89.377190 -95.759430
-108.680412 -93.914665 -87.163727
-109.173622 -96.756187 -77.570618
-103.305939 -96.752441 -69.398529
Custom
ClickActor "Python's Facet"
-98.518570 -96.752441 -65.649956
-105.002335 -96.752449 -57.955853
-110.578728 -97.784241 -49.554981
-107.648720 -102.394432 -41.146885
-103.077019 -105.917786 -32.945709
-95.159782 -107.238625 -26.750593
-86.546982 -111.764786 -23.863991
-76.889450 -114.538528 -23.990156
-68.671097 -114.535103 -29.848528
Custom
ClickActor "Viper's Facet"
-64.822433 -114.535095 -34.399029
-58.349972 -114.535095 -26.709452
-50.396164 -114.807220 -21.365513
-41.647495 -119.639015 -22.584797
-33.738697 -123.700439 -27.200743
-27.856276 -123.937805 -35.339840
-24.158680 -128.503967 -43.471420
-22.046326 -132.317322 -52.487164
-27.490473 -132.317688 -60.901161
Custom
ClickActor "Cobra's Facet"
-33.555653 -132.317688 -66.584885
-26.898039 -132.317688 -74.089264
-21.952429 -133.180145 -82.861290
-23.443920 -137.947830 -91.540871
-28.629601 -141.483093 -99.456245
-36.729885 -142.883255 -105.178818
-45.306129 -147.372742 -107.826515
-54.716919 -150.097672 -109.991722
-64.614227 -150.100403 -112.088799
-65.598526 -150.109558 -122.542076
-65.900818 -150.109558 -132.667603
-66.219086 -150.109573 -142.772888
-66.897293 -150.143799 -152.845840
-70.901299 -150.146347 -162.193207
-73.095985 -150.145142 -171.984238
-68.945267 -150.143982 -181.171448
Custom
ClickActor ByLoc|-66.480003|-150.139999|-187.470001
-67.878754 -150.143478 -183.785095
-71.914658 -150.144836 -174.536423
-74.154686 -150.146027 -164.762085
-68.792969 -150.146759 -156.164139
-66.717979 -150.109558 -146.356995
-66.469467 -150.109558 -136.294891
-66.221222 -150.109558 -126.189644
-65.995529 -150.100403 -116.032051
-74.332550 -150.100403 -110.288940
-84.017166 -150.096237 -107.424446
-93.253548 -150.096161 -103.269081
-101.404617 -150.095779 -97.334488
-106.571960 -150.094894 -88.636818
-109.582382 -150.093124 -79.014236
-112.843346 -150.100403 -69.486343
-122.387955 -150.109558 -66.319679
-132.486206 -150.109558 -66.202621
-142.613754 -150.109573 -66.255173
-152.714294 -150.144165 -65.733086
-161.942154 -150.146301 -61.611969
-169.546066 -150.145370 -57.614246
-178.183823 -150.144318 -62.877491
Custom
ClickActor ByLoc|-184.910004|-150.139999|-66.480003
-181.161835 -150.143875 -64.923569
-172.662888 -150.144989 -59.498898
-162.753784 -150.146210 -58.120289
-154.005295 -150.145325 -63.150391
-144.569931 -150.109558 -66.531883
-134.465820 -150.109604 -67.048477
-124.375465 -150.109558 -66.938904
-114.408669 -150.100403 -65.526909
-108.020020 -150.100403 -57.748840
-106.189659 -150.096436 -47.825928
-103.548668 -150.095047 -38.159004
-97.149086 -150.095078 -30.377840
-87.841866 -150.095764 -26.696985
-77.985748 -150.101852 -24.587107
-68.669960 -150.100403 -20.784933
-65.826576 -150.109558 -11.117690
-65.720169 -150.109558 -1.027065
-65.609634 -150.109558 9.141144
-64.649162 -150.143311 19.132257
-59.882912 -150.146439 28.058424
-58.456970 -150.145218 38.032501
-62.424034 -150.144104 47.224396
Custom
ClickActor ByLoc|-66.099998|-150.139999|53.299999
-65.248489 -150.143463 50.611004
-59.770596 -150.144714 42.119793
-57.968037 -150.145920 32.221016
-62.589520 -150.147018 23.267530
-65.505539 -150.109573 13.665628
-65.686478 -150.109558 3.570902
-65.731224 -150.109558 -6.546122
-65.322563 -150.100403 -16.605995
-57.794239 -150.100403 -23.331993
-48.068405 -150.096558 -26.053185
-38.492012 -150.095612 -29.185488
-30.277487 -150.095123 -35.081188
-25.325205 -150.094574 -43.809177
-23.508696 -150.102600 -53.712666
-20.473265 -150.100403 -63.291470
-11.109974 -150.109558 -66.899284
-1.013700 -150.109573 -67.160500
9.089657 -150.109558 -67.464996
19.219191 -150.143295 -67.752983
28.381886 -150.146408 -71.942352
37.663956 -150.145279 -75.988686
47.128704 -150.144119 -72.624603
Custom
ClickActor ByLoc|55.099998|-150.139999|-66.480003
51.629101 -150.143295 -68.042625
42.744217 -150.144653 -72.821602
32.702740 -150.145889 -72.509613
23.276590 -150.146988 -68.927620
13.283463 -150.109558 -67.591774
3.263861 -150.109558 -67.361572
-6.782163 -150.109558 -67.161964
-16.890150 -150.100403 -67.060745
-26.998211 -150.100403 -66.959389
-37.114326 -149.593155 -66.857971
-47.075031 -150.650040 -66.758148
-56.760590 -148.009048 -66.661003
Custom
ClickActor ByLoc|-65.169998|-143.300003|-67.470001
-59.473251 -146.090958 -67.261383
Wait
50
0 0 0
