Piercing the Darkness: Three Little Tegi Part I
Custom
ExamineItem "Tegi Ritual Totem" 1 1 1
567.523560 74.744064 748.119202
559.143127 74.453484 742.326965
550.864441 73.940544 736.409424
544.660828 74.634491 728.510559
544.009338 75.515160 718.427490
545.089172 75.649139 708.189148
544.619812 74.217484 698.061279
542.137268 73.598427 688.158936
538.448730 74.408203 678.655762
534.260925 74.699203 669.340576
530.378479 74.453896 659.841309
528.814392 73.913750 649.798462
527.664551 74.630257 639.607849
526.146912 74.794403 629.512878
522.411194 73.372047 619.998413
516.653564 73.262428 611.599976
510.006042 75.831841 604.196228
503.151184 77.300964 596.551147
498.847931 77.044617 587.337585
497.800354 76.987701 577.115967
495.719391 77.360764 567.146240
491.796326 79.014702 557.896484
485.142120 79.429893 550.037048
477.962738 77.606773 543.168152
475.654785 77.304474 533.419556
477.702179 77.319862 523.340942
477.960938 78.234077 513.077209
477.677490 78.973198 502.647003
477.172791 77.388161 492.554413
474.901398 77.304474 482.569641
472.453094 77.311653 472.854248
469.991028 77.496422 463.083740
467.222321 77.618690 453.273254
463.969604 77.304474 443.716583
460.601196 77.342865 434.283142
457.032959 77.730156 424.881622
453.179535 77.648293 415.399902
448.843414 77.310806 406.330566
443.285095 78.088066 397.743500
437.451141 79.919662 389.700256
434.739166 83.494499 380.625702
435.565613 83.286819 370.540344
436.205536 83.628349 360.452362
440.731476 81.359352 351.504700
447.531097 80.005775 344.046509
455.151031 79.065346 337.183960
462.769226 78.888474 330.288544
470.328705 80.174263 323.505920
478.026703 80.760300 316.949341
486.123291 80.377556 310.969452
494.233276 81.142632 304.994720
501.807434 83.613029 298.664642
509.029419 84.600334 291.747803
516.360657 85.221512 284.812683
523.419678 86.671432 277.679413
530.625732 84.915260 270.782593
538.194519 84.448135 263.832916
545.996704 83.501854 257.219299
555.141663 79.855804 254.553955
563.963318 76.240021 251.281296
565.086243 75.659546 250.632416
571.093689 68.248550 247.160950
577.402405 61.336311 243.515411
585.033325 59.986893 237.094101
589.631775 56.226261 228.710297
593.349243 51.859024 220.492767
597.362915 49.047668 211.619888
601.466675 46.410446 202.547592
605.324646 42.291710 194.018555
609.289185 39.314476 185.254120
612.919250 35.121536 176.921631
613.583374 33.027569 167.034897
613.212585 31.357735 157.108185
613.070862 28.779631 147.353546
612.929810 26.272392 137.657227
612.872620 24.565527 127.621124
612.329346 24.428333 117.530556
609.462646 22.869028 107.900322
605.177734 18.923332 99.503799
598.547180 15.915287 92.246704
590.561768 12.916658 86.670876
580.991882 12.623796 83.524292
571.362732 10.680173 80.695358
561.410095 10.075424 78.598312
551.351990 8.726531 79.768471
541.821594 5.664067 82.185326
534.986450 -1.950137 80.420059
525.492737 -4.398247 77.631897
516.734802 -3.435619 82.553833
508.040253 -4.039812 87.516006
499.286713 -2.423963 92.326744
491.076447 -1.539358 98.325378
482.121521 0.766808 102.174507
472.836273 3.557864 104.834900
464.391296 5.787056 110.228165
456.655884 6.405545 116.897430
448.236969 4.994810 122.352898
439.292480 4.234125 127.274925
430.733643 1.731831 131.832794
425.655487 -4.269562 138.458572
422.431885 -8.215015 147.345749
413.057739 -6.846208 143.382477
404.734283 -3.208319 138.534683
398.431335 0.627555 131.460938
391.461273 -1.818695 124.299248
386.395630 -8.402884 118.430206
381.695557 -12.552273 110.421814
376.282837 -10.908305 102.057137
366.414948 -8.760988 101.726761
356.440155 -10.104379 102.407875
347.327850 -11.961837 98.192352
338.739197 -14.331321 93.456245
329.593262 -15.993176 89.376823
320.450012 -17.671291 85.356987
310.840942 -16.885384 81.913033
300.738525 -17.246923 80.363823
290.608826 -17.682796 78.984413
280.396149 -17.593422 78.373611
270.355499 -17.520519 78.780235
260.158478 -17.481760 79.243294
250.271362 -17.485344 80.779633
240.386032 -17.457615 83.260574
230.614777 -17.457880 86.078857
221.108307 -17.464996 89.479813
211.571915 -17.445192 92.891479
202.065460 -17.460266 96.292435
192.588943 -17.052984 99.682678
183.416229 -16.834686 103.751274
174.842041 -16.824129 108.927910
166.594727 -16.833870 114.714363
158.770355 -17.194889 121.070145
150.956818 -17.671883 127.388939
143.114502 -17.570286 133.697403
135.272186 -17.502258 140.005859
127.110435 -17.497524 145.998444
118.846703 -17.469713 151.799332
110.569931 -17.454502 157.609360
102.477600 -17.469824 163.639130
94.811371 -17.449457 170.354996
87.146828 -17.453587 177.121078
79.565712 -17.462336 183.813507
71.906433 -17.443794 190.438812
63.842930 -17.460011 196.775146
55.501320 -17.456367 202.450195
46.595043 -17.442429 207.171463
37.685558 -16.879732 211.953781
28.892820 -16.702312 216.916473
20.100130 -16.651899 221.879196
11.407763 -16.650103 226.948807
2.816033 -16.766155 232.151276
-5.708892 -17.610352 237.590775
-14.211714 -17.544243 243.059296
-22.650042 -17.487404 248.486374
-31.168652 -17.485237 253.965210
-39.647106 -17.468582 259.417969
-48.138943 -17.449917 264.879211
-56.724396 -17.144634 270.312073
-65.227882 -17.731033 275.666473
-73.704437 -17.608103 281.003876
-82.040741 -17.521072 286.617432
-88.803207 -17.505920 294.090088
-93.164200 -17.479460 303.121246
-96.503494 -17.455799 312.632996
-98.926094 -17.471176 322.452606
-99.113136 -17.453285 332.541565
-97.267067 -17.448792 342.465271
-94.463905 -17.464684 352.210999
-86.120445 -17.496113 357.967865
-77.946068 -15.538500 363.740417
-69.507690 -15.525088 368.647491
-59.833290 -15.532074 372.075684
-50.045963 -15.478825 375.147064
-40.664577 -14.392851 379.119171
-32.096302 -13.120664 384.180023
-24.223143 -11.846748 390.601624
-17.807854 -11.318118 398.330170
-18.120077 -10.379434 408.476990
-18.526457 -9.610188 418.527802
-19.453749 -10.763029 428.698425
-22.360397 -11.495532 438.294220
-26.304295 -11.457129 447.673065
-30.240458 -11.746414 456.948975
-33.945122 -11.895720 466.401550
-36.497032 -11.282355 476.205780
-37.388973 -10.440696 486.152191
-36.835026 -9.294525 496.263611
-34.866974 -7.933988 506.019104
-32.599693 -5.259490 515.571899
-30.771437 -3.580900 525.379333
-29.009256 -2.045015 535.361267
-27.321127 -0.271723 545.194214
-35.332863 0.008909 551.503723
-27.516233 1.649212 558.857727
-20.622202 5.351152 565.132935
-13.104433 8.493149 571.318604
-5.213845 11.477906 576.921631
2.494572 15.457422 582.302979
Custom
HailActor "a grol baku retainer" 8
10.860065 15.780693 587.757629
0.888109 15.449432 586.616821
-8.536758 12.719699 584.319458
-17.282578 8.338899 582.187378
-26.010456 3.342010 580.059692
-35.472160 0.911640 577.753174
-45.474495 0.173859 575.314819
-54.631481 -0.609065 571.123291
-63.332176 -0.361857 568.021301
-63.443691 3.656513 577.636292
-63.803543 11.643896 584.263672
-63.715485 14.323488 593.913391
-63.408180 20.343325 602.243774
-63.539688 26.924217 610.221985
-64.095970 30.749290 619.677429
-64.006264 37.593151 626.995483
-63.620674 43.819061 632.260071
-62.778416 49.757896 640.713989
-61.859257 52.930286 643.195740
-48.139626 50.663906 645.341797
-38.176430 55.552513 648.146851
-31.402189 56.259644 644.495728
Custom
HailActor "a tro jeg carver" 8
-27.048838 55.741634 634.951965
-23.653040 55.814270 644.406250
-20.360582 58.721058 653.572754
-17.342405 64.532722 661.609070
-13.788917 70.222000 669.463196
-9.608291 75.513893 677.052063
-4.162595 80.013084 684.229370
1.393810 80.398254 689.543030
7.782093 80.511108 681.537048
13.100964 80.758904 672.861877
17.732344 80.500366 663.914612
23.951166 78.637581 660.604065
30.401094 70.793205 659.459412
40.265705 69.029076 659.085083
50.056702 69.133522 661.471497
59.847282 69.222244 663.858032
69.610161 69.251358 666.237610
79.419403 69.296890 668.628479
89.182304 69.330086 671.008057
98.958183 69.316376 673.259277
108.791008 69.326141 675.253296
118.602600 69.320473 677.271606
128.200027 72.053413 679.245728
Custom
HailActor "a vas ren etcher" 8
136.277573 72.101257 680.290955
Custom
HailActor "a vas ren High Shaman" 9
145.037369 72.100327 678.390137
136.412994 72.101257 683.515747
127.062050 71.969078 679.301514
119.673950 69.629990 672.889038
113.133003 69.171669 665.301880
105.588699 69.244415 658.418640
97.807014 69.317818 652.012512
90.024521 69.338013 645.605591
82.653206 72.444199 639.537720
74.635040 72.452690 633.155029
65.441368 72.067398 629.202515
56.000423 74.659355 626.468384
47.419750 76.022209 623.766174
40.106159 81.248924 628.626892
32.454433 85.870079 633.162048
25.504189 86.032593 640.706787
19.881599 83.983070 648.942505
15.355220 80.565338 657.290527
10.563719 80.355515 666.514709
5.456172 79.927094 675.261047
-1.348272 79.831917 682.955566
-7.808896 75.420738 676.358765
-12.878545 70.252777 669.419067
-16.674086 64.538673 661.641724
-18.122869 58.436367 653.593140
-19.450062 55.761421 643.804565
-17.366182 55.741634 633.943787
Custom
HailActor "a tro jeg High Shaman" 9
-15.740240 55.741634 629.920349
-23.887697 55.741638 635.757019
-31.472092 55.741634 642.748657
-39.615826 55.297382 648.854004
-48.821495 51.717316 646.838196
-56.515976 49.599960 640.384460
Wait
20
-59.624527 50.321198 637.837219
-63.180412 41.305328 629.805054
-63.335979 27.967813 613.292419
-63.691444 22.414600 604.605286
-64.005150 15.693972 596.939026
-64.409630 13.649963 587.054382
-64.716042 6.599056 579.566589
-65.012779 -0.564973 572.315247
-56.794716 -0.707025 566.514648
-47.323902 -0.142863 569.826904
-37.934830 0.666802 573.188416
-28.268797 1.659005 575.890808
-19.284250 5.862581 578.374084
-10.617889 10.294838 580.814026
-1.368564 14.353221 582.523193
8.760316 15.727909 583.845398
Custom
HailActor "a grol baku High Shaman" 9
17.752192 15.741032 585.151306
Custom
CheckPreReqs -ITEMQTY "Portable Work Bench" 1
17.752192 15.741032 585.151306
Custom
UseItem "Portable Work Bench"
17.752192 15.741032 585.151306
Custom
CraftIt "Ceremonial Amulet of the Tegi" 1
17.752192 15.741032 585.151306
Custom
HailActor "a grol baku High Shaman" 2
17.752192 15.741032 585.151306
7.865469 15.736788 583.277161
-1.843403 14.032827 581.246399
-10.732523 9.800640 579.387024
-19.836939 5.388421 577.482422
-28.960876 1.459321 575.573914
-38.765697 0.647358 573.522949
-48.687241 -0.256657 571.447571
-58.703587 -0.953896 569.551086
-68.653358 0.163734 568.627380
-65.316582 3.212776 577.050598
-64.115997 11.016835 583.518860
-63.819458 14.308866 593.213196
-63.873154 19.861513 601.848145
-63.802345 26.511621 609.512329
-63.650204 30.256508 618.871887
-63.523685 37.105030 626.527344
-63.107986 44.824799 632.990356
-61.663551 50.693924 641.227783
-61.401802 52.180424 642.525879
-51.575779 52.159821 644.754089
-48.268181 50.825272 645.596619
-39.666737 55.264923 648.715210
-37.582127 56.077927 649.471008
-30.107988 55.749638 642.608337
-22.654573 55.741634 635.764832
Custom
HailActor "a tro jeg High Shaman" 2
-15.452851 55.741653 629.152344
-14.755847 55.741638 639.193298
-13.198024 56.220619 649.310547
-11.662284 61.259968 657.917419
-9.701159 67.368187 665.640503
-7.185509 73.476326 673.283325
-3.649555 78.994263 681.275879
1.498983 80.397186 690.074585
7.138884 80.468056 681.620483
11.696442 80.570068 672.628235
17.225058 80.515549 664.295532
22.005999 79.549324 659.788208
30.062851 74.122650 657.367859
38.810783 69.413361 654.811523
48.364342 69.112602 658.058777
57.812386 69.172546 661.471985
67.534309 69.250206 664.074097
77.311089 69.294273 666.657349
87.328934 69.304916 669.058655
97.365395 69.337006 670.919067
107.262436 69.322556 672.659485
117.157150 69.313385 674.412781
126.945282 71.622726 675.831543
136.922745 72.101257 676.437012
Custom
HailActor "a vas ren High Shaman" 2
144.730438 72.101257 675.178467
