The Call of Fear
Custom
HailActor Xuurk 8
52.008934 -10.497500 222.625626
63.917004 -10.247500 221.513870
73.989777 -10.497499 220.908829
84.016144 -10.497500 220.547745
94.107025 -10.497500 220.215256
104.217773 -10.497499 220.036102
ClickActor
exit_to_fens
110.534439 -10.497499 219.664032
Wait
50
110.534439 -10.497499 219.664032
Custom
DoorOption 0
110.534439 -10.497499 219.664032
Custom
WaitForZoning
110.534439 -10.497499 219.664032
-133.834808 61.223167 -1027.842041
-164.822266 94.958275 -1006.962036
-195.360825 129.865753 -988.248108
-231.469269 154.651016 -963.455566
-273.326019 154.550537 -935.511230
-318.028137 153.206482 -912.477539
-362.480713 151.816040 -889.492188
-407.199677 150.417221 -866.369202
-451.752350 149.023560 -843.332275
-496.388153 147.627319 -820.252197
-540.957031 146.233292 -797.206787
-585.425964 144.842285 -774.212769
-629.994446 143.448181 -751.166992
-674.529968 142.055191 -728.138428
-720.045471 140.658051 -706.815002
-765.771790 139.266586 -686.391724
-811.429688 137.877167 -665.998779
-857.207397 136.484161 -645.552429
-902.968750 135.091675 -625.113647
-948.713135 133.699829 -604.682495
-994.457214 132.307922 -584.251526
-1040.218506 130.915573 -563.812500
-1086.041748 128.663467 -543.647583
-1132.706787 116.806427 -529.944153
-1179.906860 105.858688 -516.416321
-1226.949341 94.947685 -502.933502
-1274.008179 84.032623 -489.445648
-1321.279175 73.068588 -475.897217
-1368.566406 62.100494 -462.343689
-1415.591064 51.193626 -448.865875
-1462.702271 40.266335 -435.362915
-1509.620728 29.383951 -421.915314
-1556.591919 18.489300 -408.452759
-1603.164551 6.740033 -394.561768
Custom
FlyDown
-1622.207031 -4.118554 -367.727051
Custom
Zone -1626 -356
-1622.845581 -12.886870 -366.564514
974.113647 58.811516 -108.439026
938.230591 92.956932 -99.976204
890.096252 103.183525 -89.483498
841.109192 105.001175 -78.967331
792.777405 104.995247 -65.160263
744.442505 104.989326 -51.352200
696.438171 99.331894 -38.429020
653.066223 83.840782 -18.644381
610.048523 63.364647 -2.596510
562.175354 49.608871 5.252904
515.253845 44.377430 23.262362
469.765411 44.377430 44.569397
425.710999 56.575005 65.204674
387.401672 56.575005 97.823265
358.957672 56.575005 139.337402
330.484711 53.011734 180.353394
300.923309 41.033516 219.000580
271.160492 30.467567 258.140900
241.490112 21.771549 297.786011
211.858322 12.301614 336.943878
161.627213 10.193899 339.116241
112.783234 4.461243 328.853973
63.332077 2.819522 320.780853
13.886533 2.810833 312.708191
-34.242386 2.808022 327.166382
-74.359337 2.808022 357.783478
-96.812248 2.808022 402.487000
-110.384613 0.800682 450.641724
-113.407814 -4.947365 500.555328
-114.671280 -10.653824 550.294189
-116.725433 -14.718246 600.252991
-97.637344 -5.631065 646.025696
-76.708420 -13.653945 690.841125
-51.223656 -14.569182 734.189026
-18.892365 -23.550474 771.675415
13.382267 -32.567139 809.094604
23.819803 -43.075226 856.885132
-4.810549 -46.658764 898.231934
-46.718220 -52.050827 925.010803
-89.395729 -56.620892 951.333557
-128.027496 -67.463814 981.252808
-156.438446 -70.530479 1022.526184
-193.669128 -74.238167 1055.808350
-239.067551 -94.949036 1051.321411
Custom
FlyDown
-266.437317 -108.402679 1046.180786
-266.426483 -120.078041 1046.153442
-270.582886 -116.927986 1056.667969
-271.624268 -117.831581 1066.726807
Custom
HailActor Hedoral 7
-261.917511 -117.831581 1068.287231
-271.238678 -117.831581 1069.054321
-270.993225 -116.917740 1063.246704
-270.511993 -116.929077 1056.664795
-270.947998 -119.771660 1047.034058
-279.844147 -120.136101 1042.250854
-289.872772 -119.939278 1042.923584
-299.997437 -120.023666 1043.080566
-310.150482 -119.987114 1043.230225
-320.191284 -119.682724 1043.378296
-329.552917 -119.722939 1039.796997
-334.916473 -120.143135 1031.281372
-341.696960 -118.560646 1023.971313
-346.783813 -116.525223 1015.546448
Custom
HailActor Rodalia 9
-348.029358 -116.525223 1011.181702
-357.327423 -117.015350 1014.978271
-367.313660 -118.522232 1013.896118
-375.661072 -121.040756 1008.626038
-375.230560 -122.376640 998.502319
-374.339142 -122.507988 988.212524
-373.657043 -122.153625 978.223083
-373.853302 -122.360237 967.973328
-374.200775 -124.063377 958.091858
-381.209442 -125.536072 950.848083
-391.589447 -125.518738 949.313843
-401.430511 -123.625793 948.101013
-407.277893 -118.092232 947.655396
-414.008301 -118.089508 948.577026
-423.382965 -121.914948 949.071167
-433.493103 -121.906128 949.721008
Custom
HailActor Anguric 7
-434.963348 -121.904488 949.802856
-437.472473 -121.900574 939.829895
-446.599213 -121.904022 935.407166
-456.737152 -121.903320 936.030945
-466.330048 -121.899231 939.690247
-475.632324 -121.899231 943.995911
-484.744934 -120.929886 948.355286
-492.101532 -113.509506 949.720642
-499.379578 -106.255730 949.696411
-501.046143 -104.957718 949.892761
-511.229523 -105.324043 949.966064
-521.602295 -105.314758 950.040771
-529.183777 -103.104980 950.095398
-539.327820 -103.997009 950.352295
-549.360779 -103.997009 950.607422
-559.542786 -103.873779 950.657654
-569.865112 -103.877106 950.651794
-579.967590 -103.878738 950.286072
ClickActor
zone_to_sebilis
-582.970459 -103.875870 950.070618
Custom
WaitForZoning
-582.942871 -103.875893 949.521545
0.030802 -2.497500 -23.270884
0.194194 -2.497500 -15.434634
-9.885550 -2.497500 -14.856625
-16.664101 -2.497500 -14.467918
-15.539099 0.002500 -4.663172
-6.260671 0.002499 -0.606993
-0.250185 0.002500 1.105455
-0.340963 0.752500 11.191872
-0.138579 0.815000 21.222767
-0.107075 0.815000 22.697643
0.182893 -2.247498 32.338921
0.457107 -2.247498 41.456413
10.543809 -2.247500 41.303860
20.645611 -2.247500 41.322273
24.141293 -2.247500 50.897556
24.272915 -2.247500 60.945446
23.410816 -2.247500 69.041840
33.655758 -2.247500 69.106750
43.753422 -2.497500 69.766205
48.574074 -2.497500 70.260841
50.193279 -2.497500 80.197655
51.042114 -2.497500 85.406860
61.132900 -2.497500 85.065392
71.225868 -2.417020 84.802063
80.633385 -2.435002 84.472450
90.191284 -5.497500 84.638054
99.445763 -5.497500 85.412270
99.945282 -5.497500 95.563965
99.983093 -5.594223 101.869011
99.747238 -8.247499 111.508186
99.653061 -9.619879 121.421684
99.529480 -11.497500 131.321136
107.258972 -11.497500 137.840042
117.093254 -13.423455 138.667572
119.370499 -11.497500 148.233337
118.731415 -11.497500 158.482300
Custom
PathHarvest 14 25 1 1 1 1 "a Sathirian supply crate" "AT-I have collected enough of the supplies I should need. (5/5)" 1
118.612511 -11.497499 160.691956
121.324509 -11.497499 170.519241
118.243713 -11.497500 180.131531
109.243614 -11.497500 175.450470
99.113350 -11.256086 174.406418
89.115379 -11.497500 174.177490
82.983223 -11.497500 182.193420
76.139244 -11.497500 189.731888
80.570107 -11.497500 180.707184
79.665657 -11.497499 170.631775
70.200592 -9.647363 167.919678
60.584747 -8.122499 165.625107
50.630516 -8.122499 163.229675
53.873692 -8.122499 153.737213
61.545227 -8.122499 147.126953
118.065582 -11.497500 160.555710
120.045921 -11.247500 150.717255
121.034615 -13.459549 140.868668
129.843597 -13.343553 135.899551
139.590317 -11.497499 133.949341
149.594437 -11.497499 132.121796
156.266006 -11.497499 124.486656
166.210129 -9.555571 123.485069
176.270706 -8.497499 123.748795
Custom
PathHarvest 55 25 1 1 1 1 "a Sathirian " "AT-I have collected enough of the supplies" 1
176.968658 -8.497499 123.750107
185.832169 -8.497499 125.134209
184.787079 -8.497499 135.367279
176.086838 -8.497499 140.796280
171.394424 -8.497499 140.972992
161.167633 -8.374027 142.296371
179.059143 -8.497499 147.633041
184.310440 -8.497500 156.349991
184.584869 -8.497499 157.828415
184.718750 -8.497499 147.690552
193.728470 -8.497499 143.002228
188.226196 -8.497499 138.877869
183.780075 -8.497499 129.720184
175.355774 -8.497499 124.305084
165.408386 -10.003098 124.369408
155.468643 -11.497500 124.715866
148.418976 -11.497500 131.838043
145.636093 -11.497499 141.616867
143.907623 -11.497500 151.560181
143.601715 -11.497500 161.683701
143.544174 -11.497499 171.716415
143.853836 -11.497500 181.808319
144.264191 -11.020136 191.816940
143.784882 -8.497499 201.631912
143.398315 -8.247499 211.665466
136.960983 -8.497499 219.404343
126.810577 -8.889170 219.681458
116.839027 -10.497500 219.873459
106.776466 -10.497500 220.151062
102.829803 -10.497500 229.375763
103.264862 -10.497499 239.477020
103.282974 -10.497499 239.722214
110.151375 -10.497500 242.561386
103.421692 -10.497500 234.999634
102.583473 -10.247500 233.514694
101.126007 -10.497499 223.522232
100.514717 -10.497499 219.331375
90.517632 -10.497499 219.752686
89.558838 -10.497500 219.793091
90.056580 -10.497499 229.859421
90.356323 -10.497500 238.832535
89.417168 -10.497499 228.810684
83.948822 -10.497500 220.413818
73.792633 -10.497500 220.813065
72.433540 -10.497499 230.775253
71.135315 -10.497499 240.859863
70.737343 -10.497499 243.951324
62.992619 -10.497500 248.222626
69.549133 -10.497499 240.375977
71.900200 -10.247500 236.910645
71.456642 -10.497499 226.701385
69.778023 -10.497499 221.902634
59.768311 -10.497500 221.069931
58.187572 -10.497500 220.938431
48.387383 -10.497500 223.337708
47.908215 -10.497499 223.479324
171.966492 -8.247499 123.984535
162.446442 -11.438387 125.017105
153.067612 -11.497500 128.546524
144.431381 -11.497500 133.772064
134.828476 -11.876723 136.948502
124.945740 -13.390358 137.272339
114.888802 -13.339986 136.685959
104.969841 -11.497500 135.587387
98.533180 -11.497499 127.846519
98.919357 -8.490587 118.198334
99.209267 -8.434999 108.177452
99.458481 -5.497500 98.544197
99.508682 -5.497500 88.465630
90.397041 -5.497500 84.092636
80.798225 -2.435002 84.606369
70.745781 -2.247502 84.779236
60.633884 -2.497500 85.480179
50.435753 -2.497500 85.774521
49.107090 -2.497500 75.722893
48.972157 -2.497500 68.522667
38.934990 -2.497500 69.629700
28.766993 -2.247500 70.899048
19.651714 -1.997499 75.161598
10.482666 -1.997500 79.369591
1.113080 -2.747500 82.861176
-8.905705 -3.372500 84.219620
-11.897782 -3.372500 84.031067
-11.778928 -3.372500 73.877090
-21.638340 -3.372500 71.975098
-23.669397 -2.247500 62.238052
-23.818554 -2.247500 52.039677
-23.965509 -2.247500 41.991856
-23.988474 -2.247500 40.421638
-34.010891 -2.247502 40.654896
-43.754555 -5.185004 40.673477
-53.752121 -5.247500 39.343567
-55.135021 -5.247500 29.436666
-55.153374 -5.247504 19.420391
-55.115837 -5.247504 9.355705
-55.113297 -5.247504 -0.653518
-55.118404 -5.247504 -10.694103
ClickActor
zone_to_kunzar
-55.154236 -4.995003 -14.470616
Custom
WaitForZoning
-55.154236 -4.995003 -14.470616
-567.491760 -103.890343 949.672852
-557.254883 -103.873779 949.737488
-546.992310 -103.997009 949.802368
-536.796204 -103.670776 949.823608
-526.817749 -105.076317 950.042419
-516.660217 -105.277702 951.313782
-504.078461 -104.957718 952.960632
-495.055664 -110.545334 954.023743
-487.729919 -117.936821 953.828735
-478.530609 -121.899231 955.378601
-468.973694 -121.899231 959.234314
-459.853607 -121.901154 963.978455
-449.750916 -72.896461 969.964539
-449.750916 -22.515230 969.964539
-401.157349 -18.055807 980.986572
-351.364288 -18.083969 975.693726
-301.302307 -18.086285 970.372314
-251.389389 -18.088583 965.066528
-201.047897 -18.090916 959.715454
-151.191162 -18.093224 954.415588
-101.148018 -18.095541 949.095886
-51.461369 -20.375866 941.380371
-6.851268 -26.882496 918.615112
37.590919 -32.819111 895.515625
53.142780 -31.466125 847.929810
37.506618 -28.003643 800.221191
21.771446 -24.519222 752.210144
5.290328 -20.757654 705.048828
-12.949507 -15.084746 658.369751
-31.152678 -10.431750 611.784729
-47.015438 -9.294333 564.337585
-57.901470 -10.173453 515.267090
-68.808899 -10.182166 466.099579
-79.740738 -10.190901 416.822266
-83.881622 -10.197366 366.986328
-47.780979 -10.197366 331.479462
-4.169793 -10.197366 306.554810
39.359993 -10.197366 281.676727
83.264244 -10.197366 256.584686
129.857666 -10.197366 238.369370
178.634064 -10.197366 224.744965
213.278046 11.613784 173.753281
244.798843 11.613784 134.258530
266.996246 47.198944 106.445595
300.109222 51.587425 69.098480
333.906982 60.669334 33.231712
367.760925 69.870560 -2.694617
405.338470 84.917099 -32.136391
448.475830 83.142906 -57.391235
494.239777 82.017609 -78.001144
544.219177 82.521912 -79.555565
594.324707 83.243080 -82.101364
644.747559 83.969002 -84.673576
694.767395 83.821297 -90.545380
744.285217 81.250351 -98.994560
793.619263 74.764435 -107.424545
843.358276 69.368752 -113.136604
893.442566 65.994766 -114.353455
943.173889 61.152893 -111.809311
Custom
FlyDown
949.818054 60.700008 -111.355675
959.676514 58.314419 -110.669403
969.954590 58.308704 -110.256630
Custom
Zone 989 -107
982.740356 59.643581 -108.932220
-1518.440918 -8.780641 -406.446381
-1477.998169 19.980778 -414.981659
-1439.064697 51.343262 -421.133453
-1389.912476 61.607529 -426.130371
-1345.147583 72.114075 -446.788086
-1300.415527 72.120682 -469.940674
-1255.722290 72.127167 -493.073303
-1210.290894 72.757050 -514.424011
-1160.109131 74.791458 -519.806396
-1109.808594 76.713173 -524.639221
-1059.870605 77.089851 -529.437317
-1009.701477 77.095192 -534.257629
-959.514221 77.096405 -539.079590
-909.494873 77.096405 -543.885376
-859.307617 77.096405 -548.707214
-809.475098 77.096405 -553.495117
-759.661072 77.096405 -558.281433
-709.492798 77.096405 -563.101563
-659.510620 77.096405 -567.903748
-609.584595 77.096405 -572.700745
-559.341003 77.096405 -577.528137
-511.145813 90.845192 -582.158875
-462.248993 100.629776 -586.856812
-414.620941 105.283249 -602.472473
-381.442871 107.274734 -640.279114
-348.513000 107.266998 -678.085999
-320.336426 107.265450 -719.918945
-293.612000 107.265450 -762.329834
-264.833313 107.265450 -803.590881
-235.818634 107.265450 -845.190308
-207.093369 107.265450 -886.374756
-179.050873 104.713051 -928.047974
-155.069275 87.290726 -968.444031
-130.818375 67.492966 -1007.449280
-108.064087 35.813557 -1039.375977
Custom
FlyDown
-107.803688 35.459698 -1039.756592
-99.478775 31.663322 -1044.461060
-91.485023 31.642696 -1048.622070
-83.989906 26.008593 -1052.413330
ClickActor
Cabilis
-79.981438 23.063869 -1054.427246
Custom
WaitForZoning
-79.981438 23.063869 -1054.427246
104.146057 -10.497500 220.043930
93.955788 -10.497500 220.549988
83.963364 -10.497499 221.122559
73.874596 -10.497500 221.513611
63.855789 -10.247500 222.016861
53.687805 -10.497499 222.816574
Custom
HailActor Xuurk 7
52.336773 -10.497500 222.936981
62.374100 -10.258107 221.848862
72.394447 -10.497499 220.904831
82.377380 -10.497500 220.204437
92.432526 -10.497500 220.024750
102.662727 -10.497500 219.900818
ClickActor
exit_to_fens
111.186646 -10.497500 219.810837
Wait
50
111.186646 -10.497500 219.810837
Custom
DoorOption 0
111.186646 -10.497500 219.810837
Custom
WaitForZoning
111.186646 -10.497500 219.810837
-98.809998 31.661461 -1046.890015
-131.516983 60.321640 -1021.455322
-159.664093 91.825836 -994.409729
-185.765182 117.588821 -960.217163
-210.299850 147.189880 -928.062988
-240.758545 150.513565 -888.145752
-270.666290 141.506378 -848.950623
-300.540375 132.509216 -809.799744
-330.448212 123.501930 -770.604797
-360.434265 114.470924 -731.307373
-390.431488 105.436607 -691.994873
-420.283386 96.446083 -652.873230
-450.255157 104.814217 -613.593933
-479.620514 117.899200 -575.109375
-509.528259 108.891769 -535.914429
-539.581177 99.840538 -496.528412
-569.667786 90.779213 -457.098785
-599.946167 94.158623 -417.407013
-626.115295 90.602234 -374.793884
-651.773499 87.081451 -331.666687
-677.638550 83.655663 -288.972107
-706.773254 81.008286 -247.936417
-736.753418 78.504051 -207.581757
-767.784058 76.238045 -168.315720
-798.771362 71.992897 -129.248932
Custom
FlyDown
-806.034973 71.370811 -126.308250
-805.902649 61.520817 -124.581123
-806.269287 64.012276 -114.842117
-806.452393 64.031929 -104.573952
-806.266602 66.711319 -94.632011
Custom
HailActor Talnisk 8
-801.692261 67.184509 -87.445557
-805.684509 65.735542 -96.861122
-807.655396 64.031929 -106.534142
-807.813110 63.909157 -116.751701
-807.166809 61.481407 -126.489395
-792.630005 102.187546 -152.308365
-758.553833 135.406067 -168.470642
-709.056946 141.243011 -173.327286
-659.075500 141.243011 -177.273422
-609.168701 141.243011 -181.213654
-559.019043 141.243011 -185.173050
-509.093445 141.243011 -189.114838
-458.999817 141.243011 -193.069824
-409.361786 141.243011 -186.671524
-359.862122 141.243011 -177.917038
-310.325531 141.243011 -169.156021
-262.656708 125.436188 -166.688705
-216.322815 105.996498 -164.238480
-170.500671 86.365486 -159.492294
-124.798882 66.140747 -162.404037
-79.292671 45.039455 -166.909317
-33.837288 23.961742 -171.409515
11.431779 2.970471 -175.891159
56.768581 -18.052227 -180.379440
100.515411 -43.014618 -180.573502
142.222183 -70.489059 -178.058517
Custom
FlyDown
179.716553 -94.448143 -175.872131
181.931381 -118.825867 -165.303314
ClickActor
mariners_bell
181.931381 -118.825867 -165.303314
Wait
50
181.931381 -118.825867 -165.303314
Custom
TravelMap "Jarsath Wastes"
181.931381 -118.825867 -165.303314
-303.626251 -45.195404 1405.138306
-303.626251 4.942763 1405.138306
-277.076691 35.922546 1375.802490
-246.073578 55.328777 1341.546265
-212.273743 56.442596 1304.201782
-178.574432 57.553120 1266.968384
-144.975891 58.660370 1229.846924
-111.226303 59.772579 1192.558960
-81.025253 60.885284 1152.718018
-53.321491 61.999641 1111.012939
-25.903893 69.324867 1069.738525
0.387732 85.614273 1030.158569
28.091505 86.728592 988.452271
55.888630 87.846718 946.605774
83.665024 88.963982 904.790161
111.441437 90.081299 862.974365
139.124420 91.194855 821.299438
166.838516 92.309616 779.577759
194.635635 93.427773 737.731018
222.463821 94.547173 695.837524
250.209076 95.663231 654.068848
277.892334 96.776794 612.394104
305.658417 97.893715 570.594116
333.455841 99.011864 528.747620
360.601013 100.127083 486.648285
385.883057 101.241051 443.452850
411.392151 102.365036 399.869232
435.519226 92.972595 356.799011
457.748352 76.657166 314.969818
478.933838 60.245201 272.620636
499.993835 43.735947 230.310669
521.160522 27.231817 187.874893
589.040100 -11.448839 134.763168
626.978394 -18.688745 166.658203
Custom
FlyDown
660.404724 -35.188114 176.446640
652.700989 -130.744019 180.933472
643.986084 -129.857635 186.035370
634.963440 -128.966080 190.874130
625.108765 -128.316711 193.749969
615.210876 -127.329414 195.887238
ClickActor
Charasis:
609.014404 -125.941711 197.225250
Custom
WaitForZoning
609.014404 -125.941711 197.225250
0.157912 -1.314595 -17.931879
0.125380 0.021992 -27.888655
0.157392 0.002500 -38.085758
-0.105031 1.502492 -47.973236
-3.873884 1.502500 -57.372997
-13.134296 1.502498 -61.503609
-23.023224 3.342516 -62.076244
-31.709141 4.752500 -62.468761
-37.222916 -3.836112 -62.548504
-38.732819 -5.122500 -72.427551
-38.433720 -5.122500 -82.520950
-43.008114 -5.122500 -91.529373
-53.009636 -5.043710 -90.857094
-61.701664 -5.122500 -95.901779
-63.395378 -5.122502 -105.820511
-61.474377 -5.122501 -115.702751
-57.581448 -5.122500 -124.933739
-47.629745 -5.122500 -126.512711
-37.728596 -6.622509 -126.092644
-27.190031 -6.622500 -125.955872
-17.104313 -6.622500 -125.888641
-9.312985 -7.622500 -119.599693
-9.688029 -7.622500 -109.562637
-7.446339 -7.622500 -99.795441
2.590998 -7.622500 -99.305397
12.591057 -7.622500 -99.203888
22.662180 -7.622500 -99.229141
32.699417 -7.622500 -99.505020
42.750381 -7.622500 -99.840530
52.808949 -7.622500 -100.193245
62.920879 -7.622500 -100.899696
67.003609 -7.622500 -110.031059
67.074158 -7.622500 -120.158043
70.512474 -6.620811 -129.577179
75.774826 -6.497500 -134.728455
85.879532 -6.622500 -134.857986
95.943413 -6.622500 -134.987091
106.010094 -6.622500 -134.926331
113.358932 -6.622503 -127.976181
114.137039 -6.622500 -117.899040
114.174522 -6.497500 -107.778809
114.212105 -6.622507 -97.634819
114.249313 -6.622503 -87.578110
114.286339 -6.622500 -77.576874
119.955902 -6.622500 -69.198471
130.014771 -6.622500 -68.824280
140.084717 -6.622485 -69.126091
Custom
Target Keeper
143.669601 -6.622485 -69.140106
Wait
50
143.669601 -6.622485 -69.140106
133.630554 -6.497500 -69.181122
123.581970 -6.622500 -69.233582
114.280502 -6.622500 -73.006889
113.030060 -6.622500 -82.961891
113.188942 -6.622503 -93.029549
113.200844 -6.622500 -103.205315
113.212677 -6.497500 -113.301758
113.224525 -6.622507 -123.429962
113.236389 -6.622500 -133.542282
103.069572 -6.622500 -134.529358
93.031319 -6.622500 -134.458511
82.929161 -6.622500 -134.670166
72.922241 -6.622502 -134.528915
65.360420 -7.622500 -128.057571
62.440674 -7.622500 -118.377487
57.137127 -7.622500 -109.713585
47.619686 -7.622500 -106.309441
38.082588 -7.510294 -102.939148
28.134436 -7.622500 -101.066841
18.092844 -7.622500 -100.734581
8.021217 -7.622500 -100.880486
-2.050411 -7.622500 -101.026382
-10.843504 -7.622500 -105.798515
-11.312476 -7.622500 -115.909088
-11.779198 -7.622500 -125.978889
-12.088510 -7.622500 -136.038681
-4.375229 -7.622500 -142.518814
0.777781 -7.622500 -151.257935
-0.176955 -7.622500 -161.365387
-7.134110 -7.622500 -168.741135
-16.802307 -6.622501 -172.446304
-26.524820 -8.832269 -173.264801
-36.556938 -9.622485 -173.324310
Custom
Target Keeper
-38.515800 -9.622485 -173.301346
Wait
50
-38.515800 -9.622485 -173.301346
-28.389097 -9.622491 -173.430496
-18.746653 -6.622502 -173.240417
-11.114125 -7.622500 -173.066406
-7.776231 -7.622500 -182.573563
-2.159722 -7.622500 -190.853561
6.668448 -7.622500 -195.841644
16.508728 -7.622500 -198.189026
26.581833 -7.205361 -197.929077
36.590206 -7.622500 -197.509521
46.672249 -7.622500 -196.908218
55.393314 -7.622500 -191.625336
61.693623 -7.622500 -183.683136
67.390335 -7.622500 -175.324219
77.048607 -6.622500 -172.708115
86.907310 -6.622500 -174.414307
94.138458 -6.622500 -181.506180
96.553009 -6.622500 -191.292236
96.415756 -6.622506 -201.425354
96.875267 -5.122500 -211.356918
97.629997 -5.122500 -221.409317
98.191818 -5.122500 -231.441528
97.937294 -5.122500 -241.566666
87.907616 -5.122500 -241.961548
Custom
ClickNoNameActor
81.157829 -5.122500 -239.286728
Wait
30
81.157829 -5.122500 -239.286728
DontStopForCombat
Wait
20
80.502914 -5.122500 -245.419510
71.559761 -5.122500 -247.315536
71.072342 -4.997500 -257.410492
Wait
10
75.254852 -5.122500 -271.528198
Custom
ExecuteCommand "RI_CMD_PauseCombatBots 1"
75.254852 -5.122500 -271.528198
Wait
10
75.254852 -5.122500 -271.528198
Custom
ClickActor Scroll 1
75.254852 -5.122500 -271.528198
Wait
10
75.254852 -5.122500 -271.528198
Custom
ExecuteCommand "RI_CMD_PauseCombatBots 0"
75.254852 -5.122500 -271.528198
76.290894 -5.122500 -281.490204
Wait
10
76.102364 -5.122500 -285.801636
Custom
ExecuteCommand "RI_CMD_PauseCombatBots 1"
76.102364 -5.122500 -285.801636
Wait
10
76.102364 -5.122500 -285.801636
Custom
ClickActor Scroll 1
76.102364 -5.122500 -285.801636
Wait
10
75.254852 -5.122500 -271.528198
Custom
ExecuteCommand "RI_CMD_PauseCombatBots 0"
76.102364 -5.122500 -285.80163
69.010025 -5.122500 -286.406158
59.024986 -5.122500 -287.243225
49.016010 -5.122500 -287.188660
38.858788 -5.122500 -286.643951
Wait
10
35.845081 -5.122500 -286.235992
Custom
ExecuteCommand "RI_CMD_PauseCombatBots 1"
35.845081 -5.122500 -286.235992
Wait
10
35.845081 -5.122500 -286.235992
Custom
ClickActor Scroll 1
35.845081 -5.122500 -286.235992
Wait
10
35.845081 -5.122500 -286.235992
Custom
ExecuteCommand "RI_CMD_PauseCombatBots 0"
35.845081 -5.122500 -286.235992
35.272602 -5.122500 -279.850372
Wait
10
35.444332 -5.122500 -271.140289
Custom
ExecuteCommand "RI_CMD_PauseCombatBots 1"
35.444332 -5.122500 -271.140289
Wait
10
35.444332 -5.122500 -271.140289
Custom
ClickActor Scroll 1
35.444332 -5.122500 -271.140289
Wait
10
35.444332 -5.122500 -271.140289
Custom
ExecuteCommand "RI_CMD_PauseCombatBots 0"
35.444332 -5.122500 -271.140289
StopForCombat
40.386475 -5.122500 -270.875977
ClickActor
Dreams
49.292858 -4.998568 -274.909637
57.488819 -5.122501 -269.108276
65.665924 -5.122502 -263.282227
71.944641 -5.122500 -255.483139
Custom
ClickNoNameActor
75.393852 -5.122500 -253.440842
Wait
30
75.393852 -5.122500 -253.440842
Wait
10
75.835686 -5.122500 -245.614594
85.852013 -5.122500 -246.458893
95.392075 -5.122500 -243.157150
99.206261 -5.122500 -233.820313
98.490532 -5.122500 -223.810455
97.594299 -5.122511 -213.729965
96.694839 -6.622500 -203.867401
95.808472 -6.622500 -193.897400
93.245789 -6.622500 -184.078918
86.249954 -6.622500 -176.868057
76.653442 -6.622500 -173.952637
66.711662 -7.622500 -174.699158
61.272835 -7.622500 -183.178116
55.822586 -7.622500 -191.692596
46.817299 -7.622500 -196.281204
36.832844 -6.849031 -196.658203
26.852411 -7.622500 -196.965820
16.818052 -7.622500 -197.744736
6.808036 -7.622500 -197.677612
-2.344508 -7.548841 -193.384476
-8.073126 -7.622500 -185.160950
-11.067295 -7.622500 -171.989899
-20.992798 -6.497500 -173.318497
-30.494102 -9.622493 -173.377182
-40.493862 -9.622485 -173.246674
Custom
PlaceHouseItem
-44.396465 -9.059806 -173.265900
-34.391098 -9.622484 -172.929474
-24.337648 -7.872500 -173.259857
-14.236030 -7.168590 -173.917480
-8.454072 -7.622500 -182.145782
-3.811429 -7.525505 -191.078354
4.559942 -7.622500 -196.555862
14.472896 -7.622500 -198.018402
24.586025 -7.622500 -197.774094
34.598644 -7.622500 -197.497162
44.621239 -7.622500 -197.273651
54.675571 -7.622500 -197.049408
64.694847 -7.622500 -196.085999
66.554482 -7.622500 -186.104599
67.676575 -7.622500 -176.088501
76.270454 -6.622500 -170.998993
86.408035 -6.622500 -171.651840
94.534187 -6.622500 -177.681885
96.893219 -6.622500 -187.445953
97.012917 -6.622500 -197.559555
97.094276 -5.214299 -207.639816
97.173691 -5.122500 -217.696350
97.253983 -5.122500 -227.863831
96.426849 -5.122500 -237.944977
86.905472 -5.122500 -241.073929
Custom
ClickNoNameActor
81.083725 -5.122500 -239.351288
Wait
30
81.083725 -5.122500 -239.351288
Wait
10
80.770134 -5.122500 -245.354553
71.531288 -5.122500 -249.406387
70.217949 -5.122500 -259.502716
67.077034 -5.122500 -269.062134
ClickActor
Crystal
62.534206 -4.999183 -275.045105
67.290276 -5.122500 -266.077576
70.608536 -5.112441 -256.592468
73.947731 -5.122500 -247.047287
84.102791 -5.122500 -246.522186
92.951057 -5.122500 -241.666382
95.324699 -5.122500 -231.766815
95.441864 -5.122500 -221.624100
95.366089 -5.122500 -211.565689
95.735794 -6.622502 -201.674332
96.109932 -6.622500 -191.664124
95.471107 -6.622500 -181.651108
87.965759 -6.622500 -174.872559
77.950890 -6.622500 -174.013504
67.985191 -7.622500 -174.498245
61.871887 -7.622500 -182.628540
56.977005 -7.622500 -191.495255
49.757149 -7.622500 -198.555176
39.725567 -7.622500 -199.452469
29.670197 -7.330826 -198.459839
19.560320 -7.534026 -197.452515
9.520274 -7.622500 -195.961380
0.940854 -7.622500 -190.608856
-2.529470 -7.622500 -181.089966
-1.548289 -7.622500 -171.049713
-0.942555 -7.622500 -160.908401
-0.966104 -7.622500 -150.793869
-0.723970 -7.622500 -140.779602
-0.505250 -7.622500 -130.677551
-0.785744 -7.622500 -120.559380
-1.237061 -7.622500 -110.433273
3.403599 -7.622500 -101.506294
13.586436 -7.622500 -100.364853
23.682684 -7.622500 -100.370438
33.715694 -7.622500 -100.388847
43.859760 -7.622500 -100.407501
53.916576 -7.622500 -100.425987
63.991447 -7.622500 -100.991798
65.287628 -7.622500 -110.947136
65.087486 -7.622500 -121.048485
66.812050 -7.622500 -130.914246
75.920280 -6.497500 -134.978134
86.023743 -6.622500 -135.347000
96.094009 -6.622500 -135.566559
106.116692 -6.622500 -135.785141
115.417122 -6.622500 -131.895142
114.890633 -6.622500 -121.868896
114.202126 -6.497500 -111.857948
114.144234 -6.622500 -101.780602
114.336548 -6.622503 -91.709724
114.527657 -6.622501 -81.702293
114.787811 -6.622500 -71.564285
124.094246 -6.622500 -67.662491
134.202621 -6.622496 -68.600273
144.276398 -6.622485 -68.970535
Custom
PlaceHouseItem
150.901367 -6.059003 -69.014107
140.810486 -6.622485 -69.309868
130.757401 -6.622500 -69.581055
120.743073 -6.622500 -69.820816
113.787704 -6.622500 -77.052200
114.051773 -6.622502 -87.078568
113.965416 -6.622506 -97.182518
113.866264 -6.622500 -107.286438
113.767052 -6.622500 -117.398254
113.493881 -6.622503 -127.437424
107.176407 -6.622500 -135.248383
97.077171 -6.622500 -136.140762
86.980827 -6.622500 -136.085693
76.940765 -6.522081 -135.726059
67.405083 -7.622500 -132.840286
63.383442 -6.937500 -123.694870
63.496098 -7.622500 -113.654640
63.878834 -7.622500 -103.639877
54.317905 -7.622500 -100.679108
44.214260 -7.622500 -100.565857
34.062603 -7.622500 -100.484337
23.982321 -7.622500 -100.403374
13.965472 -7.622500 -100.322891
3.908969 -7.622500 -100.242088
-6.187188 -7.622500 -100.160973
-10.164306 -7.622500 -109.385033
-9.277167 -7.622500 -119.393227
-6.368376 -7.622500 -129.051193
-1.051188 -7.622500 -137.582245
-0.433357 -7.622500 -147.601242
-0.391103 -7.622500 -157.726959
-0.229030 -7.622500 -167.790436
-1.004324 -7.622500 -177.845490
-1.132467 -7.622500 -187.941223
4.297635 -7.622500 -196.408981
14.437135 -7.622500 -196.177460
24.442863 -7.622500 -195.912338
28.448845 -7.622500 -186.628098
Custom
ClickNoNameActor
27.559172 -6.497505 -181.252655
Wait
30
27.559172 -6.497505 -181.252655
27.163952 -6.533907 -171.124817
ClickActor
jewelry
23.397017 -4.149186 -165.612976
Wait
20
23.397017 -4.149186 -165.612976
27.389030 -6.533907 -173.910645
Custom
ClickNoNameActor
27.372047 -6.498270 -179.497498
Wait
20
27.372047 -6.498270 -179.497498
27.286873 -7.622500 -187.670471
37.068043 -7.622500 -189.814484
46.965260 -7.622500 -191.409851
56.987328 -7.622500 -190.406921
64.892189 -7.622500 -184.013565
67.243179 -7.622500 -174.192291
77.038795 -6.622500 -171.984360
86.840385 -6.622500 -174.012009
94.954643 -6.622500 -179.936325
97.771942 -6.622500 -189.589874
96.187042 -6.622500 -199.528442
95.320229 -5.122500 -209.440750
95.041283 -5.122500 -219.525452
94.763870 -5.122500 -229.554688
94.280006 -5.122500 -239.612564
84.500458 -5.122500 -241.979324
Custom
ClickNoNameActor
80.910225 -5.122500 -239.429520
Wait
30
80.910225 -5.122500 -239.429520
Wait
10
80.143761 -5.122500 -245.804291
70.183678 -5.122500 -246.803513
70.461189 -5.122500 -251.807663
69.847221 -5.122500 -261.969269
60.344467 -5.122507 -265.200104
50.224144 -5.122507 -264.804810
40.647900 -5.122500 -261.909882
Custom
ClickNoNameActor
40.402111 -5.122500 -258.673340
Wait
20
40.402111 -5.122500 -258.673340
43.072350 -4.830110 -248.861572
Wait
50
44.206745 -4.643539 -241.671753
Custom
DoorOption 0
44.206745 -4.643539 -241.671753
Custom
WaitForZoning
44.206745 -4.643539 -241.671753
620.323975 -128.316711 193.428894
630.166260 -128.731476 191.063171
640.161194 -129.416000 188.617691
649.879028 -130.382339 185.310699
649.879028 -80.322800 185.310699
649.879028 -30.147827 185.310699
649.879028 20.064669 185.310699
630.297485 57.083755 212.640869
600.463135 61.771172 252.989899
570.532898 61.767506 293.470581
540.658325 61.763855 333.875977
510.884186 61.760181 374.146332
480.876007 61.756485 414.733276
450.956940 61.752800 455.199493
421.137939 61.749126 495.530182
391.118195 61.745415 536.130310
361.199219 61.741737 576.593567
331.380341 61.738045 616.921143
303.621094 78.825455 655.039734
274.260376 78.825455 695.812622
244.676758 78.825455 736.407959
214.949310 78.825455 777.200378
185.453827 78.825455 817.674194
155.825882 78.825455 858.329834
126.319420 78.825455 898.818665
96.746628 78.825455 939.398315
67.107574 78.825455 980.069458
37.512688 78.825455 1020.679504
8.039287 78.825455 1061.123779
-23.975000 78.526535 1099.893433
-60.598904 66.548744 1132.140991
-97.435486 54.016399 1164.352051
-133.924149 42.784912 1196.689331
-170.416504 32.473206 1229.458740
-206.922516 22.157679 1262.239868
-242.745041 8.207661 1295.187378
-277.103027 -8.672097 1327.710205
Custom
FlyDown
-302.791443 -21.292534 1352.026245
-301.435730 -48.297527 1362.131348
-299.905853 -48.634537 1372.056885
-299.185791 -47.926582 1382.322510
-306.571564 -45.871304 1406.506958
ClickActor
mariners_bell
-311.829559 -46.141048 1405.015259
Wait
50
-311.829559 -46.141048 1405.015259
Custom
TravelMap "Fens of Nathsar"
-311.829559 -46.141048 1405.015259
182.175873 -118.825867 -166.209167
182.175873 -68.243065 -166.209167
155.226059 -28.670238 -182.061554
120.797295 7.617600 -189.539780
74.221703 26.255802 -193.051727
29.041073 48.054565 -196.011765
-21.498962 48.896599 -197.648682
-72.134895 48.896618 -199.289642
-122.620872 48.896629 -200.925751
-172.825806 48.896629 -202.552704
-223.386917 48.896629 -204.191284
-273.423187 48.896629 -205.812759
-323.721619 48.896629 -207.442627
-374.036255 48.896629 -208.584213
-420.687866 66.901329 -201.797836
-469.578888 69.181747 -191.038605
-518.672913 69.181747 -178.768463
-567.237671 69.181747 -166.536270
-615.715515 74.829750 -154.325974
-664.407227 74.829750 -142.061691
-714.351746 76.443634 -135.365112
-764.270325 70.555267 -130.779312
Custom
FlyDown
-806.982056 65.228767 -127.327095
-806.969910 63.705566 -117.309036
-807.099854 64.031929 -107.118874
-807.231506 65.768784 -96.797348
-807.303467 67.152931 -91.145737
Custom
HailActor Proctor 6
-801.300476 67.184509 -87.743729
-806.223083 65.881027 -96.532372
-809.201721 64.031929 -106.475960
-808.729370 63.924988 -116.684502
-808.099121 61.485584 -126.748627
-807.777710 111.687416 -130.662430
-778.277344 143.791565 -155.158829
-738.945862 142.819489 -186.217087
-699.591309 144.987106 -217.294083
-660.480225 140.421402 -248.178650
-621.222839 135.838501 -279.178986
-581.877136 131.245483 -310.248932
-542.751465 126.678062 -341.145233
-503.523285 122.098709 -372.122528
-464.397461 117.531334 -403.018738
-434.543823 112.870659 -443.531769
-414.439606 108.305023 -489.131134
-394.353149 103.739380 -534.738403
-374.344910 112.065277 -580.168152
-352.178345 110.630798 -625.405090
-329.575653 106.049744 -670.007874
-306.998260 101.473854 -714.560425
-284.429260 96.899658 -759.096436
-258.681671 92.320389 -801.907776
-232.075165 87.756432 -844.024170
-205.348999 83.171936 -886.329651
-178.742493 78.607964 -928.445740
-152.066208 74.032043 -970.671997
-126.510971 61.499805 -1011.970154
Custom
FlyDown
-110.509636 41.800838 -1034.709106
-110.509636 31.667660 -1034.709106
-102.261665 31.667286 -1040.390259
-93.667770 31.659245 -1046.225342
-85.551689 27.533686 -1050.788452
ClickActor
Cabilis
-79.424026 23.063860 -1054.161377
Custom
WaitForZoning
-79.424026 23.063860 -1054.161377
105.124809 -10.497500 219.725800
94.983421 -10.497499 219.833359
84.976044 -10.497500 220.277145
74.956558 -10.497499 220.925980
64.869774 -10.247500 221.744507
54.825260 -10.497500 222.838837
Custom
HailActor Xuurk 1
51.414974 -10.497499 223.018967
