-262.644287 -161.087616 767.231567
Custom
CheckZoneVersion door
-262.960205 -161.082993 754.213257
-263.370056 -161.035324 715.787903
Custom
Target sentry 0 20
-263.061523 -161.829285 669.827209
Wait
20
-263.061523 -161.829285 669.827209
Custom
Target Sentry 0 20
-263.061523 -161.829285 669.827209
Wait
20
-263.061523 -161.829285 669.827209
Custom
Vaultcustomcylinder 1
-263.061523 -161.829285 669.827209
Named
Nev
CustomNamed
-263.061523 -161.829285 669.827209
Custom
Vaultcustomfloorpanel 1
-262.944946 -161.829285 660.642883
-262.903839 -161.140808 643.191162
Custom
Target sentry 0 20
-262.819946 -161.957092 601.637878
Wait
20
-262.819946 -161.957092 601.637878
Custom
Target sentry 0 20
-262.819946 -161.957092 601.637878
Wait
20
-262.819946 -161.957092 601.637878
Custom
Vaultcustomcylinder 2
-262.819946 -161.957092 601.637878
Named
Azrinax
CustomNamed
-233.252899 -161.957092 602.649963
-262.792938 -161.957092 607.843933
Custom
Vaultcustomfloorpanel 2
-263.009491 -161.957092 582.989929
-263.096405 -161.201111 567.633057
Wait
20
-263.133636 -161.957092 528.497498
-240.492859 -161.335510 527.855835
Wait
50
-233.297882 -161.957108 534.528687
Custom
Target spinner 0 15
-233.297882 -161.957108 534.528687
Wait
20
-233.297882 -161.957108 534.528687
Custom
Target spinner 0 15
-233.297882 -161.957108 534.528687
Wait
20
-234.741592 -161.957108 532.235840
Custom
Target spinner 0 15
-232.226547 -161.957092 513.847839
Wait
20
-232.226547 -161.957092 513.847839
Custom
Target spinner 0 15
-191.007401 -161.807236 527.997986
Wait
20
-191.007401 -161.807236 527.997986
Custom
Target spinner 0 15
-208.026306 -161.957092 547.941833
Wait
20
-208.026306 -161.957092 547.941833
Custom
Target spinner 0 15
-198.285217 -161.957092 510.532776
Wait
20
-198.285217 -161.957092 510.532776
-211.065353 -161.701477 526.238098
-246.516296 -161.957108 527.552612
-289.926056 -161.957108 528.060059
Wait
50
-295.787872 -161.957092 514.311768
Custom
Target spinner 0 15
-295.787872 -161.957092 514.311768
Wait
20
-295.787872 -161.957092 514.311768
Custom
Target spinner 0 15
-295.787872 -161.957092 514.311768
Wait
20
-295.787872 -161.957092 514.311768
Custom
Target spinner 0 15
-292.000946 -161.957108 535.796753
Wait
20
-292.000946 -161.957108 535.796753
-294.611237 -161.957108 531.359497
Custom
Target spinner 0 15
-322.526306 -161.957092 506.416809
Wait
20
-322.526306 -161.957092 506.416809
-329.952179 -161.957092 512.793762
Custom
Target spinner 0 15
-334.989868 -161.664948 532.338928
Wait
20
-334.989868 -161.664948 532.338928
-330.887085 -161.817184 541.266968
Custom
Target spinner 0 15
-314.256470 -161.957092 552.941895
Wait
20
-314.256470 -161.957092 552.941895
-306.064117 -161.957092 548.799316
-302.218536 -161.701477 528.631836
-283.232025 -161.404877 528.088806
Custom
CheckAndSet -NamedNPCDNE Yzo 55
-262.843628 -161.957092 528.347412
Named
Yzo
CustomNamed
-262.843628 -161.957092 528.347412
-263.042236 -161.957092 528.538574
Custom
Vaultcustomfloorpanel 3
-262.573700 -161.675598 507.475250
-263.097809 -161.346298 477.547821
Wait
20
-250.749832 -161.957092 466.545471
-244.064758 -161.521790 453.892212
Wait
20
-225.457306 -161.832565 465.019012
Wait
20
-252.678253 -161.957092 439.278320
Wait
20
-274.921204 -161.957092 439.132904
-281.484161 -161.584244 453.558380
Wait
20
-300.783661 -161.806702 465.291412
-283.704956 -161.335510 453.342072
-272.181396 -161.880264 452.327789
Wait
200
-256.128571 -371.501007 453.017181
-256.128571 -371.501007 453.017181
Wait
20
-263.237091 -370.117371 466.329346
-263.078278 -359.360229 549.232300
Wait
20
-267.490570 -359.459778 569.422974
DontStopForCombat
-281.069672 -359.499603 604.961060
-264.501678 -359.496429 625.429138
Named
Ikeshzi
CustomNamed
-259.407990 -359.499756 628.242249
StopForCombat
-264.419922 -359.459320 567.976196
-263.330383 -359.345551 549.577881
Wait
20
-263.020142 -369.834595 447.003998
Custom
ClickActor -Actor "Transport switch" -ExactName
-263.020142 -369.834595 447.003998
Custom
ClickActor -Actor "Transport switch" -ExactName
-263.020142 -369.834595 447.003998
Wait
100
0 0 0
Custom
Vaultcustomfloorpanel 4
-270.241425 -161.957092 430.836914
-263.058807 -161.290100 413.080688
Wait
20
-263.262054 -161.302765 381.325958 
Custom
CheckQuest -NotActive "Shattered Dawn: Vault in the Wound" 215
-263.262054 -161.302765 381.325958
Custom
MoveToActor "Zictirris"
0 0 0
Custom
HailActorFast "Zictirris" 5
0 0 0
-263.262054 -161.302765 381.325958
Custom
Target shissar 0 30
-262.412781 -161.438385 347.677124
Wait
20
-262.412781 -161.438385 347.677124
Custom
Target shissar 0 30
-262.412781 -161.438385 347.677124
Wait
20
-262.412781 -161.438385 347.677124
Named
Shade
CustomNamed
-244.878357 -161.438248 335.403229
Wait
20
-262.816528 -160.623489 318.398468
