The Balance of Nature
Custom
HailActor Dhar 10
24.872993 35.757198 -164.850128
17.474884 35.757198 -159.594742
10.726798 33.702450 -152.391129
4.768755 28.014362 -146.470520
-1.356743 22.056732 -140.548248
-8.323925 18.331953 -134.334198
-17.631733 17.566454 -130.512299
-27.393927 17.125139 -128.227417
-36.313484 12.417703 -126.705673
-46.278751 11.741035 -124.997063
-56.113411 11.235667 -121.699608
-64.616196 10.605989 -116.368790
-73.229240 8.149933 -111.875076
-82.356995 7.130390 -107.720856
-91.813408 5.373966 -104.105942
-101.239677 3.573415 -101.155975
-110.815575 2.530640 -98.325356
-120.497192 1.015769 -95.463470
-130.193909 0.073374 -92.597099
-140.032547 -0.194836 -89.710999
-150.212418 -0.215903 -88.607079
-160.204788 -0.146741 -90.963356
-169.354279 -0.133244 -95.549088
-178.427338 -0.522181 -100.291039
-187.500427 -1.050797 -105.032959
-196.938522 -1.402511 -109.306206
-206.982147 -1.482224 -110.554810
-216.974411 -1.741103 -110.978172
-226.965927 -1.305340 -111.413765
-236.354248 -1.403498 -115.170464
-244.364960 -0.664419 -121.263542
-251.511703 -0.040377 -128.233856
-254.395309 2.499653 -137.740585
-253.877701 3.656095 -147.716400
-257.653564 4.785513 -157.034622
-261.998444 5.257686 -166.145157
-271.190735 5.863110 -170.465988
-280.729828 6.153054 -174.225784
Custom
ZoneDoor "to lake"
-282.407867 6.231318 -181.496353
272.921692 -48.107601 329.428253
264.683960 -47.762573 329.621368
256.305573 -47.430298 323.958771
247.034393 -48.161072 319.805969
237.156921 -47.349941 317.879272
Custom
HailActor Fritzen 6
231.537979 -46.977077 318.994476
Custom
PathKill 36 30 30 1 1 1 "a Gunthak poacher" "I defeated a Gunthak poacher (4/4)" 1 "a Gunthak ransacker" "I defeated a Gunthak ransacker (4/4)" 1 "a Gunthak plunderer" "I defeated a Gunthak plunderer (4/4)" 1 "*ATADD*" "I have defeated many pirates" 0
231.537979 -46.977077 318.994476
225.482895 -47.208046 310.674530
219.506989 -47.198483 302.461243
211.793045 -46.782578 295.783691
203.344238 -45.692108 290.229767
194.902786 -46.018848 284.865479
184.573730 -46.626907 284.514221
176.049530 -46.367592 289.794373
166.299332 -46.245415 292.203064
156.574219 -48.085884 289.347778
148.196075 -47.259506 283.618561
141.723282 -47.899670 275.753510
135.152969 -46.517887 267.935730
127.452599 -46.188461 261.352295
120.527863 -46.614357 254.134003
119.894600 -46.222298 243.898331
122.474777 -45.496937 233.878677
124.681343 -46.338028 223.889038
131.991669 -46.876934 216.696808
141.972275 -46.912609 218.706421
147.447235 -45.952484 227.607330
151.710129 -46.884571 236.943726
155.879044 -46.430511 246.189651
160.973495 -46.383602 255.204681
168.753403 -46.278515 261.611694
178.720337 -46.929966 262.664276
187.177673 -47.047081 257.089539
190.833282 -46.664028 247.462830
192.768295 -46.537926 237.236450
192.267502 -46.580425 227.080139
186.516602 -46.110077 218.393509
180.329376 -46.931782 210.152863
178.794968 -45.595562 200.189346
172.308914 -44.179070 192.276367
162.865234 -46.160149 188.634445
153.611282 -46.740364 184.847382
149.465866 -46.789383 180.882141
231.537979 -46.977077 318.994476
231.537979 -46.977077 318.994476
Custom
HailActor Fritzen 6
231.537979 -46.977077 318.994476
223.341797 -47.261921 310.458405
216.222931 -47.250774 303.176758
209.210114 -46.011082 296.002045
202.910370 -45.692108 287.963654
198.326324 -45.768890 278.815948
194.358032 -46.013988 269.229126
190.708679 -46.993603 259.596832
187.323730 -46.962318 249.953049
182.005127 -46.950699 241.414337
172.437195 -45.935963 238.150864
163.116562 -46.219154 234.281555
155.394150 -47.047268 227.234192
151.984375 -46.788013 217.833237
149.602112 -46.404480 208.114059
145.473923 -46.404125 198.970383
141.270950 -47.053928 189.825775
136.715561 -47.767872 180.948303
131.523193 -47.255024 172.143555
126.323708 -46.964195 163.343002
120.887146 -47.064831 154.762100
115.304581 -47.424026 146.105606
109.650200 -47.116821 137.345490
103.753670 -46.988106 129.253586
97.167587 -47.679256 121.715630
91.771851 -43.677433 114.110397
85.963860 -39.205746 107.014610
81.945732 -37.997612 97.668625
92.008049 -37.890545 95.610794
102.133545 -37.837318 96.817474
112.471329 -37.924484 96.284554
121.524925 -37.976887 91.707848
Custom
WaitForMob Eddrelon
124.400955 -38.087879 88.763290
Custom
HailActor Eddrelon 6
124.400955 -38.087879 88.763290
123.821075 -38.104324 94.795799
124.316490 -38.570271 98.596771
125.507515 -43.130756 107.734573
126.722839 -47.113300 117.056129
128.084656 -47.255001 127.154099
130.401138 -47.119755 137.135712
133.881592 -46.900822 146.526535
137.371735 -47.047272 156.078323
139.976990 -46.689602 165.880722
141.301437 -47.596302 175.941132
140.166687 -47.455776 186.067200
137.670517 -47.035709 195.795288
135.445557 -47.047272 205.643494
137.262329 -47.047272 215.679855
141.556946 -46.120205 224.973083
147.412735 -46.280743 233.481598
154.070694 -46.824432 241.163589
161.126297 -46.253891 248.340378
168.323608 -46.447044 255.731049
175.524384 -47.047241 263.118439
182.912048 -46.013794 270.697571
190.052032 -45.715656 277.990051
197.483154 -46.014069 285.008667
204.911804 -45.730099 291.728271
212.373016 -46.943611 298.435516
219.410126 -47.216362 305.743774
225.265335 -47.177105 314.073517
Custom
HailActor Fritzen 12
227.768143 -46.968246 318.006714
237.794144 -47.225494 318.729736
247.595154 -48.143475 320.692291
257.127319 -47.410156 323.732056
266.207367 -47.651104 328.068054
276.215424 -48.036961 327.864471
Custom
ZoneDoor "Village of Shin"
276.437927 -48.088619 326.370636
-274.383331 5.994380 -172.259796
-266.454193 5.404687 -165.884094
-258.487915 4.837415 -159.534332
-254.163971 4.032275 -150.444397
-252.490707 2.522691 -140.688400
-251.179993 0.904042 -130.900497
-248.475800 -0.890183 -121.216995
-241.665649 -1.424721 -113.576256
-231.722137 -1.422798 -110.824303
-221.668320 -1.424997 -109.607559
-211.383682 -1.652234 -108.845398
-201.198715 -1.454581 -108.528404
-191.257401 -0.893455 -109.800896
-181.539139 0.051486 -112.094513
-171.709793 0.569475 -115.108147
-162.718903 2.713779 -118.933884
-154.225174 5.508882 -123.779472
-145.615219 5.015668 -129.170425
-137.684753 1.343486 -134.103348
-131.336624 3.128787 -141.701569
-128.844193 6.025084 -150.989197
-126.259064 7.954964 -160.773178
-120.745529 10.865812 -168.857498
-111.209915 12.333252 -172.275604
-101.349953 14.270658 -172.079193
-93.178535 15.016988 -166.334061
-85.511604 14.839123 -159.693710
-77.507492 14.057989 -153.641144
-68.923546 14.031643 -148.127640
-60.352211 14.053583 -142.588028
-51.757130 13.979353 -137.178864
-42.965515 13.323983 -131.844223
-33.630444 12.380295 -127.864891
-24.004530 15.325048 -128.965103
-14.558763 18.331940 -130.775421
-5.787724 18.331953 -136.143692
0.587554 23.601669 -141.820236
6.698448 29.544127 -147.482513
13.081091 33.801285 -154.016846
19.939850 35.757198 -161.165039
Custom
HailActor Niles 9
23.763924 35.757198 -168.303238
17.696903 35.757198 -160.300583
11.358408 33.702454 -152.794952
5.447958 28.322510 -146.558243
-0.477907 22.476910 -140.454193
-6.676988 18.331953 -133.681015
-2.183184 16.838051 -124.621925
5.370798 14.736186 -118.162819
13.048089 14.736365 -111.393715
20.108034 14.735632 -104.096016
30.329395 14.735538 -104.052757
38.701191 14.735852 -109.545212
45.811932 14.841009 -116.998695
Custom
HailActor Nurwin 6
45.038097 14.841008 -118.720619
44.532631 14.940450 -115.461594
37.037773 14.735778 -108.414398
29.377621 14.735421 -101.804138
19.341253 14.735238 -102.956276
12.274820 14.736457 -110.093781
4.735724 14.736241 -117.052406
-2.689434 16.684488 -123.843124
-9.533559 18.331955 -131.146988
-3.318980 20.262707 -139.042206
2.737562 26.053587 -144.652420
8.974141 32.385452 -150.433884
15.836674 35.750408 -157.313232
22.023933 35.757198 -165.444595
Custom
HailActor Niles 6
23.543005 35.757198 -167.986176
17.739906 35.757198 -159.767029
10.792155 33.702454 -152.750488
4.750210 28.151712 -146.698669
-1.145638 22.150051 -140.590820
-8.111048 18.331953 -134.166107
-17.644754 17.532969 -130.413300
-27.082615 14.355711 -128.556580
-37.122166 12.381106 -128.895172
-47.195255 12.809051 -129.775681
-57.266403 11.577319 -131.170975
-66.707741 11.614394 -134.516068
-75.410248 11.716423 -139.675812
-83.433876 12.095047 -145.922974
-90.997017 12.854774 -152.538864
-98.613548 12.427446 -159.213379
-106.270676 11.432017 -165.839615
-116.084747 11.020964 -167.903473
-122.523865 9.495616 -160.367859
-128.714035 6.105775 -152.902771
-131.892731 3.586951 -143.709244
-137.149384 1.177857 -135.517120
-145.076965 4.606772 -130.317062
-153.972610 5.508882 -125.485863
-162.362778 3.119803 -120.398514
-170.690704 0.637919 -115.239334
-179.313202 -0.043343 -109.897644
-188.883316 -1.055392 -106.898232
-198.878830 -1.593852 -107.911972
-208.829514 -1.538548 -109.062744
-218.917755 -1.633280 -110.256035
-228.818283 -1.320187 -112.174767
-238.180786 -1.347417 -116.258652
-245.724426 -0.699535 -122.917099
-252.121628 0.973735 -130.497025
-254.064117 2.691091 -140.575195
-255.508698 4.172198 -150.390900
-259.528564 4.864017 -159.651489
-265.752045 5.470666 -167.486313
-275.075256 5.944057 -171.729950
-282.318573 6.244896 -178.740677
Custom
ZoneDoor "to lake"
-283.088501 6.304770 -180.095642
272.387726 -48.132053 331.103302
262.787811 -47.399704 327.322632
253.727905 -47.511879 322.682709
244.341110 -48.255928 318.920990
235.508087 -47.498634 314.951447
Custom
HailActor Fritzen 5
230.819946 -46.983059 319.204254
221.160736 -47.305176 314.826569
211.564911 -46.651295 311.744049
201.369583 -47.045265 312.586334
191.225159 -46.745388 313.668243
181.063599 -46.953007 314.518036
171.470520 -46.996967 311.362457
162.910782 -47.047188 305.876953
154.259201 -47.192333 300.433899
145.695419 -47.107983 295.087311
137.182739 -47.043884 289.486206
128.600876 -47.044743 283.818176
120.354286 -47.057880 277.768250
111.838638 -47.841785 272.158386
104.111649 -48.166656 278.763153
97.246704 -48.216484 286.114441
88.895996 -44.079967 289.749542
78.822472 -42.208321 290.762695
68.987747 -39.947281 290.343781
59.181347 -37.774464 290.960175
Custom
HailActorMultiOption Glurglek 1 2 2 1 2 1 2 2 1 2 1 2 1 2 1 1
58.499165 -37.661613 291.082092
68.434860 -39.859337 290.119232
78.252594 -42.349113 289.167694
88.168587 -44.235313 288.117462
96.921852 -48.239666 285.331970
104.849190 -48.172218 278.946747
113.136726 -47.772411 273.251526
123.167572 -47.156902 273.347290
133.011169 -47.315350 275.734314
142.288544 -47.812569 280.062408
151.493912 -47.495625 284.396118
160.774384 -47.698212 288.143402
170.174393 -45.898693 291.270996
179.938965 -46.830425 294.399200
189.613556 -46.139153 297.498505
199.207016 -47.047272 300.740234
208.592957 -47.162487 304.284180
217.961380 -47.249741 308.320587
226.336945 -47.323875 313.946259
Custom
HailActor Fritzen 4
229.150482 -46.920074 318.015167
239.168686 -47.482361 317.643433
249.205200 -48.117474 318.477722
258.686798 -47.261124 322.038269
267.009033 -47.686558 327.991974
273.451538 -48.130451 331.443359
Custom
ZoneDoor "Village of Shin"
276.221466 -48.085445 325.951721
-279.691956 6.074315 -177.389435
-271.658966 5.964386 -171.083694
-263.106659 5.264443 -165.740356
-257.079254 4.737773 -157.724274
-254.543655 3.774557 -148.050018
-252.105835 2.121778 -138.319504
-250.489105 0.076713 -128.419281
-245.712631 -1.004998 -119.567482
-236.648895 -1.413607 -114.943756
-226.822891 -1.269221 -112.126892
-216.754517 -1.790804 -110.485466
-206.747192 -1.494636 -110.122757
-196.683411 -1.293117 -110.025261
-186.651566 -0.425863 -109.513336
-177.840073 -0.127614 -104.553467
-169.009460 0.241576 -99.250626
-159.797348 0.230901 -94.939217
-149.617126 0.768308 -96.622604
-140.436310 1.021381 -100.579239
-131.465332 1.471323 -105.543961
-122.693863 2.260130 -110.413986
-113.680016 3.947628 -114.523178
-103.551254 5.240970 -114.585457
-94.242638 5.276318 -110.048820
-85.924217 5.537594 -104.002884
-77.270691 5.743198 -98.496712
-67.602142 6.649867 -95.411415
-57.511372 7.529794 -94.287567
-47.877163 9.152905 -97.160027
-41.620262 11.085654 -105.069382
-38.350391 12.220837 -114.651611
-33.446903 12.600487 -123.369354
-24.453960 14.955009 -127.294067
-15.186732 18.144480 -129.924530
-6.877631 18.331953 -135.521683
-0.163479 23.023804 -141.361893
6.050058 28.852091 -146.910568
12.393246 33.702454 -153.262909
19.248224 35.757198 -160.283554
Custom
HailActor Dhar 4
26.512836 35.757198 -164.170761
