The Rift
Custom
HailActor Sywaka 4
25.717083 50.399136 -164.816528
Custom
HailActorMultiOption Sywaka 1 2 1 1 1 1 1 1 1 1 1
25.717083 50.399136 -164.816528
Wait
20
16.538019 50.399136 -159.974731
15.535011 50.349850 -162.843979
Wait
20
16.785971 47.225311 -166.089966
Wait
20
17.334089 45.081905 -169.595505
Wait
20
26.680334 42.961086 -169.128448
Wait
20
29.502222 42.959103 -166.251160
26.414104 37.641903 -158.009857
Wait
20
27.085211 37.641903 -158.159927
Wait
20
17.198374 35.757198 -159.120941
9.984865 33.402538 -151.812012
4.124066 27.300615 -145.881561
-1.934087 21.301891 -139.778625
-8.935968 18.331955 -132.952026
-17.314968 16.815056 -127.415184
-26.335184 12.533409 -125.135330
-36.552864 12.432167 -124.354019
-46.524536 11.741033 -124.736115
-56.813313 11.151586 -126.208389
-66.742020 9.826790 -127.770065
-76.489899 9.857901 -130.833008
-86.137756 9.027451 -133.826920
-95.974556 9.855396 -136.067276
-105.950645 8.093486 -137.632141
-115.794601 5.224402 -137.320709
-125.560997 3.325294 -135.769821
-135.430695 1.274536 -134.148483
-144.370422 4.306252 -130.621124
-153.031036 5.508882 -125.435379
-161.388321 3.434528 -120.323845
-169.678452 0.701288 -115.253426
-178.687134 0.055720 -110.699219
-188.710266 -0.725874 -109.311066
-198.979752 -1.285346 -109.843681
-209.275742 -1.492075 -110.489632
-219.340866 -1.548652 -111.250099
-229.302124 -1.266624 -113.202637
-238.905792 -1.332647 -116.696259
-247.647949 -0.776459 -122.306931
-252.394257 1.153377 -131.389603
-254.414886 2.831013 -141.207886
-256.217194 4.366107 -151.317383
-260.051178 4.925227 -160.737228
-267.222778 5.552235 -167.919876
-275.931305 5.960090 -172.974380
Custom
ZoneDoor "to lake"
-280.365356 6.128889 -180.211487
272.606506 -48.131355 331.446045
263.078278 -47.456467 328.129669
254.034103 -47.544323 323.704651
244.920471 -48.233814 319.245575
235.484131 -47.498123 314.988068
226.552933 -47.313725 310.062500
219.581146 -47.182945 302.632568
212.605042 -46.992661 295.096893
205.757339 -45.875828 287.699829
197.995316 -45.777023 281.269165
189.801575 -45.368919 274.975189
181.582748 -46.013794 268.636475
173.704773 -47.047272 262.373901
166.088715 -45.911102 255.916473
158.596558 -46.094116 249.060684
151.520340 -46.969704 241.684250
144.955307 -46.001072 233.722168
140.620514 -46.170822 224.644089
137.012344 -47.047268 215.013077
133.515793 -47.047272 205.626144
129.903839 -46.188873 195.929260
127.205933 -46.773560 186.027649
124.739868 -47.009583 176.286514
121.012772 -47.030396 166.754044
115.935249 -46.988403 158.065460
110.579384 -46.986771 149.138046
105.811508 -46.968941 140.295914
100.917549 -47.086918 131.197006
95.718948 -47.974342 122.441055
91.804390 -43.722462 114.210037
84.827354 -40.415264 107.683182
79.653702 -39.398193 99.146042
74.247284 -38.449074 90.691147
67.218903 -37.840782 83.598831
59.734943 -37.589329 76.226669
50.576233 -37.510605 71.348213
41.033363 -37.673824 67.731537
Custom
ClimbLadder 360 -23
34.385590 -37.312363 60.550159
35.181107 -22.906603 56.144020
30.828707 -25.139261 42.615005
28.235739 -25.085375 32.712883
Custom
ToggleWalkRun 1
27.190821 -25.025925 22.652748
Wait
20
27.237469 -25.067272 18.508482
Wait
20
29.657467 -22.243021 15.321911
Wait
20
31.533436 -20.308771 13.857902
Wait
20
34.289463 -17.616941 12.486465
Wait
20
38.232777 -17.396942 12.417952
Custom
ToggleWalkRun 1
40.392792 -17.109678 2.585985
40.392792 -17.109678 2.585985
30.381901 -17.131628 3.050209
20.451389 -15.394136 2.886597
13.688419 -13.895741 3.170838
10.364552 -11.339221 -6.042143
7.085120 -6.337797 -14.094593
2.479654 -8.276787 -22.923870
-4.290997 -6.766671 -30.261677
-12.286777 -5.826971 -36.506485
-21.405636 -5.631156 -41.461224
-30.379606 -6.113128 -46.009247
-40.291679 -5.931124 -49.233494
-49.929256 -6.213749 -52.197701
-59.505116 -6.824238 -55.142925
-69.202133 -8.513311 -57.168655
-79.334473 -8.413338 -58.390835
-89.400726 -8.389332 -59.529236
-99.667297 -8.403831 -60.690311
-109.683655 -8.408472 -60.328247
-118.872452 -8.294796 -56.151405
-127.880142 -8.236387 -51.627216
-137.592133 -8.216678 -48.895557
-146.243011 -8.198648 -54.025723
-152.695068 -8.189838 -61.737343
-159.838333 -8.193169 -68.763718
-167.995972 -8.190220 -75.015656
-176.835022 -8.188443 -79.850792
-186.782196 -8.195653 -81.699913
-196.637863 -8.198719 -78.783897
-202.835587 -8.252281 -72.220253
-210.201752 -8.224739 -65.430328
-216.115356 -8.215874 -57.346500
-220.514069 -8.203379 -48.105549
-224.453766 -8.197086 -38.567955
-227.979706 -8.236074 -29.201319
-231.541916 -8.218482 -19.629128
-235.083893 -8.201893 -10.111351
-238.665436 -8.200289 -0.487179
-242.154694 -8.202631 8.889008
-245.652740 -8.195148 18.288813
-249.163971 -8.195637 27.724037
-252.704788 -8.201094 37.080585
-256.903564 -7.873415 46.213047
-263.912750 -7.577056 53.675568
-274.297852 -8.132634 53.711506
-284.637604 -8.755964 53.574692
-289.705933 -8.809399 56.783791
-299.888184 -9.155706 56.838310
-307.819855 -9.480393 50.671925
-298.129242 -12.258616 52.064888
-287.984314 -14.485310 52.381699
-290.402313 -14.893954 57.811535
-300.542816 -15.183404 57.304089
-310.341217 -17.306122 57.410881
-312.982727 -17.423073 57.574661
-312.926910 -17.110405 51.657833
-302.966064 -19.011036 52.505695
-292.855713 -21.253847 52.957775
-292.040375 -21.253847 52.990566
-295.552948 -21.253847 43.349495
-296.708801 -22.793379 33.902107
-286.695923 -22.965975 34.011700
-278.424713 -22.966833 28.272640
-274.240784 -22.875860 23.741417
-266.693390 -23.971336 23.468424
-266.900299 -25.423103 13.377011
-273.828918 -25.418127 14.248463
-273.532959 -27.424334 24.236242
-273.407959 -30.223270 34.013126
-273.339203 -34.118515 43.314438
-273.443848 -37.168011 52.999111
-273.466248 -37.074806 54.368629
-263.302826 -37.167942 53.552719
-263.353027 -37.167942 43.341763
-272.326294 -38.907608 39.116264
-275.002686 -38.858776 39.213799
-273.734772 -39.674942 29.081480
-263.727905 -40.371799 28.326069
-263.991547 -41.882256 38.535564
-264.093994 -42.222782 48.606098
Custom
ZoneDoor "The Forsaken City"
-264.213654 -42.225239 51.199097
1.082087 -23.968266 78.046318
1.264001 -23.913948 67.906799
1.045521 -23.826916 57.811935
1.120411 -28.080841 48.670124
1.098450 -35.005821 41.203537
0.870564 -42.083622 33.703316
8.744910 -44.741642 28.112940
10.261512 -44.741642 28.918459
22.885155 -88.888023 33.810299
12.378886 -85.128563 33.079796
32.387329 -89.456665 30.507566
42.484241 -89.404053 30.745499
51.206879 -89.404053 25.828739
52.408005 -89.404053 15.808082
49.637539 -89.404053 6.126707
Custom
Target "Portal Keeper" 25
49.676098 -89.404053 -4.525896
Wait
50
49.676098 -89.404053 -4.525896
Wait
100
49.676098 -89.404053 -4.525896
Custom
ClickActor zone_to_adv04_dun_endless
48.164932 -89.404053 -8.161264
Wait
50
48.164932 -89.404053 -8.161264
Custom
DoorOption 1
48.164932 -89.404053 -8.161264
Custom
WaitForZoning
0 0 0
-49.091434 -89.404053 -5.784959
-47.965088 -89.404053 4.203556
-43.737164 -89.404053 13.434844
-33.956284 -89.266853 16.097643
-23.929520 -89.680283 14.901875
-14.406078 -86.295372 13.978794
-4.971669 -82.830040 13.035041
4.447073 -79.370483 12.092856
13.954095 -75.852127 11.164152
23.167358 -71.661781 10.498616
33.033302 -69.946915 9.917217
43.104317 -69.923279 10.532483
52.259876 -69.923279 14.746810
60.696117 -69.923279 20.234320
Custom
ClickActor "Volume I"
66.037613 -69.923279 24.013186
Custom
ReplyDialog 1 1 1 1
66.037613 -69.923279 24.013186
67.427124 -69.923279 13.848879
69.266373 -69.923279 3.806637
74.530838 -67.520752 -4.438538
82.715233 -65.528053 -9.979926
89.204735 -65.504761 -2.315738
94.037102 -58.933578 3.931168
97.691063 -56.263123 10.749970
90.747093 -56.263126 13.079298
82.716301 -56.263126 19.056776
83.316093 -56.263126 25.840796
90.144066 -51.997692 19.765907
96.005714 -46.438236 13.686954
87.793625 -46.438236 7.723026
79.049881 -46.438236 12.669063
72.125542 -42.524162 18.745745
65.136253 -38.082371 24.415916
73.578789 -38.082371 29.815336
81.400269 -38.082371 23.549608
89.071121 -38.082371 16.986216
96.748932 -38.082371 10.457013
97.285828 -38.082371 9.994922
92.253899 -35.416656 1.593291
86.332253 -33.025230 -6.123077
90.691978 -33.026657 -12.574965
95.452744 -27.538826 -5.280094
100.451195 -22.834139 2.013057
101.742599 -22.633747 4.015610
92.260582 -22.814827 7.556818
82.881477 -22.592760 11.118628
73.353683 -22.557640 14.373518
63.385864 -22.700485 15.615893
Custom
ClickActor "Volume III"
59.084724 -22.713640 7.183368
Custom
ReplyDialog 1 1 1 1
59.084724 -22.713640 7.183368
55.848072 -22.864214 -2.408874
53.098320 -22.818232 -12.111107
50.645718 -22.730581 -21.936508
46.997974 -22.713627 -31.318811
41.816662 -22.700613 -40.186035
39.846550 -22.297825 -42.371025
33.599682 -27.189228 -36.197536
25.151518 -30.550844 -31.718815
14.982853 -30.550840 -31.132147
4.817304 -30.550842 -31.097795
-5.200861 -30.550844 -31.621082
-15.247238 -30.550844 -32.220547
-25.348639 -30.550844 -32.823288
-35.372036 -30.176039 -34.214531
-44.447376 -30.550821 -38.641552
-53.141701 -30.550814 -43.584530
-59.922283 -30.550814 -35.941193
-63.836655 -33.178257 -27.048319
-54.381069 -33.178257 -23.731770
Custom
ClickActor "Volume II"
-46.699375 -33.178257 -25.473797
Wait
30
-46.699375 -33.178257 -25.473797
Custom
ReplyDialog 1 1 1 1
-46.699375 -33.178257 -25.473797
-56.890640 -33.178257 -24.772421
-66.867859 -33.178257 -25.487453
-61.771267 -30.813347 -33.779251
-55.529854 -30.550814 -41.889603
-50.712788 -30.105228 -47.832916
-43.145824 -30.550821 -41.205933
-33.595238 -30.550835 -38.043293
-24.026054 -30.550844 -35.135471
-14.012949 -30.550844 -33.610241
-3.913958 -30.550844 -33.171375
6.320662 -30.550848 -32.434338
16.354450 -30.550844 -31.952591
26.365017 -30.550844 -31.958363
35.340885 -26.712654 -34.952946
43.097866 -22.699543 -40.150600
48.467289 -22.713625 -31.653330
51.551620 -22.731932 -21.996058
53.927345 -22.819286 -12.251065
55.760635 -22.862030 -2.212455
51.867157 -22.752098 7.149903
41.929344 -22.713640 9.258145
31.818695 -22.585686 8.547271
21.994200 -22.688360 6.445790
11.955149 -22.673143 5.979626
1.873585 -22.656404 6.557413
1.364797 -22.656404 8.797550
1.194333 -29.831654 16.083382
1.103538 -39.893776 19.964020
0.985050 -44.650051 28.805962
0.881899 -38.958927 37.261375
0.653750 -32.064415 44.865082
0.613084 -24.829788 51.888657
0.591412 -23.907543 62.022327
0.406329 -23.631344 72.053375
0.534000 -24.012203 82.095520
Custom
ClickActor "Volume IV"
0.543563 -24.041012 84.752541
Wait
30
0.543563 -24.041012 84.752541
Custom
ReplyDialog 1 1 1 1
0.543563 -24.041012 84.752541
0.417408 -23.675314 74.704659
0.924409 -23.912060 64.590340
1.375676 -23.851772 54.600395
0.220580 -30.090340 46.556973
0.216277 -39.078373 37.158798
0.202911 -44.651779 28.748842
Custom
UseItem "Lu Sywaka's meditation focus stone"
0.195876 -44.741642 22.992233
Wait
50
0.195876 -44.741642 22.992233
Custom
HailActor Sywaka 8
0.195876 -44.741642 22.992233
-5.290433 -44.741035 14.629772
-12.324556 -43.607307 7.227589
-19.355743 -41.842693 0.204156
-26.383352 -40.927437 -7.023344
-33.475910 -41.254585 -14.152594
-40.551376 -41.078648 -21.430433
-47.631279 -42.141487 -28.427532
-53.461033 -48.861176 -33.458958
-63.286709 -50.791275 -34.838551
-71.217834 -50.789742 -28.742067
-80.393494 -50.771660 -32.797295
-73.831863 -46.888088 -39.310757
-67.923332 -42.367619 -46.067581
-63.192074 -42.367619 -41.832836
-68.880486 -36.692001 -35.570736
-74.639130 -33.141613 -28.166336
-65.153557 -33.178257 -27.602947
-59.279125 -30.550814 -35.417812
-53.230331 -30.550814 -43.657536
-50.759968 -30.550814 -47.070400
-42.453053 -30.550821 -41.288982
-33.205723 -30.550837 -37.377380
-23.925789 -30.550844 -33.236099
-13.941930 -30.550844 -32.602352
-1.189090 -30.550844 -32.099323
8.887961 -30.550844 -31.636438
18.935833 -30.550846 -31.601713
28.956730 -30.550844 -32.436493
36.369186 -25.058779 -36.739540
43.207912 -22.685663 -41.865856
48.066799 -22.713623 -32.951286
51.963097 -22.719971 -23.607517
53.542324 -22.806410 -13.674517
54.983749 -22.878313 -3.674258
56.438431 -22.766899 6.332051
48.132626 -22.713640 10.570391
38.056435 -22.713640 9.904596
28.056669 -22.739824 8.589520
18.082567 -22.665030 7.078646
7.854480 -22.656404 7.152252
-2.208226 -22.656404 7.234287
-12.272346 -22.690216 7.183504
-22.533342 -22.801434 7.131729
-32.711025 -22.330708 8.111958
-42.418079 -22.713640 10.655375
-52.224464 -22.713640 12.619902
-62.131165 -22.713640 14.449511
-72.206474 -22.573587 13.748196
-81.904182 -22.576141 11.017806
-91.137154 -22.795794 7.138774
-100.210121 -22.829605 2.521703
-95.509888 -27.564968 -5.350053
-89.966179 -33.026390 -11.903385
-82.147423 -33.025352 -5.492848
-89.733994 -33.665276 1.009912
-96.706978 -38.082375 6.761559
-103.471298 -38.079693 3.946097
-108.204971 -32.636215 11.119407
-112.233223 -26.042503 17.687439
-117.042015 -20.080313 24.209187
-119.562172 -20.078447 27.580296
-124.664520 -20.074442 19.502546
-116.792725 -14.730295 16.111555
-113.682945 -8.243809 9.006915
-109.037933 -2.608247 2.062317
-102.974625 -2.635791 -5.950385
-96.717316 -2.559936 -13.826571
-90.335686 -2.588458 -21.607206
-84.220955 -0.350447 -29.230709
-79.443085 6.259124 -35.221058
-74.731506 12.879994 -41.203434
-68.689247 15.372601 -48.803299
-61.051250 15.232653 -42.231853
-53.346424 15.098638 -35.583382
-45.622448 15.229558 -29.168221
Custom
Target "K'huthas"
-39.805714 15.298124 -24.376484
Wait
50
-39.805714 15.298124 -24.376484
-47.777409 15.195884 -30.594177
-55.845558 15.115382 -36.570591
-63.970699 15.274736 -42.589218
-71.884521 15.394588 -48.975784
-76.956894 11.704627 -41.151096
-81.332474 5.020386 -34.899551
-85.729019 -1.597852 -28.614531
-91.723122 -2.599791 -20.501041
-98.177719 -2.556918 -12.789614
-104.370003 -2.653805 -4.927350
-110.446106 -2.604489 3.174450
-115.077026 -9.130869 9.229472
-119.618515 -15.787100 15.361769
-125.236679 -20.076616 22.584450
-116.535080 -19.678549 27.001526
-111.996208 -24.955429 19.461794
-107.722855 -31.640841 13.027533
-103.042892 -38.079803 6.782841
-100.527878 -38.080688 3.515118
-96.285309 -38.082375 9.015323
-90.829758 -34.416443 1.222694
-85.043839 -33.025253 -7.121023
-90.457642 -33.026665 -12.877785
-95.268906 -27.799694 -5.505331
-100.234154 -22.839285 1.820516
-91.659180 -22.805801 7.091650
-82.286522 -22.583677 10.968932
-72.675400 -22.567358 13.943975
-62.479645 -22.713455 14.658969
-52.276852 -22.713640 14.576171
-42.474281 -22.713640 11.942098
-32.827255 -22.713652 9.304046
-22.912462 -22.839054 7.223237
-12.754230 -22.680428 6.499924
-2.509769 -22.656404 6.363244
7.514213 -22.656404 6.229506
17.703556 -22.656879 6.093562
27.870466 -22.739824 6.379368
37.539803 -22.713640 9.056074
47.430515 -22.713640 11.751441
57.250172 -22.713640 14.130018
67.376244 -22.643299 14.853722
77.320038 -22.500799 13.195204
86.783272 -22.686914 9.383892
95.886070 -22.909498 5.091338
101.633781 -22.726881 1.494652
95.342972 -27.456572 -5.097764
89.588463 -33.026154 -11.133699
83.094269 -33.025299 -7.068256
89.778572 -33.506237 0.695328
95.273598 -38.082371 7.792859
103.456367 -38.079781 3.926736
107.512070 -32.737793 11.523681
112.030975 -26.200539 17.603539
116.762085 -20.080442 24.055859
119.657791 -20.078485 27.521376
125.269226 -20.075315 20.281664
119.016769 -14.851145 14.474290
113.938652 -8.260334 8.835837
108.883308 -2.605433 2.274423
102.666008 -2.635823 -5.709710
96.491631 -2.547637 -13.657410
90.304512 -2.589486 -21.674889
84.362732 -0.260017 -29.394304
79.587219 6.488346 -35.495453
74.745468 13.007656 -41.341602
68.594078 15.370340 -48.959820
60.764732 15.232449 -42.584583
53.536331 15.099309 -35.244926
45.652111 15.231523 -28.878136
Custom
Target "K'hazid"
40.741634 15.298124 -24.881401
Wait
50
40.741634 15.298124 -24.881401
30.838945 15.298124 -23.085537
20.819513 14.927093 -22.880255
11.351129 12.118533 -20.811680
5.354611 4.033382 -19.026150
Custom
ExecuteCommand "RI_Atom_SetLockSpot ALL"
-0.176907 1.356040 -21.970655
Custom
Target Zhvari
-0.176907 1.356040 -21.970655
Wait
50
-0.176907 1.356040 -21.970655
Custom
ClickActor "A Dimensional Portal"
-0.176907 1.356040 -21.970655
Wait
50
0 0 0
Custom
ExecuteCommand "ChoiceWindow:DoChoice1"
0 0 0
Custom
WaitForZoning
0 0 0
Custom
ZoneDoor "Village of Shin"
274.749023 -48.083382 327.130157
-269.306854 5.728584 -169.468063
-261.000183 5.095591 -163.880051
-255.318436 4.599260 -155.441895
-254.547119 3.413208 -145.306564
-252.972916 1.886033 -135.541595
-249.742157 -0.447072 -125.705208
-242.896973 -1.199604 -118.239082
-233.171616 -1.279003 -115.160988
-222.925049 -0.663600 -114.558197
-212.569763 -1.570263 -114.145721
-202.340408 -0.570139 -113.738266
-192.016632 -0.173935 -113.327057
-181.737167 0.100294 -112.738091
-172.284897 0.315467 -108.364944
-164.222305 0.583547 -102.341415
-155.410126 0.468637 -96.529709
-145.258835 0.674604 -95.191765
-135.188080 0.873372 -96.871292
-127.102440 1.282402 -103.077522
-119.645935 2.559989 -109.714912
-110.127701 4.063379 -113.281967
-99.979683 4.466234 -111.429504
-90.607201 5.445455 -107.645889
-81.698448 5.615574 -102.896355
-72.722610 6.088139 -98.105240
-62.754768 7.347461 -95.919746
-52.841164 8.601495 -97.291626
-44.265022 10.351920 -102.312820
-37.518524 11.804577 -109.945282
-30.888063 10.412884 -117.530182
-23.052980 13.225735 -124.002060
-15.684397 17.731895 -129.122101
-7.360881 18.331953 -134.931076
-0.571474 22.798418 -141.296570
5.418105 28.667534 -147.223114
11.891637 33.702454 -153.578262
Wait
20
18.065388 35.757202 -159.638809
Wait
20
27.844877 37.641903 -158.626572
Wait
20
28.884417 42.959103 -166.909103
Wait
20
17.627106 45.081905 -169.565659
15.975385 50.381374 -162.657654
Wait
20
15.679679 50.399128 -160.698349
Wait
20
18.808041 50.399136 -159.681549
Custom
HailActorMultiOption Sywaka 1 1 1 2 1 1
25.563959 50.399139 -164.244705
