The Name of Fear
Custom
QuestStarter -23.511379 3.197286 -108.194740 25 "Emperor Atrebe's Laboratory: The Fabled City of Kor-sha" "Fens of Nathsar" 50
0 0 0
209.125763 -81.855934 -190.878586
242.986710 -45.395771 -197.171143
260.890503 -9.571972 -227.385010
279.855682 -3.841015 -273.397491
298.051514 -3.841015 -320.154877
316.477844 -3.841015 -367.025574
334.948151 -3.841015 -413.999725
353.356628 -3.841015 -460.816986
371.744629 -3.841015 -507.581726
390.153198 -3.841015 -554.399048
408.678436 -3.841015 -601.513062
427.052673 -3.841015 -648.242554
445.447632 -3.841015 -695.025024
463.897430 -3.841015 -741.947571
482.271637 -3.841015 -788.678223
500.597839 -3.841015 -835.286255
519.047974 -3.841015 -882.208496
Custom
FlyDown
529.676697 -3.185825 -909.642944
529.685242 -37.179863 -909.639771
525.389771 -36.843105 -918.950012
517.914001 -36.194473 -925.730835
ClickActor
Laboratory:
514.565796 -36.193752 -927.327271
Custom
WaitForZoning
0 0 0
-0.299951 0.137321 16.990458
-0.228489 0.015561 6.887602
-0.204885 0.002500 -3.151959
-0.277832 0.002500 -13.264039
-0.350778 0.002500 -23.376125
-0.396667 0.001926 -29.737457
-10.432399 0.002149 -30.229977
-20.565168 0.002499 -30.706736
-30.535362 0.002500 -31.654121
-35.177944 0.002500 -31.872561
-34.782120 0.002500 -41.897312
-34.947666 0.003371 -52.039898
-35.119122 0.003372 -62.134911
-35.316784 2.971671 -71.816757
-33.066235 2.978462 -81.689651
-30.124849 2.978462 -91.273460
-26.759943 2.978462 -100.853149
ClickActor
ancient
-23.898212 3.190381 -107.643959
Wait
20
-23.898212 3.190381 -107.643959
Custom
ReplyDialog 1 1 1 1
-23.898212 3.190381 -107.643959
-26.447474 2.978462 -104.107368
-30.487698 2.978462 -94.641937
-33.888260 2.978462 -85.139992
-35.667534 3.065872 -72.396332
-35.618454 0.003372 -62.694359
-35.567680 0.003371 -52.653618
-35.516716 0.002499 -42.573112
-35.465534 0.002500 -32.454281
-35.454247 0.002500 -30.222509
-25.247063 0.002500 -30.169886
-15.163259 0.002303 -30.477818
-0.702073 0.001934 -29.710739
-0.748937 0.002500 -9.503339
-0.729802 0.253369 0.685338
-0.710930 0.015755 10.733651
-0.279074 0.191353 20.887058
-0.111730 0.015889 31.011299
ClickActor
exit_to_fens
-0.253738 0.449322 36.275711
Wait
50
-0.253738 0.449322 36.275711
Custom
DoorOption 0
0 0 0
Custom
WaitForZoning
0 0 0
517.161438 -36.226490 -926.298279
526.102112 -36.841331 -921.717773
528.280701 -37.082245 -911.760315
Custom
FlyUp
527.728638 -37.109440 -908.625122
511.828125 -28.273254 -861.625061
495.682739 -28.273254 -813.900635
474.681976 -28.273254 -768.181641
452.177460 -28.273254 -723.419922
429.706818 -28.273254 -678.725098
407.186829 -26.907654 -633.932800
384.536346 -25.250372 -588.879761
362.040771 -25.250372 -544.134949
339.436096 -25.250372 -499.172516
316.721985 -25.250372 -453.992401
293.602081 -31.583046 -409.820374
268.703308 -49.644306 -369.895538
243.840866 -67.862099 -329.998810
221.044678 -91.432411 -291.754395
203.447968 -100.213448 -245.303299
Custom
FlyDown
187.142334 -105.918808 -203.380447
185.062164 -114.024231 -201.120636
184.097031 -118.825867 -191.985840
184.100266 -118.825867 -181.699127
183.103378 -118.825867 -171.263947
ClickActor
mariners_bell
182.380798 -118.825867 -163.935699
Wait
50
182.380798 -118.825867 -163.935699
Custom
TravelMap "Butcherblock Mountains"
182.380798 -118.825867 -163.935699
739.847046 24.002501 519.887817
739.540771 24.002501 530.229309
739.468994 74.197662 532.651184
709.283447 114.126007 535.748108
674.444275 150.241516 535.102844
639.760986 186.556000 533.888550
604.578491 222.658417 533.701294
568.910156 258.355560 534.582031
522.806458 274.384033 522.977356
473.186401 274.354034 514.670593
423.866547 274.354034 506.414398
374.084198 274.354034 498.080597
324.469116 274.354034 489.774719
274.890900 274.354034 481.475159
225.330734 274.354034 473.178741
176.649368 274.354034 461.577515
133.390564 274.354034 436.109802
89.993507 274.354034 411.037689
46.596581 274.354034 385.965515
3.102385 274.354034 360.837006
-42.139744 274.354034 338.484436
-90.856964 270.383331 327.891266
-140.125916 261.635559 328.714752
-188.095734 253.388962 341.645721
-227.433212 245.970459 372.055054
-267.016479 238.723343 402.017914
-306.420197 232.218735 432.659882
-344.723236 225.726974 464.299896
-382.830994 217.316467 495.701508
-421.040863 208.838440 527.186462
-458.653778 198.592911 559.034363
-480.393158 172.539673 596.278137
-483.715332 162.603577 609.339294
-451.762238 157.029816 647.536804
-415.541168 166.932602 681.002441
-377.289795 176.634415 712.380005
-334.050598 183.439606 736.916443
Custom
FlyDown
-320.925446 184.672394 745.035706
Custom
HailActor Danak 8
-306.034851 184.320267 754.229492
-309.809265 207.363953 752.130737
-347.217590 212.849106 723.651794
-386.548248 204.012787 693.700012
-422.434631 182.207611 666.428589
-459.399811 166.181274 636.562622
-496.378967 150.563339 606.277710
-475.732086 176.031174 568.479797
-438.369781 194.651260 540.678345
-397.803741 197.403519 511.118103
-357.252960 200.154770 481.569122
-316.732422 202.903961 452.042145
-276.060608 205.663315 422.404907
-235.915451 212.785828 393.151489
-196.768906 225.538132 364.626434
-156.247757 225.540070 335.100342
-112.101791 225.541031 311.256989
-61.961170 225.541031 314.705139
-19.511963 225.541031 341.176270
19.836765 225.541031 372.126923
59.347595 225.541031 403.204834
98.843620 225.541031 434.271332
141.077286 225.541031 461.595490
191.093903 225.541031 463.746948
239.164856 238.706528 458.141510
287.816315 250.506363 452.468353
337.709625 250.506363 446.650330
387.826477 250.506363 440.806122
432.958099 229.673172 447.408142
473.958374 202.741867 458.304504
514.993469 175.797012 469.210144
555.983093 148.882233 480.103577
596.835144 122.057877 490.960480
637.656189 95.253632 501.808807
678.538513 68.409218 512.673767
719.375122 41.594910 523.526917
Custom
FlyDown
737.807556 30.120092 528.375427
737.812622 24.002501 520.022888
ClickActor
mariners_bell
737.771301 24.002501 518.026062
Wait
50
737.771301 24.002501 518.026062
Custom
TravelMap "The Feerrot"
737.771301 24.002501 518.026062
Custom
FlyUp
103.857910 -0.532102 -127.477249
93.861664 47.317360 -115.039360
67.265373 73.700417 -81.463913
33.052078 76.506271 -44.563644
-10.724611 72.293549 -19.921179
-46.460499 71.940285 15.661285
-81.773132 71.787613 51.358509
-117.270256 71.634163 87.242462
-152.398453 74.910889 123.583069
-183.821808 74.751854 162.569214
-219.173950 74.599022 198.306488
-254.631607 74.445709 234.150513
-299.638702 76.543419 256.188934
-347.515564 86.314224 266.974365
-396.250031 87.717094 279.342529
-445.343597 87.724876 291.597076
-494.207214 87.730904 303.794098
-542.725342 87.730904 315.904907
-591.443726 87.730904 328.065704
-640.318359 85.620667 340.353821
-686.998962 77.838509 357.459900
-727.067932 71.158615 386.813324
-768.262878 71.449150 416.178894
-809.347900 74.679039 445.136414
-849.674805 77.599571 474.574188
-888.116516 79.130516 507.103333
-926.472595 80.658035 539.559692
-964.839050 81.325027 572.040527
-1003.145020 80.488556 604.497314
-1040.601807 79.670639 637.880005
-1074.063232 78.939934 675.971741
-1106.402100 78.198547 714.289063
-1138.841064 72.504051 752.255859
-1171.292358 66.807404 790.237122
-1203.707764 61.117107 828.176025
-1236.248047 58.658504 866.515747
-1268.695801 58.225071 904.929871
-1301.262939 56.200939 943.468811
-1333.643188 55.495842 981.832703
-1365.876953 54.232918 1020.075195
-1414.714355 54.042515 1030.822510
-1464.693481 52.521446 1028.385498
-1514.984619 52.264072 1025.844116
-1564.963867 52.220448 1023.303040
-1614.924316 51.967415 1020.773804
-1657.152222 50.413830 993.724548
-1692.310913 49.846169 957.802734
-1727.563477 49.846169 921.756653
-1762.619141 49.846169 885.911560
-1797.609375 49.846169 850.133301
-1822.273315 49.846169 806.531372
-1840.098877 49.846169 759.788147
-1858.082153 48.365337 713.039673
-1876.116211 46.937832 666.147949
-1897.421387 39.244156 621.473633
-1916.086914 17.003664 580.691711
-1930.916992 -7.670992 539.595459
Custom
FlyDown
-1935.605225 -14.749714 525.930969
-1936.311890 -15.983932 515.988342
-1936.686279 -19.314665 506.510834
-1932.688965 -22.050474 497.702881
-1925.226807 -22.874434 490.846039
-1917.841431 -24.398916 483.899902
-1912.113037 -25.105068 475.415588
-1909.165161 -24.892876 465.770538
-1907.790527 -23.260223 455.705170
-1907.973267 -23.317503 445.444275
-1908.462524 -24.039217 435.217804
-1909.021851 -25.192881 425.079193
-1909.372559 -25.391624 414.931122
-1908.488647 -24.978271 404.908508
-1903.355469 -25.084429 396.000427
-1896.468872 -25.040228 388.657318
-1895.708374 -25.065056 387.930664
-1886.927368 -25.064817 393.303406
-1878.547607 -25.390709 398.903931
-1870.394531 -26.501572 405.065979
-1863.506226 -25.933920 412.656586
-1857.572632 -25.700712 420.947998
-1851.868042 -27.526922 428.989624
-1846.109741 -27.851997 437.284851
-1840.299805 -28.053944 445.509399
-1834.434570 -27.854809 453.934265
-1828.220825 -24.465405 461.293335
-1828.359619 -24.465401 461.197235
ClickActor
Shard
-1828.090332 -24.465401 461.058960
Custom
WaitForZoning
-1828.090332 -24.465401 461.058960
-1.874760 11.564969 477.851074
6.290880 7.888175 469.278381
13.318018 7.888658 461.887726
20.427004 7.723024 454.410980
27.388557 6.988307 447.115692
34.653271 5.516962 440.083588
42.338940 4.844905 433.363495
50.229401 4.666517 426.709473
58.166073 4.576075 420.241699
66.070122 4.245764 413.800598
74.061203 3.840085 407.288635
82.021393 3.595154 400.872498
90.090034 3.496237 394.547668
98.074913 3.844126 388.324219
106.185646 4.380925 382.002686
114.072571 4.552045 375.855652
122.092468 4.555742 369.604950
130.001740 4.536950 363.440460
138.076996 5.294995 357.146729
146.107986 5.893267 350.887482
153.995148 6.077049 344.740204
162.059326 6.238746 338.455139
170.068176 6.377130 332.213104
178.099167 6.750943 325.953796
185.670105 7.449735 319.205627
187.840729 8.966666 309.445068
189.834320 11.588919 299.588715
191.800110 13.705081 289.869873
193.771469 15.397739 280.123505
195.728912 17.109564 270.445892
197.718689 19.220625 260.488953
199.097641 21.421318 250.788254
200.041779 23.380857 240.988083
201.006317 25.624308 230.978531
201.949356 27.860041 221.192307
202.924698 30.379438 211.071045
203.881180 32.243717 201.145264
204.828201 34.116226 191.317184
205.810242 35.685551 181.126129
206.758652 37.481789 171.284073
207.763519 39.247398 160.855682
208.736130 40.505413 150.762390
209.702011 42.187595 140.738861
210.658539 43.071918 130.813080
211.639252 44.163471 120.635979
212.599792 45.194466 110.668297
213.585892 46.090042 100.435379
214.575974 46.918530 90.160576
215.548599 47.554153 80.067253
216.509109 49.676933 70.099564
217.464249 51.807507 60.187737
218.422058 53.772175 50.247986
219.370453 56.448402 40.405956
220.356537 57.739075 30.173035
221.332458 58.581509 20.009594
214.655670 59.424110 12.499554
204.950684 60.433445 9.687313
195.029221 61.198769 7.663044
184.884827 61.543415 5.607975
175.070343 60.619473 3.619735
165.338318 58.573093 1.648203
155.647583 56.900940 -0.314974
145.420990 56.627357 -2.199871
135.194061 56.112671 -1.150724
124.932121 56.511852 -0.993907
116.487473 57.043266 -6.369727
107.066177 56.708534 -10.479878
97.272690 56.296833 -8.121223
87.909218 54.877197 -4.377960
78.574257 53.158642 -0.638897
69.291382 52.609592 3.079306
59.380543 52.091911 5.454552
49.229519 51.567287 5.504067
39.110020 50.398586 4.859099
29.065449 49.708553 4.153644
19.388140 49.137897 1.287349
13.247746 49.132103 -6.628118
10.264886 49.299782 -16.406889
9.303299 48.145641 -26.477741
8.732065 46.639893 -36.348789
8.117843 44.039970 -46.161118
7.523774 40.355335 -55.651497
6.951611 35.889080 -64.791931
6.394343 30.974787 -73.694389
5.864237 25.404501 -82.162949
5.316135 20.229229 -90.993782
5.182297 15.294317 -99.733856
5.155163 11.073370 -108.902206
5.115293 7.462067 -118.326813
4.983654 4.463211 -127.876953
4.781775 1.775685 -137.972870
4.545390 0.543241 -148.166275
4.313557 0.028913 -158.163361
4.078798 0.230637 -168.286652
3.842412 0.954039 -178.480057
3.641764 0.937011 -188.730225
3.540477 0.566915 -198.799667
3.439048 0.203266 -208.883179
3.220520 0.122403 -219.048096
2.730974 0.086811 -229.344864
2.245512 0.002384 -239.585678
1.958416 -0.619700 -249.805771
1.700270 -1.919045 -259.830322
1.443332 -2.465622 -269.910980
1.711944 -2.360773 -280.242462
Custom
HailActor Essence 8
1.809438 -2.197472 -287.944244
1.998229 -2.380298 -277.881927
2.224713 -2.478801 -267.554230
2.458201 -1.570938 -257.472961
2.688766 -0.482274 -247.517853
2.920305 0.066700 -237.520721
3.151994 0.088743 -227.439453
3.216938 0.127242 -217.425873
3.272876 0.249899 -207.426224
3.329991 0.605584 -197.216202
3.387577 1.000419 -186.922089
3.426270 0.953715 -176.866318
3.319367 0.121174 -166.825027
3.198397 0.037160 -156.797882
3.076919 0.648341 -146.728760
2.955440 2.111191 -136.659607
2.885247 4.636252 -126.912590
2.851964 7.866072 -117.081108
2.931144 11.601543 -107.698952
3.070797 16.040722 -98.485634
3.314033 21.026054 -89.583084
3.587523 26.284164 -80.891876
3.855536 31.678692 -72.396950
4.164285 36.585457 -63.342083
4.454464 40.913795 -54.118336
4.674298 44.429134 -44.471653
4.895411 46.850887 -34.768875
5.161783 48.350872 -24.800676
5.568668 49.224426 -14.626688
6.495728 49.193119 -4.514746
10.333379 49.396397 4.972325
18.948627 49.353867 10.125484
28.914970 49.461105 12.071171
39.065220 49.618637 12.765744
48.961182 50.675533 11.540576
58.834972 51.333672 8.769159
68.348404 51.980469 5.598488
78.031586 52.537811 2.232568
87.694572 54.497772 -1.276127
97.000122 55.971867 -4.700137
106.514496 56.614468 -8.205653
116.227432 57.155354 -11.223203
126.436234 57.012211 -11.034698
136.683914 57.114140 -9.412687
146.552780 57.422413 -7.026731
156.346848 57.817055 -4.567795
166.372162 59.054508 -2.050800
176.047775 60.917461 0.417696
185.630386 61.598278 3.663808
194.864960 61.231689 7.852599
203.805069 60.707344 12.674497
211.286255 59.758801 19.255896
216.477173 58.326588 27.725704
219.989655 56.971230 37.308338
221.747391 54.113686 46.738945
221.911942 51.229454 56.345718
220.779160 49.605785 66.516594
219.396820 48.300289 76.349602
217.985214 47.182594 86.390930
216.581390 46.360146 96.376709
215.171722 45.542912 106.404152
213.775711 44.832493 116.334373
212.328979 43.628361 126.625710
210.862335 42.601704 136.715530
209.223938 41.456665 146.565994
207.557037 39.982761 156.568161
205.883224 38.757851 166.611801
204.200226 37.069054 176.710800
202.512558 35.622650 186.837463
200.871048 33.968464 196.687408
199.206467 32.352165 206.675751
197.576462 29.772161 216.456543
195.934906 27.251564 226.306534
194.293381 24.882425 236.156464
192.665665 22.774618 245.923462
186.452850 20.909763 253.723587
179.295807 19.560122 260.928925
172.692245 18.367966 268.362640
165.085907 17.418562 275.140411
155.731415 16.855225 279.657379
145.648697 16.990999 280.479889
136.243835 19.367844 277.173615
127.662369 20.390461 271.986603
118.973518 20.349731 266.705658
110.008347 20.158674 261.589325
100.657990 20.157984 257.607269
90.347321 20.157991 256.202301
80.312073 20.157997 255.842911
70.116760 20.158600 255.709549
59.725330 20.096529 255.559372
49.670963 20.157991 255.384323
39.602570 20.158001 255.209061
29.506117 20.157999 255.033295
19.395609 20.157959 254.857285
9.197618 20.157812 254.847656
-0.651392 20.157770 256.706757
Custom
Target mass
-6.604754 20.157711 259.501556
Wait
50
-6.604754 20.157711 259.501556
1.400686 20.157806 253.272919
10.723002 20.157904 248.997208
20.811390 20.104454 247.660400
31.259655 20.138453 247.611801
41.575531 20.158115 248.759308
51.429832 20.158022 252.119980
61.221886 20.092125 254.469376
71.093735 20.158428 256.639435
81.005058 20.157993 258.163879
91.014221 20.157995 259.782898
100.913773 20.157997 261.771667
110.841454 20.158968 264.582977
120.462341 20.417984 267.508881
130.069778 20.638458 270.430511
139.798019 19.847828 273.388947
149.408066 18.666140 276.302002
159.294708 16.893744 278.379120
169.266052 16.301809 277.715881
178.578003 16.596027 273.837524
186.509995 17.871941 267.574402
192.197372 19.825720 259.310455
196.161743 21.647346 249.951843
198.868103 23.579189 240.344910
200.326172 25.816729 230.442200
200.469269 28.226055 220.425797
200.269699 31.096544 210.582291
200.371490 33.325615 200.416473
200.899094 35.320045 190.416901
201.564056 37.102901 180.565735
202.229965 38.930756 170.700562
202.915619 40.729187 160.543549
203.650711 42.299377 150.555695
204.793808 43.534290 140.448837
206.280197 43.554459 130.114151
207.817169 43.855717 120.163033
209.356461 45.069874 110.197250
210.942841 46.204842 99.926514
212.484222 47.077263 89.946861
214.034210 48.057735 79.911751
215.569153 50.106506 69.973656
217.119095 52.067631 59.938534
218.636932 53.759686 50.111343
220.144073 56.265057 40.353443
219.524399 57.770771 30.172459
215.714523 59.147972 20.871639
211.512299 59.786064 11.693832
203.992325 60.455799 4.923460
193.813492 61.092369 3.570562
183.687668 61.578453 2.708226
173.894058 60.437546 0.930806
164.409836 58.657425 -1.710621
154.662094 57.638798 -4.503969
145.008682 57.377964 -7.270272
135.247467 57.092865 -10.067485
125.330849 57.108284 -12.765949
115.096710 57.106888 -12.408398
105.230255 56.644348 -9.690753
95.560005 56.079742 -6.686843
86.050491 54.521004 -3.732859
76.393639 53.318455 -0.733109
66.730598 53.015755 2.197743
56.895313 52.226723 4.636749
46.865829 51.387367 5.232179
36.905655 50.136253 4.355672
26.960400 49.661606 2.315385
18.409777 49.114212 -3.261407
12.632410 49.319653 -11.625788
9.702235 49.056602 -21.519005
8.448153 47.386459 -31.651880
7.887565 45.451210 -41.537426
7.506585 42.211632 -51.277351
7.147532 38.117397 -60.456707
6.784642 33.246967 -69.734161
6.407764 27.811169 -78.660103
6.032789 22.326275 -87.136917
5.633642 17.436808 -96.160202
5.241313 12.762080 -105.029358
4.819235 8.866250 -114.571060
4.402114 5.505322 -124.000671
3.970120 2.912180 -133.766541
3.527588 1.006479 -143.770584
3.076997 0.106153 -153.956772
2.626406 0.060411 -164.142975
2.183253 0.962068 -174.161087
1.833513 1.078604 -184.264511
2.292079 0.737315 -194.309753
2.449796 0.365255 -204.490585
2.193702 0.154308 -214.685699
1.945802 0.102572 -224.797775
1.713839 0.078819 -234.991135
1.702605 -0.340913 -245.243027
1.738252 -1.276496 -255.354980
1.773504 -2.506142 -265.354919
1.846530 -2.405943 -275.466644
1.865009 -2.320637 -285.590485
Custom
HailActor Essence 6
1.735971 -2.111945 -288.897858
2.467962 -2.366296 -278.698395
3.030739 -2.460254 -268.397125
3.573250 -1.685050 -258.369965
4.114248 -0.536707 -248.370804
4.656757 0.057945 -238.343597
5.200025 0.073920 -228.302353
5.749353 0.106025 -218.149094
6.168483 0.222444 -207.766678
6.265838 0.562237 -197.655167
6.374810 0.851406 -187.557693
6.484235 0.792284 -177.418182
6.594720 0.170154 -167.180420
6.703994 0.033023 -157.054932
6.812360 0.638177 -147.013580
6.922390 2.174690 -136.817947
7.000046 4.781697 -127.043106
6.503878 7.863276 -117.477112
5.990352 11.397964 -108.122520
5.489897 15.726828 -99.005974
5.010965 20.622234 -90.281563
4.539720 25.733902 -81.697174
4.116641 31.280823 -73.096687
4.553628 36.172600 -64.167633
5.347634 40.527771 -55.100105
6.168557 44.098171 -45.725201
7.032300 46.687309 -35.861301
7.900937 48.217854 -25.941511
8.846694 49.281631 -15.719825
13.064999 49.148930 -6.305399
21.031395 49.273003 0.009114
29.890961 49.679035 5.022072
39.611862 50.032284 8.390143
49.583687 50.970142 9.366629
59.698143 51.447182 8.020391
69.588364 51.969032 5.779786
79.227180 52.497086 2.864758
88.591774 54.561539 -0.694325
97.746567 56.066166 -5.119197
106.791008 56.666637 -9.482318
116.514847 57.172119 -11.906853
126.714806 57.124180 -12.652049
136.637680 57.211155 -10.710755
146.481369 57.557861 -8.726037
156.435043 58.108738 -6.719146
166.374969 59.528152 -4.715026
175.998856 61.193569 -2.085167
185.171112 61.619881 1.897983
194.108414 61.207626 6.382720
201.964111 60.941418 12.574353
208.507217 60.086548 20.135508
215.146072 58.464069 27.911083
219.947296 57.014225 37.008900
222.262085 54.029606 46.569088
222.297546 51.198441 56.204536
221.262863 49.686481 66.094185
220.197556 48.389904 76.107574
219.117447 47.269096 86.260422
218.053604 46.393715 96.259888
216.991318 45.706486 106.245384
215.929001 45.021133 116.230888
214.874115 43.731594 126.146645
213.816269 42.483292 136.090469
212.770279 40.926624 145.922729
211.733154 38.883717 155.671341
210.676773 37.590858 165.601242
209.613007 35.978203 175.600845
208.486877 34.428898 185.535950
206.326324 33.036892 195.270477
204.065811 31.478104 205.025818
201.833817 29.593868 214.658249
199.519562 27.354794 224.645874
197.198944 24.986425 234.660843
194.973282 23.022860 244.265915
192.760345 20.913532 253.816360
190.455566 18.960192 263.762970
188.128647 16.573456 273.805359
185.903030 14.785422 283.410370
183.671051 12.732743 293.042725
181.464417 10.396157 302.565857
182.907562 7.250278 320.897736
176.070923 6.543115 328.396423
169.252380 5.943770 335.856171
162.420639 5.314435 343.330383
155.598282 4.994530 350.794312
148.721832 4.460154 358.044647
140.201416 4.012382 363.783020
131.692963 4.257150 369.393250
123.128098 4.355226 375.328735
114.827538 4.273219 381.079437
106.457825 3.883394 386.878113
98.145767 3.411810 392.636810
89.672279 3.098758 398.507324
81.319565 3.359642 404.426117
73.200630 3.709763 410.594086
65.105629 4.172372 416.770447
56.966022 4.503891 422.980865
48.970715 4.631801 429.170380
40.211792 4.960745 433.787323
32.740734 5.778359 440.740601
25.065229 7.215759 447.075317
17.138334 7.704957 453.730865
9.923439 7.888320 461.276886
Custom
Zone -3 479
0.149817 9.409314 475.398407
-1839.999146 -28.101080 444.390503
-1846.006470 -27.822891 436.352875
-1852.056396 -27.449461 428.257324
-1858.185425 -25.439058 420.056305
-1864.196655 -26.025648 412.012482
-1870.908813 -26.394096 404.375427
-1879.482056 -25.400234 398.655548
-1887.231934 -25.066057 391.927551
-1897.245850 -25.020586 392.836517
-1906.701050 -25.081049 396.832184
-1915.566650 -24.887691 401.583832
-1913.923584 -24.918812 411.451660
-1911.584717 -25.154638 421.403564
-1909.503052 -24.640726 431.384521
-1908.010254 -23.160244 441.182251
-1908.851563 -23.129572 451.306244
-1909.132690 -23.903942 461.428101
-1909.394165 -25.028801 471.733154
-1914.935791 -24.807501 480.230835
-1921.377075 -23.618122 487.940857
-1927.771118 -22.242157 495.731018
-1932.679932 -19.518105 504.405396
-1936.973877 -16.913382 513.098145
-1939.073364 -16.669769 523.199463
-1938.478882 -18.740294 533.072388
-1937.163696 -20.355486 542.971252
-1935.639160 -22.050579 552.925293
-1928.622437 9.054329 591.808533
-1919.226440 42.310249 628.089783
-1896.814697 49.898884 672.657043
-1873.362793 49.238403 717.266541
-1849.785767 49.237293 761.897095
-1826.244019 49.236176 806.461121
-1802.580078 49.235069 851.257263
-1779.195923 49.233967 895.523132
-1755.680420 49.232861 940.037598
-1732.217773 49.231762 984.452759
-1708.265381 49.028069 1028.703613
-1660.487427 52.551769 1044.499390
-1610.834473 53.616615 1051.307373
-1560.948730 54.059677 1057.378784
-1511.381226 53.815468 1050.674927
-1461.756958 53.548298 1042.116211
-1412.436401 54.176319 1031.869263
-1371.835083 53.556606 1002.242126
-1331.701660 55.515949 972.126526
-1291.480225 55.755688 941.835693
-1251.473755 55.764030 911.678223
-1211.462158 55.325497 881.453735
-1171.096680 55.149578 851.000610
-1130.969971 55.149578 820.752014
-1091.008423 55.149578 790.627808
-1050.731934 55.149578 760.266418
-1010.785217 55.149578 730.153625
-970.838806 55.149578 700.040466
-930.727356 55.149578 669.802979
-890.665955 55.481033 639.603149
-851.263367 64.775063 609.900024
-811.077576 64.775063 579.607178
-770.981323 64.775063 549.381653
-732.317627 78.431068 520.235474
-691.906982 78.431068 489.772858
-651.780945 78.431068 459.524628
-611.849731 78.431068 429.423004
-571.858521 78.431068 399.276245
-531.897400 78.431068 369.152130
-491.229492 78.431068 339.345978
-448.357849 78.431068 313.051910
-405.589874 78.431068 286.814087
-362.965820 78.431068 260.664642
-320.245728 78.431068 234.456192
-277.509583 78.431068 208.237976
-234.661621 78.431068 181.951096
-191.605972 78.431068 155.536804
-148.089966 78.431068 130.765137
-108.723045 74.951141 99.421005
-75.164818 73.396233 61.890102
-41.839489 73.396233 24.430883
-8.327229 73.396233 -13.238473
26.064678 67.517197 -49.466518
60.557003 51.809998 -82.627922
88.261276 21.568424 -111.585434
Custom
FlyDown
97.854362 9.960167 -122.114563
103.122513 -0.533990 -130.445068
107.959007 -0.987830 -137.107239
ClickActor
mariners_bell
107.959007 -0.987830 -137.107239
Wait
50
107.959007 -0.987830 -137.107239
Custom
TravelMap "Fens of Nathsar"
107.959007 -0.987830 -137.107239
181.873810 -118.825867 -164.801926
181.873810 -68.451149 -164.801926
181.873810 -18.238668 -164.801926
166.871170 26.152662 -183.491653
145.340790 61.379910 -211.860291
124.892723 94.089264 -244.239853
98.563477 107.019348 -284.752869
71.261627 111.579468 -326.762360
43.914455 112.524765 -368.841217
16.516165 113.471870 -410.998779
-10.759509 114.414749 -452.967712
-38.178215 115.362541 -495.156738
-65.668465 116.312828 -537.456116
-92.881256 119.569054 -579.329163
-118.530891 137.561890 -618.796814
-144.773102 139.570572 -661.928345
-167.114563 154.655045 -704.388672
-187.261795 154.655075 -750.620178
-191.822769 151.181976 -800.548767
-184.942261 144.742462 -849.735229
-163.844879 138.690887 -894.917908
-135.523773 133.258377 -935.770508
-107.170830 127.819778 -976.669067
Custom
FlyDown
-106.812485 100.457726 -1040.574463
-100.322052 31.664120 -1043.876221
-91.418457 31.638451 -1048.572876
-83.950371 26.018517 -1052.318115
ClickActor
Cabilis
-80.218918 23.063875 -1054.189453
Custom
WaitForZoning
-80.218918 23.063875 -1054.189453
104.008827 -10.497500 220.051666
93.959961 -10.497500 220.552231
83.894470 -10.497499 220.836945
73.724129 -10.497500 221.049393
63.739147 -10.247500 221.943497
53.726177 -10.497499 222.961517
Custom
HailActor Xuurk 14
52.320377 -10.497500 223.091171
