-95.584183 78.122375 4.409531
Custom
CheckZoneVersion "gate entrance"
-82.575233 78.122375 3.968499
-72.307350 78.122375 3.893797
-62.103046 78.122375 3.498035
Custom
ArxEvent1
-54.904789 78.122375 4.509240
DontStopForCombat
Named
Life
CustomNamed
-42.978535 78.122383 4.232473
Custom
WaitForMob "Archon of Death" 100 0 0 600
-24.482141 78.122375 4.460631
Named
Death
CustomNamed
-24.482141 78.122375 4.460631
StopForCombat
-12.047209 78.122375 3.451625
-3.758833 78.122375 -2.446362
4.445442 78.122375 -8.344983
12.763152 78.122375 -14.367559
21.139687 78.122383 -20.308437
Wait
20
26.910908 78.242439 -23.770527
37.132549 77.972435 -24.138918
47.273861 77.965767 -24.203156
Wait
20
50.978287 77.958183 -24.008659
51.447052 77.969238 -13.820020
51.882431 77.969238 -3.686034
52.320240 77.969246 6.409259
62.281940 77.969238 4.194305
72.367462 77.969238 3.320032
Named
Eternus
CustomNamed
85.466858 77.969238 3.287335
92.919823 77.969238 3.385248
82.714775 77.969238 3.340535
72.648262 77.969238 3.286808
62.457153 77.969238 3.465051
Wait
20
49.020458 77.969246 4.492789
