34.458580 -187.444641 262.680359
Custom
CheckZoneVersion "tunnel blocker on"
34.428082 -187.722015 249.495026
35.083103 -187.432068 246.042709
Wait
20
35.057571 -188.302933 217.779831
Wait
20
-25.467579 -188.296066 214.971802
Wait
20
-24.013865 -188.300217 276.329346
Wait
20
-25.083351 -188.297607 335.558929
Wait
20
34.513786 -188.297165 335.789093
Wait
20
96.099541 -188.294739 334.941681
Wait
20
94.021431 -188.299820 275.342163
DontStopForCombat
95.061432 -188.297302 238.779602
95.371216 -188.296539 220.552429
Named
Sekez
CustomNamed
95.708885 -188.260956 200.680527
StopForCombat
34.768784 -188.259125 199.938858
24.436596 -188.258133 199.500778
14.235806 -188.256775 198.983902
4.221089 -188.255966 198.654053
-5.778041 -188.255157 198.325729
-15.997972 -188.254349 197.990158
-26.233681 -188.253510 197.654068
-36.424713 -188.253342 197.681381
-42.478325 -188.254868 205.834824
-42.146679 -188.255646 216.064423
-42.052753 -188.255905 226.301361
-42.141579 -188.255676 236.414978
-41.595600 -188.256973 246.431534
Wait
20
-40.991440 -188.258499 256.448975
-40.801018 -188.258972 266.561768
Wait
20
-40.405132 -188.259918 277.998566
-40.651505 -188.259323 296.525970
-40.838188 -188.258865 306.575836
-41.027885 -188.258362 316.788727
-41.214252 -188.257904 326.823151
-41.400043 -188.259720 336.826141
-41.589134 -188.257019 347.460327
-31.912561 -188.261017 350.497650
-21.771822 -188.260071 350.880646
-11.708353 -188.259384 351.163300
-1.707781 -188.258698 351.444092
8.292793 -188.257996 351.725006
18.340687 -188.257324 352.007233
28.358255 -188.256790 352.223724
38.378181 -188.258530 352.311920
48.413891 -188.256348 352.400146
58.449608 -188.256134 352.488434
68.485329 -188.255920 352.576721
78.726212 -188.255707 352.666809
88.967087 -188.255463 352.756989
99.207954 -188.255234 352.847076
109.234718 -188.255005 352.939331
111.484917 -188.259171 343.009949
111.478264 -188.256943 333.001740
111.472313 -188.256958 322.776611
111.489693 -188.256912 312.772339
111.001198 -188.260284 302.672150
Wait
20
110.799843 -188.258606 296.483582
110.799843 -188.258606 286.428223
110.799843 -188.258606 276.262695
110.799843 -188.258606 266.211121
Wait
20
110.799843 -188.258606 265.453705
111.137802 -188.257767 275.581757
110.611679 -188.258987 285.634888
109.958786 -188.260635 295.901398
109.852631 -188.260925 306.067749
109.578285 -188.261597 316.262695
DontStopForCombat
109.481148 -188.261841 326.519714
109.578812 -188.261597 336.697693
109.009201 -188.262909 346.773041
Named
Voreth
CustomNamed
108.488686 -188.255814 352.614990
Custom
Venomcustompuzzle
-36.721031 -188.268921 347.077240
Custom
AutoConsume "Totem of the Otter" 1
-36.721031 -188.268921 347.077240
Custom
SwimUp -160
-36.721031 -188.268921 347.077240
Wait
20
-3.509695 -140.058914 313.872253
-3.509695 -140.058914 313.872253
Named
Nazza
CustomNamed
35.005032 -96.817757 276.104370
18.403959 -188.269943 347.399719
Wait
20
35.937302 -187.182098 328.080566
Wait
20
34.712975 -187.193558 275.936249
