Minds Behind the Barrage
Custom
HailActor "Waulon Highpebble" 4
700.774048 351.656097 41.952145
700.774048 401.754669 41.952145
746.076233 416.182892 26.206553
793.334473 413.565308 9.760345
840.031494 413.173706 -8.703533
886.431763 413.173706 -27.588915
932.569885 413.173706 -47.502880
978.656372 413.173706 -67.394493
1024.845825 413.173706 -87.330681
1059.557129 378.954620 -98.554771
1086.398682 339.431183 -113.307228
Custom
FlyDown
1114.561035 301.900482 -127.615822
Wait
50
1123.245850 286.293396 -125.795242
Custom
PathKill 42 35 35 1 1 1 "an Akhevan attacker" "I have slain the other Akheva I found within the craggy peaks of Highpass" 1
1123.245850 286.293396 -125.795242
1121.891235 288.224274 -115.925613
1119.379028 293.137329 -107.237999
1115.672241 299.517792 -100.347000
1113.034058 307.537018 -94.453865
1109.397339 314.789886 -88.438393
1104.571533 322.156830 -83.371590
1098.574829 329.471924 -79.548508
1091.997559 336.351166 -76.227890
1085.144409 343.362915 -73.398689
1078.262573 350.303192 -70.574364
1072.047729 358.450012 -70.603699
1063.927368 364.291595 -71.511673
1056.705811 361.651123 -64.934433
1051.964722 368.907074 -59.526089
1046.028442 376.736053 -57.081036
1038.662720 383.338776 -55.584774
1033.313232 390.491852 -50.960190
1024.187256 388.762451 -46.994061
1014.378967 388.261749 -44.578030
1004.377502 387.593903 -45.734196
994.940979 389.075165 -48.992340
985.687378 388.046417 -52.908653
995.789307 389.603088 -52.782536
1003.466553 389.189819 -46.315422
1007.734131 382.901886 -39.468555
1016.833069 382.090881 -34.877399
1026.732422 383.365417 -32.568668
1036.679199 385.871704 -32.250599
1046.184570 389.167938 -32.831070
1055.529053 387.133270 -29.578537
1058.999146 384.263123 -20.631670
1060.245239 381.680878 -10.712562
1061.189331 381.533325 -0.677172
1062.262451 381.849518 9.266546
1068.919434 377.386261 3.037194
1072.305420 374.465790 -6.038277
1079.421387 372.342499 -13.055807
1086.741089 372.496674 -20.051359
1094.131836 374.099670 -27.157158
1101.422241 378.920837 -32.585499
1110.126831 382.348907 -36.573307
1110.560791 382.444122 -36.760174
1123.061890 286.268066 -125.965744
1123.061890 286.268066 -125.965744
1123.061890 336.605713 -125.965744
1116.753540 386.020477 -119.843575
1088.375000 417.726593 -93.265434
1051.284058 421.404388 -59.861660
1013.941101 421.404388 -26.577267
976.583862 421.404388 6.721026
939.114563 421.404388 40.119125
901.421204 421.404388 73.716797
863.825928 421.404388 107.227127
826.174622 421.404388 140.787338
788.677246 421.404388 174.210419
751.067749 421.404388 207.733398
713.624512 420.509613 240.862579
668.520935 409.536072 259.812836
Custom
FlyDown
659.789734 398.983063 262.592529
Wait
50
659.789734 393.662140 262.592529
Custom
HailActor "Waulon Highpebble" 2
659.789734 393.662140 262.592529
