Redeeming Qualities
Custom
HailActor "Kitkalla" 7
929.936707 13.441447 -1009.691711
939.855652 11.124326 -1010.121155
950.031616 10.691502 -1011.835388
959.944519 10.723078 -1014.775757
967.919556 11.383481 -1021.035828
968.543274 11.488126 -1031.098755
961.247131 10.141375 -1037.964478
952.512939 8.664668 -1042.992432
943.356506 7.056469 -1046.893921
934.865051 6.838696 -1052.243530
Custom
PathKill 28 25 25 1 1 1 "an adamantine karkata" "I have collected enough shells" 1
930.204651 7.026176 -1055.897217
920.864136 7.297386 -1062.052490
911.114136 6.185037 -1065.369385
901.973755 5.871697 -1069.850952
905.834229 6.546286 -1079.110962
910.480713 6.091265 -1088.202148
915.134644 6.034746 -1097.302368
920.188660 6.337879 -1106.201050
925.472290 6.195581 -1114.804077
931.010193 6.362880 -1123.294067
937.197327 6.671297 -1131.509399
928.823975 6.279881 -1137.180664
919.125061 4.543886 -1139.781372
909.195740 4.572596 -1142.448975
899.509766 4.600385 -1145.051270
889.678406 4.612787 -1147.644897
879.920166 4.619622 -1150.354736
870.531006 6.577173 -1153.226074
860.314758 6.754560 -1153.257080
852.043701 6.753290 -1147.408081
847.781616 6.754560 -1138.243164
845.111328 6.659187 -1128.166016
839.960327 6.769812 -1119.301758
832.656799 6.761389 -1112.195679
823.658325 6.842457 -1107.253296
814.427979 6.800283 -1102.973389
805.678955 6.200551 -1097.780273
797.816101 6.190863 -1091.096558
795.363342 6.364240 -1088.516846
929.769104 7.047794 -1056.159546
929.769104 7.047794 -1056.159546
929.794861 57.087379 -1056.162476
949.028748 80.468529 -1016.177917
972.899963 80.468529 -972.070557
978.473206 80.468529 -922.117920
978.491333 80.468529 -871.853455
968.589722 80.468529 -822.536987
958.965576 80.468529 -773.217468
930.144836 71.861053 -733.234131
902.694214 54.920631 -694.875977
875.182068 37.942158 -656.431580
Custom
FlyDown
853.578674 26.020071 -613.557495
Custom
PathKill 62 35 35 1 1 1 "an animated coral" "I have enough coral" 1
853.576233 9.276753 -613.558167
845.435974 8.207452 -607.499695
837.068481 6.787235 -601.957825
827.657654 4.707470 -598.469116
817.820129 4.527840 -595.807129
807.898804 4.580777 -593.307556
802.689087 4.560834 -584.612732
804.992615 4.597247 -574.721313
807.281616 4.611157 -564.891785
810.095459 4.618415 -555.111023
813.549805 4.619768 -545.687134
817.437866 4.621387 -536.332764
821.903748 4.622361 -527.213501
826.156677 4.620354 -518.144958
830.394531 4.623427 -508.639648
832.554199 4.623239 -498.739471
830.759888 4.619290 -488.847504
828.118835 4.624227 -479.067322
826.296997 4.623496 -469.148621
824.764221 4.621540 -459.007355
823.244446 4.625644 -448.953369
821.821289 4.649672 -439.026306
821.518127 4.653679 -428.945404
826.634094 4.676802 -419.958984
833.838135 4.700332 -412.562439
841.888794 4.727557 -406.595490
851.556946 4.677483 -402.923706
861.691467 4.653061 -401.224609
871.679749 4.643221 -400.546631
881.930359 4.652234 -400.883942
891.958252 4.527606 -401.222168
902.061035 4.563042 -402.330536
912.089111 4.597531 -403.443726
921.982849 4.607389 -405.047546
931.615051 4.616777 -408.201935
937.688354 4.533432 -416.365356
938.626831 4.606767 -426.353577
940.209351 6.104789 -436.446320
945.820129 6.624448 -445.003174
953.618530 6.399184 -451.289795
962.779053 5.431489 -455.736176
972.276306 4.531373 -459.025848
982.372864 4.581886 -459.870514
992.443359 4.605921 -459.210663
1002.447815 4.609266 -457.882446
1010.466675 4.616398 -451.773499
1012.452576 4.667454 -441.848694
1016.851074 4.689643 -432.661652
1025.498657 5.464411 -427.611206
1035.291748 6.835605 -429.692627
1042.494751 7.316304 -436.714722
1037.512573 7.155243 -445.548004
1036.965088 6.322937 -455.791107
1040.635986 5.744322 -465.353394
1044.712646 4.596905 -474.576294
1048.386963 4.549871 -483.976166
1052.066162 4.611217 -493.389038
1055.558472 4.750746 -502.864929
1057.642090 4.949338 -512.811646
1059.437012 5.718968 -522.835999
1061.808228 6.214505 -532.575317
1065.824585 6.557248 -541.888855
1069.542603 6.699648 -547.010986
853.223450 9.260768 -612.666870
853.223450 9.260768 -612.666870
853.129089 59.382454 -613.397888
869.703247 68.532455 -659.755676
886.481934 75.546066 -706.685364
901.923035 95.499725 -749.874207
914.137085 98.474617 -798.312439
918.336304 101.898979 -848.218323
912.456360 105.951775 -856.200012
951.397278 90.544281 -878.573059
993.735413 68.484329 -894.459961
Custom
FlyDown
1027.887695 37.097210 -910.880493
Custom
PathHarvest 143 100 1 1 1 0 "TintFlags-12370" "I've gathered enough leaves" 1
1027.857666 29.037468 -910.895508
1025.557373 29.218462 -900.912842
1023.331848 30.791916 -891.091370
1021.120178 32.289219 -881.224915
1018.534119 33.509460 -871.322754
1014.161865 33.395485 -861.968628
1009.227478 32.603054 -853.070984
1003.836426 31.845142 -844.542786
997.751038 31.156273 -836.311829
991.350159 30.591827 -828.225647
983.630920 29.814417 -821.583679
975.131226 29.393230 -815.776123
965.499634 30.007339 -812.861450
956.420471 30.165924 -808.218445
950.736633 29.329863 -799.680969
945.683167 28.568659 -791.050537
940.875793 26.696899 -782.150635
938.151367 25.107136 -772.660095
929.121826 24.341671 -767.920776
919.181824 24.218716 -770.208008
909.356567 24.910494 -773.352600
899.625244 25.801077 -775.978149
891.377930 27.065269 -781.851807
887.924438 29.243891 -791.392761
885.845398 31.701443 -801.023499
885.602234 34.776604 -810.640625
883.917175 37.821575 -820.328735
876.361755 40.527641 -826.772827
866.737976 42.652695 -829.347412
857.175476 44.797852 -832.275635
848.053528 46.990177 -836.622681
840.118530 49.275131 -842.564453
833.492249 51.117100 -850.262695
826.909790 52.594162 -858.020935
820.427185 54.408737 -865.595093
813.892517 55.351284 -873.248901
808.061157 56.727730 -881.293457
803.407776 58.955021 -890.284363
800.902527 60.825737 -899.813660
805.254822 60.907425 -909.071045
809.123535 62.356998 -918.527710
809.052979 68.945343 -926.511169
807.616577 68.470520 -936.695679
803.776855 65.736320 -945.587891
798.939087 65.800835 -954.759644
793.514465 65.827896 -963.361816
787.308716 65.846016 -971.720032
777.880676 65.851563 -975.532776
767.916504 65.977455 -977.359924
758.434814 69.133499 -979.275757
748.637329 71.303780 -981.359863
738.912415 72.259506 -984.348389
729.288513 72.783791 -987.068787
719.726196 74.629349 -989.463562
714.032288 72.099922 -981.409302
718.331848 68.836792 -972.832825
721.053284 65.313789 -963.759033
722.566162 72.577629 -956.516663
722.937561 75.016914 -946.501648
721.614380 75.453362 -936.377869
718.618896 73.589157 -926.593811
712.792908 72.562698 -918.130005
705.299988 71.601318 -911.056213
698.379639 70.182419 -903.762268
689.981201 70.181969 -897.617676
681.733276 70.605103 -891.878113
671.718933 71.511299 -890.674683
664.743835 71.784218 -898.281616
655.737366 71.804192 -903.221985
646.062073 71.950371 -906.650879
636.158813 72.707672 -908.586975
631.234924 74.108932 -917.338013
629.569153 76.190720 -927.056152
628.893799 80.529800 -936.561523
625.315308 85.758018 -944.410583
624.956177 85.632706 -944.179199
621.802429 81.726082 -935.240784
619.017395 77.346153 -926.455200
615.455933 76.402420 -916.828491
611.465393 75.266441 -906.957703
607.817200 72.906136 -897.933838
603.956604 72.693657 -888.384094
600.062439 74.185394 -879.087280
593.118408 75.365440 -871.712769
583.667419 76.998360 -867.662537
574.229187 78.405510 -863.737671
565.426270 81.418419 -859.723083
556.573853 81.761497 -855.002136
547.915894 78.219955 -850.733093
538.790649 76.084862 -847.090820
529.231018 77.182480 -844.039185
520.980408 76.514580 -838.052185
527.281555 76.970337 -830.249573
530.323914 79.927887 -821.033020
535.592285 81.915878 -812.453247
541.370178 83.661232 -804.097839
545.892273 85.852837 -795.214172
551.596497 85.954063 -786.821106
556.276428 86.623230 -777.966064
557.332886 88.789345 -767.803894
556.550781 90.713356 -757.963074
555.346497 92.525429 -747.851563
549.660889 94.479721 -739.533508
544.023193 96.180000 -731.442932
538.485535 98.500107 -723.096802
536.474915 99.432304 -713.096313
535.525208 101.742325 -703.408264
533.476685 103.920120 -693.841614
539.881897 105.115700 -685.919067
547.141907 104.716797 -678.632690
556.337219 102.888931 -673.802551
565.808838 101.079445 -670.599182
575.184204 98.388977 -667.716125
584.697327 95.532150 -669.647705
593.058594 92.770035 -675.089233
601.006775 91.782585 -681.444885
607.898682 91.603485 -688.708008
611.778137 92.115936 -698.195068
609.833923 92.705238 -708.036133
605.191650 92.712090 -716.930298
600.775085 92.469215 -726.093567
597.385193 98.051369 -734.406494
594.832947 104.032837 -742.235107
595.288208 99.074097 -751.262268
595.793152 90.966286 -757.788330
596.359070 88.111694 -767.437683
596.154785 85.003456 -777.200623
603.569702 90.938301 -773.273865
609.353027 99.278069 -774.675415
616.912476 105.461151 -777.688354
621.206421 112.022697 -770.977173
627.530396 117.426727 -765.209412
635.422668 121.425446 -770.443298
643.222900 117.897423 -765.135620
651.111084 117.685593 -758.750427
656.483032 125.812050 -756.224792
664.670593 131.534607 -753.865601
674.102905 133.533890 -750.943787
681.746399 126.978180 -750.076477
687.923889 135.147034 -748.900024
695.539673 141.651871 -746.367615
704.000854 146.951569 -743.731262
712.868896 150.360260 -740.506836
714.598328 150.753479 -739.744446
1028.112183 29.061693 -910.814270
1028.112183 29.061693 -910.814270
1027.792847 28.305752 -920.902954
1025.892578 26.410223 -930.617920
1021.782654 23.895468 -939.631104
1017.675598 21.188818 -948.507874
1013.575317 18.573092 -957.370422
1008.911011 16.768873 -966.045776
1003.002930 15.211885 -974.226379
994.593384 14.441380 -980.355530
985.048462 13.875117 -984.376404
976.659546 13.375359 -990.566284
968.511414 12.832881 -996.867432
960.674622 11.465710 -1002.927734
951.659363 10.655984 -1007.877563
942.069092 11.035120 -1010.779724
Custom
HailActor "Kitkalla" 2
934.401428 11.386500 -1014.708557
