661.714844 47.777439 316.251099
Wait
20
679.384033 48.075455 313.425354
690.444702 49.078468 312.590485
700.429199 49.069275 313.467346
710.315735 49.124557 315.394836
Wait
20
727.097290 49.393795 318.552490
736.769348 49.347626 321.497345
Wait
20
747.702209 49.190250 330.944244
752.395386 49.013046 340.206787
Wait
20
757.934631 48.354889 352.485962
766.333496 48.473343 358.125244
Wait
20
773.053650 49.205055 363.382111
777.496582 49.132168 373.110229
783.627441 49.954704 385.625000
789.036255 50.348351 394.241638
794.319641 50.973557 402.889526
799.693542 51.472248 411.312805
Wait
20
805.191040 51.187572 418.341919
804.545898 50.588802 428.524200
803.904785 49.477863 438.487152
802.852051 48.001450 448.507263
801.429565 47.155678 458.663513
Wait
20
799.749512 47.705460 470.371552
808.275330 47.196976 465.072632
816.917480 47.317200 459.472931
824.933167 47.009602 453.434387
Wait
20
826.823181 46.922363 452.012573
Wait
20
835.843445 46.787529 454.880402
837.802063 46.341427 445.023224
840.925537 47.071621 435.542847
845.216370 48.862919 426.371124
Wait
20
848.652283 50.131577 420.952454
842.789551 48.347725 429.069061
837.254639 47.010735 437.709747
838.513916 46.378258 447.618866
848.450928 46.719299 450.020294
857.447815 46.941906 445.203552
862.906250 46.932163 436.808594
Wait
20
870.067322 47.529240 430.188049
875.770935 46.814903 438.730255
882.158997 47.535255 446.636841
889.294128 48.682411 453.721527
893.994385 50.708912 458.295685
889.620239 48.420166 451.822357
885.666199 46.857594 442.628235
885.106750 45.961639 432.467010
890.031311 46.228153 423.748779
898.932434 46.493633 419.006348
907.048035 46.044384 416.143707
896.909851 46.171436 415.144989
886.842834 46.177937 413.813110
877.787476 46.874043 409.535370
873.399658 47.660080 400.398529
877.246887 47.428764 391.156128
884.199341 47.394329 383.647766
878.044739 47.320221 391.911713
873.624084 47.614460 401.658844
872.667175 47.653030 404.891754
864.077698 48.694767 410.023804
855.085938 50.046539 414.913757
846.011414 50.547348 419.559326
Wait
20
811.844482 49.912022 428.673767
805.346680 51.143269 421.094849
799.183411 51.470551 412.724670
793.559509 51.019333 404.268860
787.944336 50.382702 395.615967
782.415833 49.955437 387.096497
776.887207 49.946907 378.529816
771.677551 49.218052 369.927917
767.768860 48.827030 360.388885
766.049744 47.661453 350.221954
765.966125 47.598427 340.050507
Wait
20
775.782837 47.633564 327.109528
767.010193 47.094894 321.901611
760.360779 47.043636 314.359558
753.998230 47.333916 306.292542
Wait
20
752.872192 47.230350 304.877167
763.095398 47.759037 306.630157
773.086304 47.992954 303.580322
782.390015 48.160744 299.216736
780.267334 51.781769 289.196869
775.823364 55.248966 280.803040
769.933899 56.909164 272.850067
763.580994 58.547302 264.904266
Wait
20
756.749268 59.455009 256.396637
764.096130 58.565506 263.310822
768.921021 57.253742 272.271454
773.632385 55.691380 281.173096
778.960510 52.157406 289.200653
785.375000 48.341057 296.140198
794.147888 46.749172 300.979889
804.374512 46.007988 300.019531
812.660889 45.358601 294.421204
817.102295 46.001999 285.281342
817.674500 47.176411 275.114624
816.671631 49.228683 264.676971
816.016602 50.679157 258.450958
Wait
20
826.533264 50.361237 257.119110
822.654541 48.511894 266.250275
828.667053 47.573524 274.581604
Custom
Target Loda 0 30
830.992737 47.135284 278.842865
Wait
50
830.992737 47.135284 278.842865
823.148254 45.814018 284.966553
815.106262 45.439342 291.393280
807.240479 45.976189 297.566223
805.562561 45.216892 307.447266
805.164063 44.831371 317.668884
805.111145 44.835873 327.758057
806.079346 42.677696 337.619690
806.472656 38.983768 347.209167
807.137817 35.829727 356.936584
809.052002 32.801102 366.422638
816.065063 29.861662 373.839478
825.992065 28.717802 375.489899
Wait
20
836.617798 28.100378 371.185272
827.584045 28.475246 376.269226
818.433716 28.370258 380.587372
Wait
20
806.844482 27.757927 390.144196
796.484192 28.378428 388.771851
788.356689 28.434814 394.887726
780.498291 28.711950 401.248535
772.106995 28.620678 406.903748
762.441406 28.397026 410.185577
751.401672 28.344830 411.452942
741.407227 29.013042 413.280029
731.876709 29.089106 418.742371
Wait
20
727.827515 29.084990 422.482605
736.164856 29.172907 416.618927
744.964905 28.725153 411.357056
754.739685 28.214119 409.000244
765.744324 28.311710 407.821259
775.827881 28.787954 406.202759
785.159790 28.416576 401.426147
793.292908 27.908598 395.412170
801.392212 28.015240 389.089020
806.639282 28.791918 380.305389
807.228516 31.380081 370.614471
807.529297 34.761646 360.946899
807.762878 37.479862 350.972748
807.743652 41.109127 341.328217
823.446899 44.032085 338.634308
830.079956 47.673950 334.554199
DontStopForCombat
835.565796 47.980240 330.188965
StopForCombat
Wait
20
869.337891 47.426746 313.079437
849.720825 46.012623 323.652893
832.162170 46.482819 330.670288
815.430420 38.891090 347.633942
808.752380 41.270046 340.509552
805.267151 44.236927 331.603882
800.859375 46.251904 322.650024
795.190308 45.712997 314.035248
791.837341 46.171818 304.622223
800.898438 46.264122 300.303223
Named
Kayzen
CustomNamed
825.303772 45.388275 292.812164
821.779602 45.102856 311.616150
808.347961 44.780746 320.403625
798.569641 46.168896 318.747406
788.474854 46.330990 317.475769
778.234741 46.486084 316.237823
768.004211 46.788990 317.537567
761.038635 47.365463 325.009369
762.560730 47.468426 335.218262
766.452637 47.572868 344.727936
770.181763 48.060169 354.302734
773.826050 49.190716 363.675964
777.822815 49.132168 373.161530
782.366882 49.950291 382.363373
787.447021 50.140003 391.248322
792.645569 50.769924 400.042511
797.700928 51.387253 408.686523
802.746338 51.459579 417.393829
Custom
LootOptions ROUNDROBIN
804.412659 51.128212 420.426910
Named
Rodderick
CustomNamed
804.412659 51.128212 420.426910
829.278503 48.048973 434.980133
837.618530 48.466843 429.067078
845.823608 49.665001 423.211487
853.807556 50.247269 416.906555
861.481140 48.975395 410.530243
868.708069 48.026737 403.549988
Named
Verath
CustomNamed
872.262085 47.863754 399.165161
Wait
20
895.863892 49.801846 355.018616
