A Strange Black Rock
Custom
WaitForMob "Scholar Al'Quylar"
-1031.224731 15.411114 -666.377563
Custom
HailActor "Scholar Al'Quylar" 8
-1031.224731 15.411114 -666.377563
-1039.426636 27.224785 -666.996643
-1089.506592 27.218641 -670.781189
-1139.631104 27.216978 -671.901550
-1190.094116 27.216978 -671.919250
-1240.596924 27.216978 -671.933899
-1291.099854 27.216978 -671.948364
-1341.602905 27.216978 -671.962708
-1392.105835 27.216978 -671.977234
-1442.608765 27.216978 -671.991638
-1493.131470 27.216978 -672.006165
-1543.137939 27.216978 -672.022156
-1593.442749 27.216978 -672.039673
-1643.628540 27.216978 -672.057129
-1693.833618 27.216978 -672.074951
-1744.038818 27.216978 -672.092834
-1794.224121 27.216978 -672.109985
-1843.870605 27.216978 -664.934143
-1892.741699 34.735741 -656.777649
-1942.465088 34.735741 -650.420654
-1992.146362 33.574337 -644.057800
-2040.688965 21.100273 -643.984985
Custom
FlyDown
-2046.221191 19.636013 -644.101074
Custom
ClickActor "Ulteran Spire Portal"
-2065.936035 13.121140 -631.317200
Wait
50
-2065.936035 13.121140 -631.317200
Custom
TravelMap Nektulos
-2065.936035 13.121140 -631.317200
-339.038483 50.438381 -636.404175
-298.349091 50.438381 -665.468994
-259.248108 50.438381 -697.519348
-219.939056 50.438381 -729.193176
-180.599045 50.438381 -760.892151
-141.661469 50.438381 -792.267090
-107.748421 50.438381 -829.395874
-74.934998 64.674896 -864.622864
-40.743797 64.674896 -901.328247
-6.525484 64.674896 -938.062561
27.652107 64.674896 -974.754883
62.087162 64.674896 -1011.723450
96.305305 64.674896 -1048.458862
130.428574 64.674896 -1085.090332
164.511169 64.674896 -1121.680786
198.932755 64.674896 -1158.637207
233.069656 64.674896 -1195.286377
263.449677 64.674896 -1235.111938
290.453003 64.674896 -1277.224365
317.477997 64.674896 -1319.370361
344.631439 64.674896 -1361.717041
371.774292 64.674896 -1404.046875
401.135559 64.674896 -1444.550049
428.258850 44.586494 -1481.750977
Custom
FlyDown
429.489227 41.653210 -1484.134521
429.489105 26.456558 -1484.135498
437.758667 25.231150 -1489.876343
446.251740 24.610352 -1495.569702
454.001282 23.595772 -1501.832886
Custom
SwimDown 20
457.445648 23.714842 -1507.660278
Custom
ClickActor egg_ice_01 1
457.445648 14.269430 -1507.660278
Custom
SwimUp
457.445648 14.269430 -1507.660278
454.625671 23.740456 -1506.128052
445.901947 25.298441 -1501.388306
438.193115 74.733337 -1496.599609
399.101074 91.650116 -1469.876221
357.417450 88.475372 -1441.983643
322.491333 86.427292 -1406.026978
290.737762 85.011650 -1367.301636
258.569183 85.011650 -1328.396240
226.387939 85.011650 -1289.475220
194.206696 85.011650 -1250.554932
162.126770 85.011650 -1211.755005
129.945526 85.011650 -1172.833984
97.751617 85.011650 -1133.897827
65.570381 85.011650 -1094.976685
33.389420 85.011650 -1056.055786
1.221108 85.011650 -1017.149719
-30.959871 85.011650 -978.226746
-61.394402 85.122948 -938.277466
-92.183151 85.122948 -898.468811
-124.108521 85.122948 -859.797913
-157.507645 84.499451 -822.395935
-196.746979 74.925743 -792.456421
-235.648163 62.608746 -763.482605
-275.951477 62.608746 -733.627014
-308.226868 45.742714 -699.038391
-322.844055 17.818937 -659.854431
Custom
FlyDown
-326.017944 10.011744 -645.701843
Custom
ClickActor "Ulteran Spire Portal"
-337.621155 2.144663 -634.990723
Wait
50
-337.621155 2.144663 -634.990723
Custom
TravelMap Thundering
-337.621155 2.144663 -634.990723
1167.528809 8.022923 152.875839
1207.648926 35.763817 164.626129
1255.751465 35.763817 178.946671
1303.834961 35.763817 193.261551
1349.680786 19.971161 206.573761
1395.548584 0.402889 212.815689
Custom
FlyDown
1396.756104 -0.018252 212.998871
1406.573853 -2.061171 214.531906
1416.470093 -3.853444 216.464264
1426.178955 -7.058850 218.116394
1435.961060 -8.593960 220.072037
1445.965210 -8.528537 222.092102
1456.013672 -8.466133 224.121307
1466.077515 -8.438940 226.153564
1476.140869 -8.438467 228.185791
1486.174316 -8.414668 230.211990
1495.998047 -8.423157 232.195801
1505.837036 -8.419538 234.182571
1515.795532 -8.406950 236.193649
1525.555298 -8.518166 238.755737
1535.198120 -8.454684 242.295227
1544.748169 -8.447326 245.800522
1554.185059 -8.430475 249.264328
1563.578979 -8.413855 252.712296
1573.131226 -8.428446 256.218231
1582.740479 -8.412190 259.745331
1591.693848 -8.416837 264.403656
1599.954468 -8.423184 270.130280
1608.353394 -8.406668 275.951843
1616.587891 -8.420964 281.635376
1625.713745 -8.414811 286.004791
1634.843140 -8.408053 290.241730
1644.296631 -8.423576 294.284515
1653.553101 -8.408258 298.243530
1662.979126 -8.415273 302.071198
1672.508423 -8.420166 305.809570
Custom
SwimDown 150
1680.086670 -8.514021 308.781250
Custom
ClickActor egg_ice_01 1
1680.223145 -8.618244 308.558136
Custom
SwimUp
1680.223145 -8.618244 308.558136
1670.402466 -8.522957 305.787109
1660.605225 -8.457750 303.022705
1650.901611 -8.452400 300.284760
1641.123901 -8.429069 297.525879
1631.405273 -8.416855 294.783661
1621.716309 -8.428606 292.049713
1612.041992 -8.409840 289.319946
1602.308838 -8.418642 286.573578
1592.605103 -8.420041 283.835510
1582.901001 -8.405622 281.097473
1573.049927 -8.423285 278.317871
1563.331299 -8.411984 275.575623
1553.627197 -8.409252 272.837494
1543.908813 -8.423477 270.095154
1534.042969 -8.406634 267.311340
1524.353638 -8.418733 264.577362
1514.678833 -8.417984 261.847595
1504.916016 -8.405544 259.092926
1495.197266 -8.423391 256.350708
1485.508057 -8.410933 253.616776
1475.818970 -8.410540 250.882858
1466.115234 -8.423042 248.144775
1456.382446 -8.406324 245.398392
1446.678711 -8.419556 242.660309
1436.960205 -8.417097 239.918060
1427.388794 -5.998253 237.217377
1417.651855 -3.948544 234.469955
1407.896484 -1.975262 231.717316
1398.288086 -1.196440 229.006226
1388.587891 -0.996160 226.269211
1378.777466 -0.979486 223.500977
1369.058838 -0.995694 220.758728
1359.432373 -1.167606 218.042450
1349.621704 -1.052086 215.274231
1339.185425 -1.017169 212.329453
1329.043579 -1.017457 209.467789
1319.251465 -1.017478 206.704758
1309.422607 -1.032808 203.931366
1299.630737 -1.195551 201.168411
1289.801514 -1.183364 198.394989
1280.064453 -1.198283 195.647537
1270.364258 -0.729909 192.910492
1260.590820 0.256594 190.152649
1251.074463 3.029363 187.467529
1242.000000 -0.558761 184.907043
1234.508545 -7.154478 182.793243
1227.109009 -14.211615 180.705399
1219.451660 -20.883263 178.544830
1210.267090 -24.873756 175.953232
1200.548462 -26.398380 173.210999
1190.827881 -26.652098 170.474655
1180.913330 -26.766418 167.870880
1171.044189 -26.800550 165.032166
Custom
ClickActor "Ulteran Spire Portal"
1166.151123 -25.508455 163.507065
Wait
50
1166.151123 -25.508455 163.507065
Custom
TravelMap Antonica
1166.151123 -25.508455 163.507065
-2065.598877 43.761944 -629.631165
-2017.543945 43.761944 -644.893250
-1969.091553 43.761944 -658.416626
-1920.868652 43.761944 -671.876038
-1872.456299 43.761944 -685.389221
-1823.794678 43.761944 -698.972107
-1775.152588 43.761944 -712.549561
-1726.510620 43.761944 -726.127136
-1677.772949 43.761944 -739.731262
-1629.320679 43.761944 -753.254700
-1581.060181 43.761944 -766.724854
-1532.799438 43.761944 -780.195007
-1484.232300 43.761944 -793.750244
-1435.684082 43.761944 -807.300537
-1387.251587 43.761944 -820.818848
-1338.799194 43.761944 -834.342224
-1290.299072 43.761944 -821.518188
-1247.461670 43.761944 -795.327515
-1204.906372 43.761944 -769.067993
-1161.930054 43.761944 -742.547546
-1119.372681 43.761944 -716.288025
-1077.149170 33.131954 -691.127319
Custom
FlyDown
-1039.871948 19.734840 -667.008179
Custom
WaitForMob "Scholar Al'Quylar"
-1036.934204 15.118450 -667.610352
Custom
HailActor "Scholar Al'Quylar" 5
-1036.934204 15.118450 -667.610352
Custom
FlyUp
-1036.934204 15.118450 -667.610352
-1086.229004 20.691092 -676.081543
-1135.783936 20.691092 -684.597656
-1185.221680 20.691092 -693.093811
-1230.992676 40.689579 -688.782104
-1280.580322 45.285160 -682.151978
-1330.451782 45.285160 -675.715088
-1380.520264 45.285160 -669.252991
-1430.626709 45.285160 -662.786743
-1480.693604 45.285160 -656.325684
-1530.603882 45.285160 -649.885193
-1580.337280 45.285160 -643.465576
-1630.148560 45.285160 -637.037537
-1680.040527 45.285160 -630.597656
-1730.109619 45.285160 -624.135132
-1780.119751 45.285160 -617.680420
-1830.050049 45.285160 -611.236084
-1879.685425 45.285160 -604.829590
-1929.419067 45.285160 -598.410034
-1978.698120 36.544525 -600.025879
-2026.445923 24.359903 -609.257813
Custom
FlyDown
-2053.412842 17.433914 -613.883484
Custom
ClickActor "Ulteran Spire Portal"
-2064.492676 13.121142 -626.782837
Wait
50
-2064.492676 13.121142 -626.782837
Custom
TravelMap Thundering
-2064.492676 13.121142 -626.782837
1164.555664 28.850800 161.076401
1135.826416 42.749203 199.727463
1111.546753 42.749203 243.647232
1087.411621 42.749203 287.875305
1063.217407 42.749203 332.225647
1039.051758 42.749203 376.523651
1014.961548 42.749203 420.682159
990.930481 42.749218 464.731140
966.888306 42.749218 508.802124
942.973633 38.839870 552.572266
918.273987 37.197762 596.298462
876.103882 37.197762 623.382446
839.401855 37.197762 657.778809
804.081482 37.197762 693.364624
767.280945 37.197762 727.218445
725.896973 37.197762 755.320068
680.685059 37.197762 776.819580
635.365173 37.197762 798.371521
587.725281 37.197762 813.890564
538.099243 37.197762 820.930237
488.570129 37.197762 827.955139
438.941650 37.197762 834.994507
389.352600 37.197762 842.028198
347.889587 37.197762 813.955566
331.602417 37.197762 766.672852
310.323090 37.197762 721.335205
281.523590 37.197762 680.434143
243.374100 37.197762 647.800293
230.511719 37.221615 636.796875
192.648529 37.221615 669.872742
154.794586 37.221615 702.941406
117.000221 37.221615 735.958008
79.265312 37.221615 768.922485
41.380730 37.221615 802.017395
3.496084 37.221615 835.112366
-46.774765 37.221615 835.885864
-94.453621 37.221615 820.418274
-142.245682 37.221615 804.914001
-189.961594 37.221615 789.433777
-223.733368 37.221615 752.490601
-219.373215 37.221615 702.536560
-214.998810 37.221615 652.424438
-244.526917 36.309738 611.890991
-284.812134 34.747612 641.816284
-319.830505 34.708878 677.893127
-345.542114 34.708878 720.805420
-371.284332 34.708878 763.768982
-397.006042 34.708878 806.698486
-422.707397 34.708878 849.593628
-448.551514 34.708878 892.728088
-474.263153 34.708878 935.640259
-492.935883 23.082993 980.866028
Custom
FlyDown
-493.892334 8.905821 1017.176636
-493.903015 -0.733381 1020.411438
-492.378479 0.105391 1030.469604
-490.245667 3.724186 1039.774536
-487.603271 6.531868 1049.160767
-485.122803 5.419131 1058.910034
Wait
50
-483.318176 3.770050 1065.945557
Custom
ZoneDoor zone_to_varsoon_lower 2
-483.318176 3.770050 1065.945557
93.747505 13.190099 -81.280159
96.008453 7.758505 -73.055779
97.653572 2.942230 -64.401634
95.883774 3.807181 -54.405384
90.775833 3.910229 -45.737602
Custom
ClickActor 02_r10_door01_right_0
87.158264 3.906485 -42.083843
87.158295 3.904885 -39.084160
87.408783 1.939711 -29.181543
87.372055 -0.054953 -19.381258
87.743561 -0.017724 -9.291694
85.918259 0.028279 -1.449019
76.387192 -0.017033 1.804459
66.358566 0.019682 1.843291
56.388996 -0.091179 3.340227
55.055866 -0.012028 13.302168
54.953922 -0.026122 23.326763
55.309235 -0.050130 33.447758
55.665100 -0.011024 43.584496
55.610645 -0.054858 53.691906
45.912853 -0.042941 56.499092
35.831234 -0.014500 57.518772
31.312027 0.051937 58.161346
30.748760 -0.023282 68.217987
31.038334 -0.059534 78.305092
30.922411 0.020893 88.345490
Custom
ClickActor TintFlags-0
30.836540 -0.003531 89.994881
31.259192 0.002500 96.238022
24.752659 0.002500 97.710968
21.201559 0.002500 105.092690
14.045084 0.002500 104.869331
12.795295 1.102799 94.938103
13.405324 3.672299 85.265556
11.668878 4.002500 75.398674
Custom
ClickActor TintFlags-0
18.387053 4.002500 70.760147
13.865364 4.002500 79.740402
13.870026 2.400584 89.735405
13.688352 0.114848 99.531807
16.239618 0.002500 106.025108
23.883320 0.002500 104.044815
24.864416 0.002500 95.705986
31.436161 -0.007937 94.277489
Custom
ClickActor TintFlags-0
31.009745 -0.005602 92.447823
31.274813 -0.025144 82.432388
30.692957 -0.014433 72.389694
30.415092 0.013403 62.275501
38.543713 -0.060880 56.423122
48.567944 -0.020763 55.294701
56.004135 -0.080991 54.196850
56.421757 -0.037653 44.107162
56.497032 -0.029922 34.074760
56.572296 -0.040584 24.042303
56.956955 -0.011184 14.033029
57.904053 -0.007146 3.951280
58.275871 -0.024933 1.005781
68.364738 -0.043536 0.071499
78.475525 -0.038168 -0.270955
88.108788 -0.058062 0.002026
88.648895 -0.040401 -10.069273
89.082726 -0.052912 -16.178362
99.205750 -0.033742 -15.837776
109.248512 -0.054252 -15.499886
117.795937 -0.057042 -15.212314
119.318794 -0.008228 -5.316075
119.734863 1.404292 4.589743
119.945663 3.953859 14.271305
120.057243 6.630517 23.921856
120.692947 7.884418 33.887104
121.089500 7.871405 40.103596
131.129288 7.688209 41.044918
140.789215 10.782141 40.649174
150.794037 11.608888 40.911083
160.875122 11.610493 40.653732
170.892151 11.838569 40.691795
180.641647 9.288789 40.957287
190.629517 7.942962 41.614124
199.525085 8.006131 42.199112
200.118332 8.004371 52.247723
200.206055 5.049201 61.891872
201.094849 2.805786 71.682205
201.387650 0.094732 81.419235
201.504822 0.066095 85.315620
211.444153 -0.727776 86.493065
221.035919 -3.280759 87.933510
231.115906 -3.867136 87.893234
232.931625 -3.878693 87.782684
230.872452 -4.884251 77.900848
230.406525 -7.341445 68.100662
231.669434 -7.973807 57.671570
Wait
20
237.965775 -7.973807 54.006702
Custom
ClickNoNameActor 15
237.965775 -7.973807 54.006702
230.839355 -7.973807 57.160233
230.711975 -7.593536 67.225662
230.068619 -5.008999 76.998878
230.707321 -3.932226 87.015984
220.659500 -3.267633 87.490471
211.001984 -0.467436 87.392860
201.223312 0.069409 85.336678
199.280457 1.511224 75.622581
199.377396 4.055063 65.945053
199.459991 6.733587 56.211910
199.545090 7.986079 46.187412
199.600616 7.918884 39.643536
189.586258 7.969080 39.164234
179.713852 9.723102 38.944187
169.887299 11.782889 38.901974
159.845444 11.594735 39.174992
149.831421 11.641029 39.007301
139.775406 10.419052 39.069332
130.097366 7.735545 39.155293
120.033516 7.848222 39.244656
119.473755 7.917434 29.180223
119.275124 5.270289 19.433128
119.067871 2.956460 9.591640
118.898430 0.017989 -0.091456
119.193504 -0.047463 -10.213854
111.972092 0.025866 -17.166571
101.963821 0.011892 -17.623943
91.910477 0.016984 -17.381273
88.185677 -0.055377 -17.360044
88.537621 1.374325 -27.261166
88.315498 3.908569 -36.982021
Custom
ClickActor TintFlags-0
89.504173 3.905491 -40.218056
89.550995 3.910157 -46.332729
99.310616 4.071556 -43.509853
103.225822 4.304124 -42.612816
101.721680 6.531309 -52.626514
104.440186 6.531309 -53.249550
104.121910 7.917928 -59.941479
96.242638 9.279905 -57.650459
90.087372 10.947372 -61.058960
85.012276 11.403523 -60.081524
84.532211 12.623761 -65.524490
86.266068 13.174184 -69.542557
92.624588 13.778692 -70.119301
91.953621 13.873115 -73.747894
91.014503 13.190099 -82.441063
93.088844 16.267063 -91.020210
Custom
ZoneDoor zone_to_steppes_lower
93.154282 17.899738 -97.364845
-486.744934 6.817009 1049.325684
-487.599457 4.570491 1039.286377
-488.395691 0.918331 1029.930908
-489.027435 -0.117577 1019.738953
-491.227753 -2.038433 1010.008362
-492.305542 -2.115832 1000.014648
-483.551788 36.719463 969.520325
-463.070465 39.868858 923.868103
-439.006348 39.868858 879.669373
-414.951691 39.868858 835.488098
-391.029877 39.868858 791.551208
-365.045349 38.439304 748.643188
-332.983917 36.438087 710.275879
-300.924896 34.241650 671.763367
-268.625854 33.714783 633.287170
-220.546432 33.714783 619.265198
-202.168854 33.714783 665.818176
-195.101791 33.714783 715.595154
-170.974380 33.714783 759.467834
-139.561401 33.714783 798.375732
-108.123711 33.714783 837.314514
-57.954891 33.714783 838.679504
-13.332761 33.714783 815.545898
27.455421 33.714783 786.182251
66.195259 33.714783 754.280701
104.874237 33.714783 722.429688
143.583710 33.714783 690.553406
182.446228 33.714783 658.550781
221.155411 33.714783 626.674500
257.848755 33.714783 592.429443
292.949036 33.714783 556.369324
327.371704 33.714783 520.075745
334.058899 33.714783 470.417114
340.380035 33.714783 420.653381
385.006866 33.714783 398.016266
433.968933 33.714783 408.553680
482.094788 33.714783 423.328125
530.087952 33.714783 438.061707
579.155518 33.714783 428.290070
626.342590 33.714783 411.036469
673.449341 33.714783 393.473602
719.202209 33.714783 373.293884
765.209717 33.714783 353.002228
810.980835 33.714783 332.814606
856.952026 33.714783 312.538757
902.777832 33.714783 292.327301
948.621765 33.714783 272.107941
993.140686 30.835375 249.309631
1037.187134 26.776457 225.354813
1081.229004 19.051031 202.528183
1119.923584 -4.164494 180.293579
Custom
FlyDown
1141.731812 -15.702073 166.425842
Custom
ClickActor "Ulteran Spire Portal"
1162.124634 -25.508455 160.308380
Wait
50
1162.124634 -25.508455 160.308380
Custom
TravelMap Antonica
1162.124634 -25.508455 160.308380
-2065.598877 43.761944 -629.631165
-2017.543945 43.761944 -644.893250
-1969.091553 43.761944 -658.416626
-1920.868652 43.761944 -671.876038
-1872.456299 43.761944 -685.389221
-1823.794678 43.761944 -698.972107
-1775.152588 43.761944 -712.549561
-1726.510620 43.761944 -726.127136
-1677.772949 43.761944 -739.731262
-1629.320679 43.761944 -753.254700
-1581.060181 43.761944 -766.724854
-1532.799438 43.761944 -780.195007
-1484.232300 43.761944 -793.750244
-1435.684082 43.761944 -807.300537
-1387.251587 43.761944 -820.818848
-1338.799194 43.761944 -834.342224
-1290.299072 43.761944 -821.518188
-1247.461670 43.761944 -795.327515
-1204.906372 43.761944 -769.067993
-1161.930054 43.761944 -742.547546
-1119.372681 43.761944 -716.288025
-1077.149170 33.131954 -691.127319
Custom
FlyDown
-1039.871948 19.734840 -667.008179
Custom
WaitForMob "Scholar Al'Quylar"
-1036.934204 15.118450 -667.610352
Custom
HailActor "Scholar Al'Quylar" 8
-1036.934204 15.118450 -667.610352
Custom
HailActor "Scholar Al'Quylar" 8
-1037.181274 15.046356 -667.394958
Custom
FlyUp
-1036.934204 15.118450 -667.610352
-1086.229004 20.691092 -676.081543
-1135.783936 20.691092 -684.597656
-1185.221680 20.691092 -693.093811
-1230.992676 40.689579 -688.782104
-1280.580322 45.285160 -682.151978
-1330.451782 45.285160 -675.715088
-1380.520264 45.285160 -669.252991
-1430.626709 45.285160 -662.786743
-1480.693604 45.285160 -656.325684
-1530.603882 45.285160 -649.885193
-1580.337280 45.285160 -643.465576
-1630.148560 45.285160 -637.037537
-1680.040527 45.285160 -630.597656
-1730.109619 45.285160 -624.135132
-1780.119751 45.285160 -617.680420
-1830.050049 45.285160 -611.236084
-1879.685425 45.285160 -604.829590
-1929.419067 45.285160 -598.410034
-1978.698120 36.544525 -600.025879
-2026.445923 24.359903 -609.257813
Custom
FlyDown
-2053.412842 17.433914 -613.883484
Custom
ClickActor "Ulteran Spire Portal"
-2064.492676 13.121142 -626.782837
Wait
50
-2064.492676 13.121142 -626.782837
Custom
TravelMap Thundering
-2064.492676 13.121142 -626.782837
1164.555664 28.850800 161.076401
1135.826416 42.749203 199.727463
1111.546753 42.749203 243.647232
1087.411621 42.749203 287.875305
1063.217407 42.749203 332.225647
1039.051758 42.749203 376.523651
1014.961548 42.749203 420.682159
990.930481 42.749218 464.731140
966.888306 42.749218 508.802124
942.973633 38.839870 552.572266
918.273987 37.197762 596.298462
876.103882 37.197762 623.382446
839.401855 37.197762 657.778809
804.081482 37.197762 693.364624
767.280945 37.197762 727.218445
725.896973 37.197762 755.320068
680.685059 37.197762 776.819580
635.365173 37.197762 798.371521
587.725281 37.197762 813.890564
538.099243 37.197762 820.930237
488.570129 37.197762 827.955139
438.941650 37.197762 834.994507
389.352600 37.197762 842.028198
347.889587 37.197762 813.955566
331.602417 37.197762 766.672852
310.323090 37.197762 721.335205
281.523590 37.197762 680.434143
243.374100 37.197762 647.800293
230.511719 37.221615 636.796875
192.648529 37.221615 669.872742
154.794586 37.221615 702.941406
117.000221 37.221615 735.958008
79.265312 37.221615 768.922485
41.380730 37.221615 802.017395
3.496084 37.221615 835.112366
-46.774765 37.221615 835.885864
-94.453621 37.221615 820.418274
-142.245682 37.221615 804.914001
-189.961594 37.221615 789.433777
-223.733368 37.221615 752.490601
-219.373215 37.221615 702.536560
-214.998810 37.221615 652.424438
-244.526917 36.309738 611.890991
-284.812134 34.747612 641.816284
-319.830505 34.708878 677.893127
-345.542114 34.708878 720.805420
-371.284332 34.708878 763.768982
-397.006042 34.708878 806.698486
-422.707397 34.708878 849.593628
-448.551514 34.708878 892.728088
-474.263153 34.708878 935.640259
-492.935883 23.082993 980.866028
Custom
FlyDown
-493.892334 8.905821 1017.176636
-493.903015 -0.733381 1020.411438
-492.378479 0.105391 1030.469604
-490.245667 3.724186 1039.774536
-487.603271 6.531868 1049.160767
-485.122803 5.419131 1058.910034
Wait
50
-483.318176 3.770050 1065.945557
Custom
ZoneDoor zone_to_varsoon_lower 2
-483.318176 3.770050 1065.945557
93.747505 13.190099 -81.280159
96.008453 7.758505 -73.055779
97.653572 2.942230 -64.401634
95.883774 3.807181 -54.405384
90.775833 3.910229 -45.737602
Custom
ClickActor 02_r10_door01_right_0
87.158264 3.906485 -42.083843
87.158295 3.904885 -39.084160
87.408783 1.939711 -29.181543
87.372055 -0.054953 -19.381258
87.743561 -0.017724 -9.291694
85.918259 0.028279 -1.449019
76.387192 -0.017033 1.804459
66.358566 0.019682 1.843291
56.388996 -0.091179 3.340227
55.055866 -0.012028 13.302168
54.953922 -0.026122 23.326763
55.309235 -0.050130 33.447758
55.665100 -0.011024 43.584496
55.610645 -0.054858 53.691906
45.912853 -0.042941 56.499092
35.831234 -0.014500 57.518772
31.312027 0.051937 58.161346
30.748760 -0.023282 68.217987
31.038334 -0.059534 78.305092
30.922411 0.020893 88.345490
Custom
ClickActor TintFlags-0
30.836540 -0.003531 89.994881
31.259192 0.002500 96.238022
24.752659 0.002500 97.710968
21.201559 0.002500 105.092690
14.045084 0.002500 104.869331
12.795295 1.102799 94.938103
13.405324 3.672299 85.265556
11.668878 4.002500 75.398674
Custom
WaitForMob "Tome of Life"
18.387053 4.002500 70.760147
Wait
50
18.387053 4.002500 70.760147
Custom
Target "Tome of Life"
18.387053 4.002500 70.760147
Wait
50
18.387053 4.002500 70.760147
13.865364 4.002500 79.740402
13.870026 2.400584 89.735405
13.688352 0.114848 99.531807
16.239618 0.002500 106.025108
23.883320 0.002500 104.044815
24.864416 0.002500 95.705986
31.436161 -0.007937 94.277489
Custom
ClickNoNameActor
31.009745 -0.005602 92.447823
31.274813 -0.025144 82.432388
30.692957 -0.014433 72.389694
30.415092 0.013403 62.275501
38.543713 -0.060880 56.423122
48.567944 -0.020763 55.294701
56.004135 -0.080991 54.196850
56.421757 -0.037653 44.107162
56.497032 -0.029922 34.074760
56.572296 -0.040584 24.042303
56.956955 -0.011184 14.033029
57.904053 -0.007146 3.951280
58.275871 -0.024933 1.005781
68.364738 -0.043536 0.071499
78.475525 -0.038168 -0.270955
88.108788 -0.058062 0.002026
88.648895 -0.040401 -10.069273
89.082726 -0.052912 -16.178362
99.205750 -0.033742 -15.837776
109.248512 -0.054252 -15.499886
117.795937 -0.057042 -15.212314
119.318794 -0.008228 -5.316075
119.734863 1.404292 4.589743
119.945663 3.953859 14.271305
120.057243 6.630517 23.921856
120.692947 7.884418 33.887104
121.089500 7.871405 40.103596
131.129288 7.688209 41.044918
140.789215 10.782141 40.649174
150.794037 11.608888 40.911083
160.875122 11.610493 40.653732
170.892151 11.838569 40.691795
180.641647 9.288789 40.957287
190.629517 7.942962 41.614124
199.525085 8.006131 42.199112
200.118332 8.004371 52.247723
200.206055 5.049201 61.891872
201.094849 2.805786 71.682205
201.387650 0.094732 81.419235
201.504822 0.066095 85.315620
211.444153 -0.727776 86.493065
221.035919 -3.280759 87.933510
231.115906 -3.867136 87.893234
232.931625 -3.878693 87.782684
230.872452 -4.884251 77.900848
230.406525 -7.341445 68.100662
231.669434 -7.973807 57.671570
Custom
WaitForMob "Tome of Death"
237.978134 -7.973807 53.860489
Wait
50
237.978134 -7.973807 53.860489
Custom
Target "Tome of Death"
237.978134 -7.973807 53.860489
Wait
50
237.978134 -7.973807 53.860489
230.839355 -7.973807 57.160233
230.711975 -7.593536 67.225662
230.068619 -5.008999 76.998878
230.707321 -3.932226 87.015984
220.659500 -3.267633 87.490471
211.001984 -0.467436 87.392860
201.223312 0.069409 85.336678
199.280457 1.511224 75.622581
199.377396 4.055063 65.945053
199.459991 6.733587 56.211910
199.545090 7.986079 46.187412
199.600616 7.918884 39.643536
189.586258 7.969080 39.164234
179.713852 9.723102 38.944187
169.887299 11.782889 38.901974
159.845444 11.594735 39.174992
149.831421 11.641029 39.007301
139.775406 10.419052 39.069332
130.097366 7.735545 39.155293
120.033516 7.848222 39.244656
119.473755 7.917434 29.180223
119.275124 5.270289 19.433128
119.067871 2.956460 9.591640
118.898430 0.017989 -0.091456
119.193504 -0.047463 -10.213854
111.972092 0.025866 -17.166571
101.963821 0.011892 -17.623943
91.910477 0.016984 -17.381273
88.185677 -0.055377 -17.360044
88.537621 1.374325 -27.261166
88.315498 3.908569 -36.982021
Custom
ClickActor TintFlags-0
89.504173 3.905491 -40.218056
89.550995 3.910157 -46.332729
99.310616 4.071556 -43.509853
103.225822 4.304124 -42.612816
101.721680 6.531309 -52.626514
104.440186 6.531309 -53.249550
104.121910 7.917928 -59.941479
96.242638 9.279905 -57.650459
90.087372 10.947372 -61.058960
85.012276 11.403523 -60.081524
84.532211 12.623761 -65.524490
86.266068 13.174184 -69.542557
92.624588 13.778692 -70.119301
91.953621 13.873115 -73.747894
91.014503 13.190099 -82.441063
93.088844 16.267063 -91.020210
Custom
ZoneDoor zone_to_steppes_lower
93.154282 17.899738 -97.364845
-486.744934 6.817009 1049.325684
-487.599457 4.570491 1039.286377
-488.395691 0.918331 1029.930908
-489.027435 -0.117577 1019.738953
-491.227753 -2.038433 1010.008362
-492.305542 -2.115832 1000.014648
-483.551788 36.719463 969.520325
-463.070465 39.868858 923.868103
-439.006348 39.868858 879.669373
-414.951691 39.868858 835.488098
-391.029877 39.868858 791.551208
-365.045349 38.439304 748.643188
-332.983917 36.438087 710.275879
-300.924896 34.241650 671.763367
-268.625854 33.714783 633.287170
-220.546432 33.714783 619.265198
-202.168854 33.714783 665.818176
-195.101791 33.714783 715.595154
-170.974380 33.714783 759.467834
-139.561401 33.714783 798.375732
-108.123711 33.714783 837.314514
-57.954891 33.714783 838.679504
-13.332761 33.714783 815.545898
27.455421 33.714783 786.182251
66.195259 33.714783 754.280701
104.874237 33.714783 722.429688
143.583710 33.714783 690.553406
182.446228 33.714783 658.550781
221.155411 33.714783 626.674500
257.848755 33.714783 592.429443
292.949036 33.714783 556.369324
327.371704 33.714783 520.075745
334.058899 33.714783 470.417114
340.380035 33.714783 420.653381
385.006866 33.714783 398.016266
433.968933 33.714783 408.553680
482.094788 33.714783 423.328125
530.087952 33.714783 438.061707
579.155518 33.714783 428.290070
626.342590 33.714783 411.036469
673.449341 33.714783 393.473602
719.202209 33.714783 373.293884
765.209717 33.714783 353.002228
810.980835 33.714783 332.814606
856.952026 33.714783 312.538757
902.777832 33.714783 292.327301
948.621765 33.714783 272.107941
993.140686 30.835375 249.309631
1037.187134 26.776457 225.354813
1081.229004 19.051031 202.528183
1119.923584 -4.164494 180.293579
Custom
FlyDown
1141.731812 -15.702073 166.425842
Custom
ClickActor "Ulteran Spire Portal"
1162.124634 -25.508455 160.308380
Wait
50
1162.124634 -25.508455 160.308380
Custom
TravelMap Antonica
1162.124634 -25.508455 160.308380
-2065.598877 43.761944 -629.631165
-2017.543945 43.761944 -644.893250
-1969.091553 43.761944 -658.416626
-1920.868652 43.761944 -671.876038
-1872.456299 43.761944 -685.389221
-1823.794678 43.761944 -698.972107
-1775.152588 43.761944 -712.549561
-1726.510620 43.761944 -726.127136
-1677.772949 43.761944 -739.731262
-1629.320679 43.761944 -753.254700
-1581.060181 43.761944 -766.724854
-1532.799438 43.761944 -780.195007
-1484.232300 43.761944 -793.750244
-1435.684082 43.761944 -807.300537
-1387.251587 43.761944 -820.818848
-1338.799194 43.761944 -834.342224
-1290.299072 43.761944 -821.518188
-1247.461670 43.761944 -795.327515
-1204.906372 43.761944 -769.067993
-1161.930054 43.761944 -742.547546
-1119.372681 43.761944 -716.288025
-1077.149170 33.131954 -691.127319
Custom
FlyDown
-1039.871948 19.734840 -667.008179
Custom
WaitForMob "Scholar Al'Quylar"
-1036.934204 15.118450 -667.610352
Custom
HailActor "Scholar Al'Quylar" 8
-1036.934204 15.118450 -667.610352
Custom
FlyUp
-1036.934204 15.118450 -667.610352
-1086.229004 20.691092 -676.081543
-1135.783936 20.691092 -684.597656
-1185.221680 20.691092 -693.093811
-1230.992676 40.689579 -688.782104
-1280.580322 45.285160 -682.151978
-1330.451782 45.285160 -675.715088
-1380.520264 45.285160 -669.252991
-1430.626709 45.285160 -662.786743
-1480.693604 45.285160 -656.325684
-1530.603882 45.285160 -649.885193
-1580.337280 45.285160 -643.465576
-1630.148560 45.285160 -637.037537
-1680.040527 45.285160 -630.597656
-1730.109619 45.285160 -624.135132
-1780.119751 45.285160 -617.680420
-1830.050049 45.285160 -611.236084
-1879.685425 45.285160 -604.829590
-1929.419067 45.285160 -598.410034
-1978.698120 36.544525 -600.025879
-2026.445923 24.359903 -609.257813
Custom
FlyDown
-2053.412842 17.433914 -613.883484
Custom
ClickActor "Ulteran Spire Portal"
-2064.492676 13.121142 -626.782837
Wait
50
-2064.492676 13.121142 -626.782837
Custom
TravelMap Thundering
-2064.492676 13.121142 -626.782837
1164.555664 28.850800 161.076401
1135.826416 42.749203 199.727463
1111.546753 42.749203 243.647232
1087.411621 42.749203 287.875305
1063.217407 42.749203 332.225647
1039.051758 42.749203 376.523651
1014.961548 42.749203 420.682159
990.930481 42.749218 464.731140
966.888306 42.749218 508.802124
942.973633 38.839870 552.572266
918.273987 37.197762 596.298462
876.103882 37.197762 623.382446
839.401855 37.197762 657.778809
804.081482 37.197762 693.364624
767.280945 37.197762 727.218445
725.896973 37.197762 755.320068
680.685059 37.197762 776.819580
635.365173 37.197762 798.371521
587.725281 37.197762 813.890564
538.099243 37.197762 820.930237
488.570129 37.197762 827.955139
438.941650 37.197762 834.994507
389.352600 37.197762 842.028198
347.889587 37.197762 813.955566
331.602417 37.197762 766.672852
310.323090 37.197762 721.335205
281.523590 37.197762 680.434143
243.374100 37.197762 647.800293
230.511719 37.221615 636.796875
192.648529 37.221615 669.872742
154.794586 37.221615 702.941406
117.000221 37.221615 735.958008
79.265312 37.221615 768.922485
41.380730 37.221615 802.017395
3.496084 37.221615 835.112366
-46.774765 37.221615 835.885864
-94.453621 37.221615 820.418274
-142.245682 37.221615 804.914001
-189.961594 37.221615 789.433777
-223.733368 37.221615 752.490601
-219.373215 37.221615 702.536560
-214.998810 37.221615 652.424438
-244.526917 36.309738 611.890991
-284.812134 34.747612 641.816284
-319.830505 34.708878 677.893127
-345.542114 34.708878 720.805420
-371.284332 34.708878 763.768982
-397.006042 34.708878 806.698486
-422.707397 34.708878 849.593628
-448.551514 34.708878 892.728088
-474.263153 34.708878 935.640259
-492.935883 23.082993 980.866028
Custom
FlyDown
-493.892334 8.905821 1017.176636
-493.903015 -0.733381 1020.411438
-492.378479 0.105391 1030.469604
-490.245667 3.724186 1039.774536
-487.603271 6.531868 1049.160767
-485.122803 5.419131 1058.910034
Wait
50
-483.318176 3.770050 1065.945557
Custom
ZoneDoor zone_to_varsoon_lower 2
-483.318176 3.770050 1065.945557
93.747505 13.190099 -81.280159
96.008453 7.758505 -73.055779
97.653572 2.942230 -64.401634
95.883774 3.807181 -54.405384
90.775833 3.910229 -45.737602
Custom
ClickActor 02_r10_door01_right_0
87.158264 3.906485 -42.083843
87.833817 1.371944 -27.239754
88.433800 -0.043682 -17.328405
98.437790 -0.038099 -15.988490
108.503777 -0.041380 -15.640462
118.333214 -0.038233 -13.450540
118.937981 0.026355 -3.369390
118.813896 1.887226 6.465593
119.058617 4.366658 16.279081
119.108841 7.089536 25.916014
119.344894 7.861576 35.986534
128.511429 7.692545 40.234371
138.199036 9.962230 41.423725
148.046143 11.616708 40.838120
158.158401 11.580740 40.319321
168.261032 11.571155 40.253616
178.246460 10.165420 40.298061
188.127869 7.924866 40.479275
198.204514 7.958920 41.013374
201.521301 7.986353 50.555855
201.068726 5.439624 60.226509
200.773438 3.267405 69.987045
200.658890 0.420552 79.584152
200.763565 0.017769 87.426994
210.812042 -0.459827 86.967232
220.483841 -3.206249 87.648750
230.483551 -3.917672 87.426315
240.572266 -3.897594 87.091133
241.517776 -3.912510 87.736626
241.687561 -3.924653 97.697510
Custom
ZoneDoor zone_varsoon_epic_right_door
235.040176 -3.896400 98.501312
224.916611 -4.860968 98.126595
215.381210 -7.976974 98.198982
205.610214 -9.892988 99.824104
199.378494 -9.710890 107.688614
200.876724 -9.759901 117.701759
200.865219 -9.756029 121.779037
210.180176 -11.254744 121.271385
209.335861 -12.610188 131.180573
Custom
WaitForMob extraplanar
203.528580 -12.135065 139.640564
Custom
Target extraplanar
203.528580 -12.135065 139.640564
Wait
50
203.528580 -12.135065 139.640564
Custom
WaitForMob extraplanar
203.528580 -12.135065 139.640564
Custom
Target extraplanar
203.528580 -12.135065 139.640564
Wait
50
203.528580 -12.135065 139.640564
Custom
WaitForMob extraplanar
203.528580 -12.135065 139.640564
Custom
Target extraplanar
203.528580 -12.135065 139.640564
Wait
50
203.528580 -12.135065 139.640564
Custom
WaitForMob ethereal
203.528580 -12.135065 139.640564
Custom
Target ethereal
203.528580 -12.135065 139.640564
Wait
50
203.528580 -12.135065 139.640564
Wait
200
203.528580 -12.135065 139.640564
Custom
Target Varsoon
203.528580 -12.135065 139.640564
Wait
50
203.528580 -12.135065 139.640564
208.229202 -12.483887 130.707108
209.582840 -11.254633 120.726440
209.599365 -11.254909 118.640930
202.000610 -9.757003 120.626221
200.824768 -9.781173 110.652878
202.330399 -9.807594 100.750687
211.947403 -8.992626 97.996796
221.548050 -5.985559 98.033691
Custom
ZoneDoor zone_to_varsoon_left_door
229.130646 -3.836899 97.931007
238.555740 -3.871325 98.080345
242.535919 -3.876817 97.216866
241.030746 -3.881100 87.251389
240.867310 -3.889172 86.169098
230.769073 -3.929204 85.996597
220.677704 -3.254523 86.297562
211.003540 -0.483263 86.586060
200.975632 0.022218 87.777740
199.935837 0.990004 77.861191
199.102417 3.708636 68.264519
199.029327 6.145656 58.428925
198.955872 7.965882 48.546036
198.888794 7.949627 39.521515
188.791138 7.973879 39.401463
178.830017 9.737264 39.283020
168.933868 11.700174 39.015461
158.925491 11.616043 38.896446
148.799423 11.624156 38.776043
138.862228 10.037671 38.707394
129.083664 7.731512 38.840008
119.949150 7.854442 38.747807
120.013550 7.915603 28.732382
120.022903 5.089681 19.077747
120.032349 2.764572 9.328511
120.041687 -0.032726 -0.310482
120.051445 -0.029745 -10.382600
120.054016 -0.012316 -13.036471
110.414398 -0.057202 -16.045277
100.372078 0.000534 -16.580320
90.284355 0.047531 -16.513340
87.988510 0.991571 -26.270901
87.422417 3.959464 -35.837120
Custom
ClickActor TintFlags-0
89.504173 3.905491 -40.218056
89.550995 3.910157 -46.332729
99.310616 4.071556 -43.509853
103.225822 4.304124 -42.612816
101.721680 6.531309 -52.626514
104.440186 6.531309 -53.249550
104.121910 7.917928 -59.941479
96.242638 9.279905 -57.650459
90.087372 10.947372 -61.058960
85.012276 11.403523 -60.081524
84.532211 12.623761 -65.524490
86.266068 13.174184 -69.542557
92.624588 13.778692 -70.119301
91.953621 13.873115 -73.747894
91.014503 13.190099 -82.441063
93.088844 16.267063 -91.020210
Custom
ZoneDoor zone_to_steppes_lower
93.154282 17.899738 -97.364845
-486.744934 6.817009 1049.325684
-487.599457 4.570491 1039.286377
-488.395691 0.918331 1029.930908
-489.027435 -0.117577 1019.738953
-491.227753 -2.038433 1010.008362
-492.305542 -2.115832 1000.014648
-483.551788 36.719463 969.520325
-463.070465 39.868858 923.868103
-439.006348 39.868858 879.669373
-414.951691 39.868858 835.488098
-391.029877 39.868858 791.551208
-365.045349 38.439304 748.643188
-332.983917 36.438087 710.275879
-300.924896 34.241650 671.763367
-268.625854 33.714783 633.287170
-220.546432 33.714783 619.265198
-202.168854 33.714783 665.818176
-195.101791 33.714783 715.595154
-170.974380 33.714783 759.467834
-139.561401 33.714783 798.375732
-108.123711 33.714783 837.314514
-57.954891 33.714783 838.679504
-13.332761 33.714783 815.545898
27.455421 33.714783 786.182251
66.195259 33.714783 754.280701
104.874237 33.714783 722.429688
143.583710 33.714783 690.553406
182.446228 33.714783 658.550781
221.155411 33.714783 626.674500
257.848755 33.714783 592.429443
292.949036 33.714783 556.369324
327.371704 33.714783 520.075745
334.058899 33.714783 470.417114
340.380035 33.714783 420.653381
385.006866 33.714783 398.016266
433.968933 33.714783 408.553680
482.094788 33.714783 423.328125
530.087952 33.714783 438.061707
579.155518 33.714783 428.290070
626.342590 33.714783 411.036469
673.449341 33.714783 393.473602
719.202209 33.714783 373.293884
765.209717 33.714783 353.002228
810.980835 33.714783 332.814606
856.952026 33.714783 312.538757
902.777832 33.714783 292.327301
948.621765 33.714783 272.107941
993.140686 30.835375 249.309631
1037.187134 26.776457 225.354813
1081.229004 19.051031 202.528183
1119.923584 -4.164494 180.293579
Custom
FlyDown
1141.731812 -15.702073 166.425842
Custom
ClickActor "Ulteran Spire Portal"
1162.124634 -25.508455 160.308380
Wait
50
1162.124634 -25.508455 160.308380
Custom
TravelMap Antonica
1162.124634 -25.508455 160.308380
-2065.598877 43.761944 -629.631165
-2017.543945 43.761944 -644.893250
-1969.091553 43.761944 -658.416626
-1920.868652 43.761944 -671.876038
-1872.456299 43.761944 -685.389221
-1823.794678 43.761944 -698.972107
-1775.152588 43.761944 -712.549561
-1726.510620 43.761944 -726.127136
-1677.772949 43.761944 -739.731262
-1629.320679 43.761944 -753.254700
-1581.060181 43.761944 -766.724854
-1532.799438 43.761944 -780.195007
-1484.232300 43.761944 -793.750244
-1435.684082 43.761944 -807.300537
-1387.251587 43.761944 -820.818848
-1338.799194 43.761944 -834.342224
-1290.299072 43.761944 -821.518188
-1247.461670 43.761944 -795.327515
-1204.906372 43.761944 -769.067993
-1161.930054 43.761944 -742.547546
-1119.372681 43.761944 -716.288025
-1077.149170 33.131954 -691.127319
Custom
FlyDown
-1039.871948 19.734840 -667.008179
Custom
WaitForMob "Scholar Al'Quylar"
-1036.934204 15.118450 -667.610352
Custom
HailActor "Scholar Al'Quylar" 3
-1036.934204 15.118450 -667.610352
Wait
50
-1036.934204 15.118450 -667.610352
