The Bone Bladed Claymore
Custom
CheckPreReqs -ItemQty "ebon cluster" 1
0 0 0
Custom
MessageBox "goto a crushed librarian in stormhold library then resume"
0 0 0
Custom
HailActor "a crushed librarian" 8
-106.691536 -31.997499 -157.174667
-109.688316 -31.997499 -147.476685
Custom
ClickActor "ByLoc|-103.512939|-31.140900|-146.417969"
-104.750557 -31.997499 -145.216583
-99.773933 -31.997499 -145.289566
-89.533470 -31.997499 -145.057373
-79.530502 -31.997499 -145.093704
-73.807220 -31.997499 -145.216522
Custom
ClickActor "ByLoc|-75.356689|-31.140896|-139.566650"
-73.987381 -31.924953 -140.573242
-74.168671 -31.997499 -135.384674
Wait
20
-76.675591 -31.901583 -130.921661
Custom
ZoneDoor library_tunnel02
-74.057419 -31.997499 -130.195450
6.170112 -26.552019 -125.229134
14.958712 -24.802019 -120.580811
Wait
20
24.656124 -24.796520 -118.187630
Wait
20
25.056355 -24.794231 -108.449898
Wait
20
22.623516 -24.684326 -105.347404
Wait
20
23.729771 -24.800755 -96.640121
13.651907 -24.794222 -96.180275
4.929426 -19.651609 -96.377426
-5.181873 -19.616167 -96.549141
Wait
20
-6.273892 -19.616167 -95.871468
-6.308951 -19.616167 -85.661972
Wait
20
-6.346782 -19.616167 -84.241615
-16.410547 -19.624002 -84.451775
-26.515200 -19.635187 -84.446075
-36.041843 -22.774343 -84.193016
-46.029285 -24.823397 -83.927711
Wait
20
-48.595478 -24.823397 -83.859550
-48.953053 -24.823397 -93.979164
Wait
20
-48.977066 -24.823397 -98.134796
Custom
ClickActor "ByLoc|-54.975300|-23.966801|-99.346611"
-53.723118 -24.823397 -98.037682
-58.024952 -24.778013 -98.002068
-68.123169 -24.823412 -98.850311
-78.245026 -24.775892 -98.074043
Custom
ClickActor "ByLoc|-80.986649|-23.966793|-96.633247"
-80.237358 -24.755478 -97.961601
-82.429626 -24.823397 -97.043091
-92.447342 -24.377115 -97.478882
-101.696724 -20.545649 -96.708122
-111.822815 -20.172264 -95.996613
-121.116631 -16.116770 -95.831230
-131.183044 -15.997499 -95.687126
-141.278320 -15.887588 -95.687889
-151.025208 -15.696448 -93.081673
Wait
20
-153.465271 -15.183630 -92.902191
Wait
20
-155.042618 -13.962173 -97.407745
Wait
20
-150.028275 -12.469076 -100.352325
Wait
20
-147.314850 -10.937417 -94.866241
Wait
20
-151.543610 -9.175326 -91.488770
Wait
20
-154.998291 -7.925178 -97.173370
Wait
20
-150.921387 -6.709633 -100.333206
Wait
20
-146.617203 -5.470609 -96.888008
Wait
20
-147.917740 -4.450631 -92.620232
Wait
20
-154.279999 -2.739604 -93.849403
Wait
20
-153.634430 -1.438356 -99.615280
Wait
20
-148.169586 0.058031 -98.559074
Wait
20
-147.405411 1.279235 -93.988625
Wait
20
-151.803314 2.501547 -92.204163
Wait
20
-154.916260 4.052490 -97.361694
Wait
20
-151.749695 5.052504 -99.950897
Custom
ClickActor bone_bladed_claymore
-148.862534 5.056258 -97.664001
Wait
20
-148.862534 5.056258 -97.664001
Custom
ExamineItem "Inert Bone Bladed Claymore" 2
-148.862534 5.056258 -97.664001
Custom
ReplyDialog 1 1 1
-148.862534 5.056258 -97.664001
Wait
20
-156.108932 5.028370 -98.432404
-161.238617 -3.720936 -98.423782
-160.926834 -13.762408 -98.079163
-155.377411 -15.972486 -89.840508
-145.391220 -15.997500 -91.338974
Wait
20
-141.286621 -15.887588 -96.441971
-131.265579 -15.997500 -96.135162
-121.228035 -16.113338 -96.012863
-111.889549 -20.169146 -96.192268
-101.899788 -20.540173 -96.606148
-92.639275 -24.327940 -97.453171
Custom
ClickActor "ByLoc|-80.986649|-23.966793|-96.633247"
-82.780457 -24.823397 -97.876709
-72.772652 -24.775288 -98.005157
-62.660812 -24.760830 -98.713608
Custom
ClickActor "ByLoc|-54.975300|-23.966801|-99.346611"
-55.767525 -24.812834 -98.115540
Wait
20
-47.594254 -24.823397 -96.924072
Wait
20
-48.844753 -24.823397 -84.059578
-38.775459 -24.823397 -84.292854
-30.213917 -19.641932 -84.232513
-20.007732 -19.627169 -84.404854
-9.964259 -19.618324 -84.588028
Wait
20
-5.254220 -19.616167 -84.687019
-4.908661 -19.616167 -94.750732
Wait
20
-5.000527 -19.616167 -96.331169
5.138109 -19.802467 -96.276627
13.821594 -24.794222 -96.168221
Wait
20
23.663216 -24.801161 -96.133919
22.504028 -24.794233 -106.216560
20.093370 -24.119558 -116.070206
Wait
20
19.428843 -24.801603 -121.419197
9.253744 -24.802019 -121.202972
Custom
ZoneDoor library_tunnel01
3.696547 -26.552004 -127.961494
-76.285858 -31.897493 -131.484787
Wait
20
-76.285858 -31.897493 -131.484787
-76.285858 -31.897493 -131.484787
Custom
ClickActor "ByLoc|-75.356689|-31.140896|-139.566650"
-73.855095 -31.997499 -138.700806
Wait
20
-74.030624 -31.997499 -145.088257
Custom
ClickActor "ByLoc|-103.512939|-31.140900|-146.417969"
-102.024384 -31.997499 -145.273621
Wait
20
-108.698067 -31.997499 -145.270798
-111.706909 -31.997501 -152.495865
-117.360725 -31.997499 -160.881287
-119.550133 -31.997499 -170.744888
Custom
ApplyVerb -Actor stormhold_door -Verb unlock
-119.620163 -31.997499 -180.288971
Custom
ZoneDoor stormhold_door
-119.620163 -31.997499 -180.288971
-2500.319580 -37.126438 -251.505829
-2504.075439 -35.285275 -260.882019
-2506.865967 -35.224216 -270.630035
-2508.191162 -35.224216 -280.639038
-2508.108154 -36.467113 -290.897614
-2507.785645 13.536306 -295.295776
-2477.266846 52.356728 -286.031586
-2433.857910 73.535950 -272.854614
-2385.718262 73.535950 -258.239258
-2348.092041 73.535950 -224.949890
-2334.092285 73.535950 -176.656082
-2318.598633 73.535950 -128.852921
-2303.147705 73.535950 -81.179634
-2287.708252 73.535950 -33.543491
-2269.327637 73.535950 12.999189
-2233.256104 73.535950 48.082405
-2198.511230 73.535950 84.388481
-2163.872559 73.535950 120.581795
-2129.156738 73.535950 156.859634
-2094.372559 73.535950 193.207886
-2059.764404 73.535950 229.373032
-2025.061768 73.535950 265.636871
-1990.371948 73.535950 301.886932
-1955.668091 73.535950 338.151123
-1920.951294 73.535950 374.429382
-1886.261475 73.535950 410.679352
-1851.557617 73.535950 446.943512
-1816.854248 73.535950 483.207672
-1782.137451 73.535950 519.485596
-1747.434204 73.535950 555.748779
-1712.730835 73.535950 592.011719
-1678.041016 73.535950 628.260864
-1643.337769 73.535950 664.524048
-1608.621094 73.535950 700.801270
-1573.931396 73.535950 737.050110
-1539.227173 73.535950 773.313416
-1504.496216 73.535950 809.604858
Custom
FlyDown
-1469.016724 76.383682 846.678406
-1469.014771 -2.268084 846.687683
-1466.803711 -3.101438 856.518921
-1466.283569 -3.491162 866.726624
-1465.853516 -3.283605 876.778992
Custom
ZoneDoor zone_to_blackburrow_door
-1465.745239 -3.252199 879.314697
78.896317 -2.799689 21.611954
70.786003 -0.820167 16.101151
62.071213 -1.088578 11.113884
52.507179 0.171568 8.036227
42.565228 1.452731 7.764506
32.626526 0.002500 8.285686
22.562292 0.002500 8.191449
16.808128 1.287364 -0.081565
12.399234 0.002500 -9.060445
5.605026 0.002500 -16.472485
-3.973746 0.554659 -19.321844
Wait
20
-11.595513 0.881346 -20.953545
-5.430587 -2.030760 -28.391886
2.237092 -4.407515 -34.390694
-5.091006 -7.048130 -40.785160
-12.612934 -9.941528 -34.716446
-18.162661 -11.998378 -26.543755
-20.900042 -11.838719 -16.860996
-20.870892 -12.201378 -6.821502
-17.045506 -11.820007 2.424563
-13.445940 -12.453056 11.775229
-14.847425 -12.921502 21.723822
-17.009615 -13.229262 31.549679
-15.678138 -14.186345 41.450413
-14.079190 -15.053205 51.395397
-13.737744 -15.759076 61.457630
-15.882631 -16.182457 71.336662
-18.783161 -16.254114 80.925018
Wait
50
-22.987831 -16.251534 87.109535
Custom
ExamineItem "Inert Bone Bladed Claymore"
-22.987831 -16.251534 87.109535
Custom
ReplyDialog 1 1 1 1 1
-22.987831 -16.251534 87.109535
-19.060280 -16.244623 77.173927
-14.870756 -16.107796 67.987823
-11.996202 -15.503373 58.419872
-13.318838 -14.654648 48.472168
-16.037283 -13.908474 38.812202
-17.158373 -13.064373 28.776745
-15.308596 -12.953773 18.949659
-14.254928 -12.163711 8.943881
-18.044565 -11.698565 -0.365457
-22.151691 -12.193405 -9.535779
-22.176594 -12.029952 -19.593960
-17.817345 -11.747978 -28.645817
-11.273576 -9.473416 -35.942429
-7.022381 -7.464536 -41.346828
-1.394156 -5.943110 -40.923523
1.411875 -4.015232 -32.037994
-7.117878 -1.429581 -27.229042
-12.231599 0.875731 -20.915552
-0.480866 0.554258 -19.351166
8.984718 0.259504 -15.910831
16.576019 0.411076 -9.290768
24.027346 3.456292 -3.329242
31.565336 0.002500 2.454283
39.890602 1.404568 7.951089
49.880318 0.607683 8.005294
59.776485 -1.020995 8.886682
68.298241 -0.513179 14.286754
76.278915 -2.209140 20.141615
Custom
ZoneDoor zone_to_antonica_door
80.533211 -2.890472 22.658937
-1470.338379 -3.470831 862.843506
-1495.608398 37.120098 847.350037
-1537.637451 56.143463 827.256287
-1582.902588 56.143757 805.570984
-1628.167725 56.144054 783.885620
-1673.432861 56.144352 762.200256
-1718.697998 56.144650 740.514832
-1763.998291 56.144947 718.812683
-1809.245972 56.145245 697.135498
-1854.546387 56.145542 675.433289
-1899.864502 56.145664 653.719727
-1945.112549 56.145668 632.038025
-1990.395142 56.145687 610.339722
-2030.571655 56.145714 580.356323
-2064.888916 56.145714 543.540771
-2099.070068 56.145714 506.867584
-2133.421631 56.145714 470.010254
-2167.698730 56.145714 433.237854
-2201.984131 56.145714 396.451813
-2236.109619 56.145714 359.836975
-2269.530273 48.963501 323.278595
-2299.269043 25.353889 290.500946
-2328.788574 0.879496 258.213196
Custom
FlyDown
-2342.749023 -9.450118 240.959839
-2350.419678 -17.716597 227.342972
-2354.828369 -17.294575 218.290161
-2358.920410 -16.508034 209.007629
Custom
ZoneDoor to_stormhold_main_entrance
-2362.582275 -16.567894 199.916702
-32.995712 22.513025 40.356808
-29.657312 20.289803 31.053930
-28.672594 14.461669 22.926737
-33.452606 10.826493 14.749576
-30.327536 9.431478 5.325945
-24.206846 8.807745 -2.564960
-22.420160 7.502741 -12.407762
-22.646564 7.502740 -22.434727
-22.389570 7.502740 -32.436073
-22.511269 7.502741 -42.558376
Custom
ClickActor door_entry
-23.142626 8.669294 -47.606182
-22.981686 8.762544 -52.501740
-25.151548 8.762547 -62.363644
-24.057873 8.762547 -72.314224
-22.892941 8.762547 -82.311188
-21.955334 8.762547 -92.329117
-21.524118 8.762547 -102.382111
-16.792099 8.762547 -111.282051
Custom
ClickActor door_03
-13.178532 8.762547 -111.923988
-3.087725 8.900229 -111.497780
4.159899 9.000796 -111.307693
3.817787 9.001005 -101.314522
13.804834 9.000813 -102.060249
18.473272 9.001019 -102.290413
18.035463 5.569461 -92.906494
17.870819 5.002420 -89.193314
Wait
20
11.711521 5.002624 -90.154106
11.421452 5.002587 -80.108490
11.511545 5.002716 -77.085167
11.629250 5.002549 -87.122826
Wait
20
11.968841 5.002669 -77.853767
Wait
20
17.910427 5.002534 -77.760674
17.980274 5.002500 -67.684677
18.017977 5.002500 -57.580441
18.264383 5.002500 -47.579250
27.724022 2.717301 -45.222904
35.317726 1.002500 -44.168873
35.157745 0.868354 -34.054192
33.329815 1.214434 -24.155659
29.834726 1.965470 -14.729665
Custom
ClickActor door_05
28.174940 2.002500 -8.762369
27.949697 3.002500 1.273540
27.761190 3.595933 11.367099
Wait
20
28.025017 3.802499 15.397531
29.170746 3.757144 13.910059
29.940838 3.565902 12.773887
29.893866 -47.670238 13.221422
39.858986 -46.526505 12.136454
46.615105 -42.575317 5.901749
52.149769 -43.833492 -0.477675
58.472733 -49.413578 5.028544
64.629967 -50.644154 12.864450
73.662529 -46.489872 14.270894
82.777748 -47.711826 10.173124
87.780334 -52.078285 2.671372
97.138634 -54.891262 0.027277
102.301476 -53.635899 8.506752
111.117729 -56.375599 12.580898
119.433151 -55.330109 7.000214
126.167793 -53.824482 -0.237819
129.705643 -50.681705 -9.107826
128.730148 -48.999931 -18.971794
128.428802 -51.313511 -28.747652
119.301903 -48.444298 -24.830032
117.614807 -46.726067 -15.078637
122.084862 -46.843002 -8.961814
130.906723 -47.711357 -4.187364
139.804489 -49.136730 0.164076
148.937454 -48.736649 4.436067
157.732742 -51.858765 8.184204
165.518295 -53.804253 12.191119
164.513901 -56.171066 21.642305
155.135468 -54.485790 25.047186
145.630402 -52.200340 27.207676
141.152298 -51.388783 28.225523
139.856293 -48.726192 37.897675
142.222488 -48.142662 47.670658
142.294388 -48.177277 47.963348
139.765778 -50.501945 57.383789
139.632187 -50.738674 57.955257
129.494934 -51.300018 58.257080
122.275253 -52.700790 51.445492
112.887299 -50.180801 48.911556
105.850777 -50.786804 48.318485
105.608559 -48.917679 38.475208
106.549561 -48.741959 30.743893
102.462646 -46.587330 24.873186
102.828514 -44.084976 15.174648
102.699249 -43.188568 5.137222
101.293159 -43.623226 -4.866010
100.171417 -45.297440 -12.846384
107.038651 -47.904247 -18.701220
105.830116 -51.669533 -27.909107
104.520332 -55.853081 -37.888092
110.904602 -56.198967 -45.580582
115.082718 -55.868748 -51.514622
115.481644 -59.851509 -60.711758
106.029335 -61.436275 -63.892582
96.751457 -62.209152 -60.059528
86.813980 -62.021381 -61.326305
83.353485 -61.294231 -69.690605
86.474678 -63.694515 -78.969986
81.656235 -64.394592 -87.799698
71.809265 -62.905563 -89.497734
65.863068 -59.016899 -96.547455
62.883682 -57.804607 -100.373177
67.224892 -56.411732 -109.336624
69.211632 -55.870678 -115.175888
Custom
ClickActor "ByLoc|69.646942|-55.997478|-120.760719"
69.028976 -55.997501 -119.871918
Wait
20
69.198593 -55.997501 -123.423172
59.074776 -55.997501 -123.552956
49.082657 -55.891224 -123.126953
Wait
20
40.707432 -54.047489 -122.880898
40.947376 -52.047485 -132.021729
31.695517 -48.057964 -131.314392
Wait
20
29.158998 -47.997498 -131.309464
29.767448 -47.997501 -141.397675
39.613213 -45.997501 -142.196930
48.536781 -45.997501 -137.659622
57.672806 -45.997501 -133.577606
67.697800 -45.997498 -133.824295
Wait
20
76.518753 -45.985989 -133.537109
75.846428 -45.924393 -123.459839
74.229973 -43.304798 -113.808479
73.680290 -42.997501 -103.801422
73.820969 -42.997501 -93.764618
83.377975 -40.751556 -91.604195
92.975357 -37.997501 -92.682213
96.547356 -37.997501 -100.165123
86.636520 -35.997501 -100.143852
77.208488 -32.497498 -99.942024
67.779564 -28.997501 -99.722969
57.904842 -26.997499 -99.602615
Custom
ClickActor "ByLoc|46.043434|-26.140896|-97.563972"
47.836624 -26.997499 -99.078072
37.806648 -26.997501 -99.173698
37.432163 -26.997501 -89.120605
31.073299 -26.997499 -87.805336
31.502367 -25.300171 -77.938087
31.151134 -24.823389 -71.714500
41.168053 -24.823387 -71.992996
Custom
ClickActor "ByLoc|40.273193|-23.966797|-67.373291"
41.874802 -24.823395 -68.665886
41.194481 -24.823385 -60.960167
Wait
20
45.513390 -24.785994 -63.213898
Wait
20
52.640537 -20.823410 -63.336971
Wait
20
52.401947 -16.573223 -54.126236
Wait
20
45.719341 -16.573360 -50.320690
Custom
ClickActor "ByLoc|49.050316|-15.716522|-50.323074"
45.719341 -16.573360 -50.320690
51.113720 -16.573122 -46.553108
Wait
20
56.194778 -16.573122 -41.968491
63.362846 -16.573122 -48.982399
71.963272 -16.573124 -43.693264
66.418259 -16.573111 -35.369617
Wait
20
63.889282 -16.573116 -33.338512
Custom
ClickActor "ByLoc|70.369850|-15.716522|-25.166189"
69.546127 -16.573122 -27.501692
76.800453 -16.573032 -20.496605
Wait
50
83.637733 -16.573116 -13.812010
Custom
ExamineItem "Inert Bone Bladed Claymore"
83.637733 -16.573116 -13.812010
Custom
ReplyDialog 1 1 1 1 1
83.637733 -16.573116 -13.812010
76.561897 -16.573044 -20.959234
Custom
ClickActor "ByLoc|70.369850|-15.716522|-25.166189"
72.872276 -16.573151 -24.742212
66.573235 -16.573124 -31.200596
63.995792 -16.573107 -33.843246
71.005905 -16.573124 -40.977894
65.028229 -16.573124 -49.156422
56.690464 -16.573122 -43.421329
55.561859 -16.573124 -42.206593
Custom
ClickActor "ByLoc|49.050316|-15.716522|-50.323074"
48.888603 -16.490772 -48.761898
44.975208 -16.573286 -52.850014
Wait
20
52.724918 -16.573280 -54.886333
Wait
20
52.597183 -20.824694 -63.553253
43.370998 -24.823387 -62.958965
Custom
ClickActor "ByLoc|40.273193|-23.966797|-67.373291"
41.810215 -24.823397 -66.489738
Wait
20
41.677464 -24.823381 -72.841843
31.669409 -24.823387 -72.590988
22.734972 -24.823397 -72.393661
22.712694 -24.823221 -82.526855
22.807764 -24.801903 -92.598923
22.685812 -24.794228 -102.602097
20.422892 -24.794237 -112.366676
19.623470 -24.801416 -120.885246
10.189466 -24.802019 -124.518532
Custom
ZoneDoor library_tunnel01
3.676049 -26.794512 -128.899918
Wait
20
-76.540207 -31.897493 -131.525665
Custom
ClickActor "ByLoc|-75.356689|-31.140896|-139.566650"
-74.454445 -31.997499 -138.376831
-74.234344 -31.997499 -143.464554
Wait
20
-74.142105 -31.997499 -145.596634
-84.213928 -31.997499 -145.110382
-94.277626 -31.997499 -145.044617
Custom
ClickActor "ByLoc|-103.512939|-31.140900|-146.417969"
-100.662193 -31.997499 -145.080688
-110.766098 -31.997499 -145.137817
-108.257706 -31.997499 -154.934402
-107.362625 -31.997499 -164.995163
-109.817039 -31.997501 -174.719406
Custom
ZoneDoor stormhold_door
-118.472763 -31.997499 -180.806808
-2503.706543 -35.509083 -259.711426
-2508.141357 -35.224216 -268.756958
-2512.544434 -35.224216 -277.823914
-2515.222168 -36.596062 -287.587830
-2495.948242 6.780277 -303.388855
-2455.321533 27.299793 -324.848358
-2417.984131 44.346432 -353.897430
-2378.352051 44.124756 -384.974548
-2338.692383 44.123566 -416.073730
-2299.342773 44.122391 -446.930084
-2259.918945 44.121235 -477.844116
-2220.435303 44.120083 -508.804382
-2181.040527 44.118927 -539.694763
-2141.599121 44.117821 -570.619873
-2104.582764 33.615517 -602.613281
Custom
FlyDown
-2079.540527 18.736183 -627.373901
Custom
ClickActor "Ulteran Spire Portal"
-2067.903320 13.121142 -628.899719
Custom
TravelMap "Enchanted Lands"
-2067.903320 13.121142 -628.899719
-392.655151 24.419977 75.078018
-383.996124 68.996162 54.149494
-360.166687 82.207626 11.833967
-335.394073 81.717476 -32.116005
-312.654388 81.226761 -77.217766
-289.940460 81.038246 -122.271400
-267.396057 81.031448 -166.991364
-244.876907 81.024696 -211.661072
-222.298492 81.017906 -256.447968
-199.678009 81.011116 -301.318634
-177.091400 81.004303 -346.122314
-154.495987 80.997513 -390.942596
-131.782364 80.990707 -435.997620
-109.043442 80.983894 -481.102783
-86.405815 80.977081 -526.007019
-63.759838 80.970253 -570.928528
-41.198223 80.963448 -615.682373
-18.619722 80.956589 -660.469482
3.924979 80.949799 -705.189880
26.461243 80.942986 -749.893188
49.056610 80.936142 -794.713928
67.698349 69.334610 -839.996094
81.049644 49.407375 -884.061157
Custom
FlyDown
88.970619 42.879726 -905.105896
88.232986 38.864017 -914.655151
87.569809 39.131126 -924.792175
88.104523 37.050919 -934.668884
92.285767 34.253765 -943.834290
100.194252 31.615452 -949.590210
109.988853 30.265068 -951.781067
Custom
ZoneDoor "zone_to_runnyeye" 1
116.725342 29.624947 -951.539551
-93.751579 -27.997499 56.522366
-83.713837 -27.806273 56.741302
-74.758873 -26.997549 56.914673
-72.445465 -26.997549 66.683617
-65.196091 -26.997585 73.750534
-57.764122 -27.773577 79.581924
-58.470337 -27.789507 89.582260
-60.934845 -27.997499 97.650864
-70.620689 -27.997507 100.567139
-75.888771 -27.997509 103.865608
-76.646042 -27.997499 113.893860
-76.859177 -27.997499 118.376663
-86.868835 -27.997499 119.341270
-96.853119 -27.997499 118.565033
-104.316795 -27.997499 115.012741
-105.123940 -27.997499 104.957298
-105.785622 -27.997501 94.889511
-113.194633 -27.649166 89.840324
-121.191978 -25.178993 89.288528
-121.824493 -21.898884 79.846169
-118.199532 -19.076225 73.193840
-109.319824 -16.027994 73.549820
-104.783073 -14.396976 81.024994
-106.628044 -13.342466 89.075729
-113.418678 -11.303565 93.014984
-123.333740 -9.966297 92.570992
-127.852348 -8.310665 92.428444
-132.387039 -5.844894 86.279922
-129.789963 -2.641943 77.985229
-123.577621 -0.436184 75.036850
-113.491638 0.000590 75.628647
-103.425011 0.002500 75.084373
-94.868355 0.002500 74.579628
-90.983482 0.002500 65.242592
-84.132591 0.002500 57.934345
-74.080612 0.226436 57.196247
-63.982052 0.699234 56.949371
-53.884769 0.253582 57.051987
-43.762802 0.232264 56.929363
-33.731667 0.345464 56.800297
-29.091208 0.002500 56.727684
-24.306454 0.002498 48.071064
-25.187994 0.226421 38.042976
-27.158297 1.002500 28.155466
-30.203245 1.002500 18.594189
-23.856464 1.002500 10.784854
-13.970515 1.002501 12.604968
Custom
ClickActor "The Underfoot Forge"
-9.983936 1.002502 5.091045
Wait
20
-9.983936 1.002502 5.091045
Custom
ExamineItem "Inert Bone Bladed Claymore"
-9.983936 1.002502 5.091045
Custom
ReplyDialog 1 1
-9.983936 1.002502 5.091045
Custom
MessageBox "Go Kill 1000 Sentient Beings and Resume inside stormhold at the entrance"
-9.983936 1.002502 5.091045
Custom
ExamineItem "Inert Bone Bladed Claymore"
-32.509056 22.966202 38.911896
Custom
ReplyDialog 1 1 1 1
-32.509056 22.966202 38.911896
-29.556519 19.886318 29.826571
-29.315920 13.799071 21.788233
-34.891899 10.564798 14.112638
-30.049908 9.451822 5.321489
-23.630951 8.807626 -2.375116
-23.814613 7.502740 -12.289286
-23.698874 7.502740 -22.337566
-23.297092 7.502740 -32.406567
-23.835522 7.502741 -42.427036
Custom
ClickActor door_entry_1
-23.237482 8.669293 -47.892826
-24.378752 8.762547 -57.839462
-24.636730 8.762547 -67.888634
-24.918140 8.762547 -77.958527
-24.179861 8.762548 -88.046005
-22.880987 8.762547 -98.093445
-26.152519 8.762547 -107.545784
Custom
ClickActor door_02
-28.877285 8.762548 -107.217834
-34.418369 8.089603 -106.888519
-43.557686 5.571000 -110.303032
-53.577724 5.000124 -110.956161
-55.357105 5.000124 -119.473602
-65.388390 5.000124 -119.594116
-75.417114 5.000124 -119.300369
-79.882904 3.483186 -119.123268
-82.037926 4.954661 -120.707031
-83.316841 4.977908 -121.580208
-93.361084 4.977880 -122.439812
-103.386253 4.989000 -122.662552
-103.521004 4.989000 -112.623665
-103.580544 4.989000 -110.551270
-113.652519 4.989000 -110.361778
-123.657204 4.989000 -110.290459
-131.580612 5.001019 -109.677574
-133.134552 5.002500 -99.753983
-133.187332 5.002500 -95.968124
Custom
ClickActor "ByLoc|-141.251450|5.859100|-97.315567"
-139.572983 5.002500 -95.980148
Wait
50
-148.776413 5.672100 -97.382751
Custom
ExamineItem "Inert Bone Bladed Claymore"
-148.776413 5.672100 -97.382751
Custom
ReplyDialog 1 1
-148.776413 5.672100 -97.382751
