A Stitch in Time"," Part IV: A Favor of Love
Custom
ZoneDoor "zone_to_pom" 0
91.878334 2.938255 159.414825
Custom
HailActor "Druzzil Ro" 9
-768.569519 343.427216 1091.888794
-767.198181 344.844238 1070.236572
-765.591125 346.039764 1060.074829
-763.634949 347.396149 1050.315063
Custom
ZoneDoor "Shard of Hate Portal" "Shard of Hate: Eye Spy"
-762.994995 347.408905 1047.243286
Custom
Instance
0 0 0
Custom
ZoneDoor "Exit Door" 0
46.131435 0.191766 296.413422
-768.225037 347.396149 1047.524414
-767.605713 347.009583 1037.431885
-760.907410 346.430054 1029.743164
Custom
ClickActor "Teleporter 5 Discovered"
-756.550964 345.945892 1027.029175
Custom
TravelMap "Scintillating Spires" -1
-756.550964 345.945892 1027.029175
1124.478516 771.524902 -1453.547852
1134.484863 771.698181 -1453.186768
1142.504028 773.225647 -1459.089111
1150.472046 771.354431 -1465.313721
1158.483765 771.703003 -1471.614746
1166.583252 773.019958 -1478.092529
1174.766235 775.044006 -1483.731323
1184.316772 776.856140 -1487.117798
1194.146118 779.745544 -1487.421875
1204.124390 782.173096 -1485.618286
1214.151489 783.868774 -1483.749390
1224.182251 784.691956 -1482.603027
1233.253906 785.192078 -1486.859985
1239.362305 785.872498 -1495.003174
1240.951904 787.511353 -1505.047607
1238.151733 789.157837 -1514.688965
1232.555054 790.803101 -1522.969238
1224.500244 791.938232 -1529.369629
1215.803467 792.461914 -1534.545044
1207.123779 793.153931 -1539.748291
1199.980713 793.776245 -1546.889404
1196.496704 794.134521 -1556.564575
1197.422363 794.314087 -1566.680420
1202.451294 793.693054 -1575.488892
1209.497681 792.281067 -1582.749634
1218.021851 790.444946 -1587.824097
1226.735107 787.743530 -1592.110840
1235.002441 783.069641 -1596.330811
1243.804565 780.099487 -1600.376953
1253.080811 780.571106 -1604.572754
Custom
ClickActor "Ulteran Spire Portal"
1256.814209 780.579590 -1606.406738
Custom
TravelMap "Nektulos Forest"
1256.814209 780.579590 -1606.406738
-340.253906 44.313492 -633.727478
-371.787048 75.026825 -658.028198
-411.427429 75.026825 -688.576172
-451.287598 75.026825 -719.294312
-491.399628 75.026825 -750.206238
-531.008301 75.026825 -780.730164
-571.247375 75.026825 -811.739014
-611.281616 75.026825 -842.590637
-651.316223 75.026825 -873.441895
-691.004639 75.026825 -904.026550
-730.807739 76.165176 -934.699707
-764.949646 101.560333 -961.010376
-802.229248 118.495140 -989.739075
-841.949768 118.495140 -1020.348450
-881.716858 118.495140 -1050.994751
-921.388977 118.495140 -1081.567627
-961.045593 118.495140 -1112.127441
-1000.922302 118.495140 -1142.857056
-1040.749634 118.495140 -1173.549683
-1080.495728 118.495140 -1204.183105
-1120.163330 118.495140 -1234.755737
-1156.848389 118.765594 -1268.738525
-1194.304565 118.765594 -1302.909790
-1231.261963 118.765594 -1336.624756
-1268.349609 107.785988 -1368.712036
-1298.264771 73.141983 -1389.462158
-1334.602295 38.698055 -1392.498657
Custom
FlyDown
-1342.473755 29.903587 -1398.440796
Custom
MessageBox "Go find and speak to a wandering hermet then resume back here"
-1349.492188 17.801748 -1399.635620
-1349.661011 77.086418 -1400.058716
-1349.732544 106.441803 -1359.475586
-1332.154053 96.477928 -1313.507202
-1307.139282 96.475426 -1269.995361
-1274.420532 96.475426 -1232.102905
-1241.848999 96.475426 -1194.055298
-1201.323608 96.475426 -1164.369873
-1157.828857 96.475426 -1138.941895
-1114.539551 96.475426 -1113.632690
-1071.164673 96.475426 -1088.275146
-1026.634033 96.475426 -1064.750977
-981.711609 96.475426 -1042.067749
-936.931091 96.475426 -1019.456848
-891.973389 96.475426 -996.757019
-847.228027 96.475426 -974.164490
-802.483337 96.475426 -951.571655
-757.578491 96.475426 -928.898560
-712.656006 96.475426 -906.216309
-667.768799 96.475426 -883.552063
-624.283936 96.475426 -858.691101
-583.026672 96.475426 -830.085022
-541.851074 96.475426 -801.535645
-500.463318 96.475426 -772.839233
-459.907349 88.541779 -744.593262
-426.402069 59.294029 -720.755188
-393.347717 29.131859 -698.381958
Custom
FlyDown
-351.102112 7.915007 -658.787903
Custom
ClickActor "Ulteran Spire Portal"
-340.582153 2.144663 -635.440247
Custom
TravelMap "Plane of Magic"
-340.582153 2.144663 -635.440247
1215.672852 783.233582 -1642.148193
1199.681641 788.471558 -1612.644897
1195.216919 789.837769 -1603.781006
1190.339355 791.441406 -1595.068115
1185.118164 792.859558 -1586.195679
1184.506470 793.762756 -1576.183594
1189.048706 794.568665 -1567.041016
1194.925537 794.397949 -1558.444702
1200.604980 793.707275 -1550.138672
1206.619507 792.974182 -1542.125366
1213.703979 792.707642 -1535.053467
1221.696167 792.152283 -1528.817139
1229.849121 790.916077 -1522.756226
1237.111816 789.320862 -1515.660645
1239.708740 787.554749 -1505.983643
1239.262573 785.931274 -1495.653809
1235.398438 785.021851 -1485.994629
1227.854614 784.557007 -1479.360474
1217.865112 784.065247 -1478.838135
1208.090942 782.809509 -1481.145996
1198.545898 780.816956 -1483.405273
1188.830200 778.148865 -1485.617920
1179.236328 775.542297 -1487.561401
1169.462280 773.585205 -1486.509644
1161.057983 772.713867 -1480.538574
1154.936279 771.684875 -1472.569458
1149.357178 771.361755 -1464.079346
1143.794434 771.506531 -1455.392944
1138.063843 771.533264 -1446.848511
1128.099487 771.256470 -1448.195801
1118.323853 771.210388 -1450.831055
Custom
ClickActor "Teleporter 1 Discovered"
1112.014648 771.764709 -1455.271606
Custom
TravelMap "Valor's Roost" -1
1112.014648 771.764709 -1455.271606
-764.876892 345.608948 1022.914490
Custom
FlyUp 5
-764.876892 345.608948 1022.914490
-766.975952 349.664276 1032.160400
Custom
FlyDown
-768.919617 349.664276 1040.722290
-771.062500 346.748474 1050.253540
-772.512573 345.425812 1060.127197
-772.648926 344.503479 1070.151001
-771.447876 343.938873 1080.274292
-768.250000 343.522278 1089.741211
Custom
HailActor "Druzzil Ro" 12
-768.239746 343.481049 1090.726196
-775.745178 343.508270 1097.505249
-780.996155 343.799133 1106.051025
Custom
ZoneDoor "zone_to_pov" 0
-784.400757 344.571716 1112.951782
Custom
MessageBox "Go Speak with Varig Ro and Resume in front of Druzzil Ro in here"
81.895966 2.938255 142.645554
Custom
HailActor "Druzzil Ro" 10
0.342208 6.007894 0.899059
-9.812937 6.343297 0.769800
-20.035921 5.906928 0.639677
-30.154602 5.586051 0.510881
-40.410748 5.397841 0.380336
-50.432938 4.673956 0.252769
-60.474617 3.487848 0.124954
-70.400169 1.805152 0.919617
-79.944763 0.121310 3.471905
-88.912033 -0.002367 8.112216
-95.875946 -0.002706 15.324934
Custom
HailActor "Erollisi Marr" 20
-104.408485 0.001765 25.733074
-111.362274 0.001453 33.033279
-117.707375 -0.000017 40.887581
-123.755600 -0.000932 48.999416
-125.117500 0.000089 58.925732
-122.106934 0.002208 68.638802
-116.479691 0.000797 76.932693
-109.568413 -0.001178 84.616852
-102.741226 0.000947 92.193108
-95.863434 0.001932 99.723358
-88.485275 -0.000166 106.594673
-79.703552 -0.000319 111.579643
-70.298470 0.001801 115.044357
-60.856800 0.001135 118.522537
-51.250401 -0.001446 122.061409
-41.808674 0.000666 125.539612
-32.092491 0.001996 129.118896
-22.522696 -0.000300 132.644287
-12.788634 -0.000289 135.156509
-2.795349 0.001918 135.886871
7.507228 0.000937 135.659714
17.664156 -0.001385 134.989746
27.723806 0.000837 134.326172
38.036404 0.002052 133.645950
48.202286 0.000267 133.189224
58.458344 -0.000190 133.269669
68.569443 0.001384 135.075958
77.799736 1.674006 139.159897
84.177071 2.938255 146.969650
89.093925 2.938255 155.971329
Custom
ZoneDoor "zone_to_pom" 0
92.764389 2.938255 161.768768
-776.310974 343.820923 1075.467285
-774.683289 344.671417 1065.387085
-773.037842 345.919464 1055.195801
-771.479065 347.009583 1045.196655
-769.971252 347.009583 1035.268311
-766.590942 345.859253 1025.690552
-756.617920 345.794525 1024.405518
Custom
ClickActor "Teleporter 5 Discovered"
-755.861389 345.926849 1026.689331
Custom
TravelMap "Scintillating Spires" -1
-755.861389 345.926849 1026.689331
1125.360718 771.070923 -1447.655884
1134.900146 771.206787 -1444.129272
1141.885254 771.414368 -1451.725952
1147.492310 771.350525 -1460.415894
1153.084595 771.516846 -1469.082153
1158.667236 772.307373 -1477.709595
1166.476440 773.376587 -1483.970459
1176.140991 775.044556 -1486.439331
1186.101440 777.372192 -1487.311890
1195.715576 779.943298 -1485.045776
1205.157959 782.187439 -1482.182617
1214.819702 783.770386 -1479.381836
1224.820557 784.483887 -1480.244385
1233.260620 785.124023 -1485.875610
1237.100586 785.664490 -1495.272217
1237.569702 787.272400 -1505.400513
1236.092285 789.248291 -1515.417603
1231.421997 791.021545 -1524.174805
1223.275513 792.012024 -1530.138550
1214.362793 792.621643 -1535.056396
1206.008423 793.229309 -1540.984009
1203.266479 793.294556 -1550.642334
1201.710083 793.673950 -1560.610352
1203.694458 793.803345 -1570.512329
1206.152344 792.966431 -1580.388794
1212.852295 791.236694 -1587.817871
1222.149536 789.084351 -1590.920288
1230.631226 785.296448 -1594.636108
1239.275269 781.065247 -1598.754028
1248.414795 779.529907 -1603.101196
Custom
ClickActor "Ulteran Spire Portal"
1256.376343 780.579590 -1606.928345
Custom
TravelMap Antonica
1256.376343 780.579590 -1606.928345
-2069.784912 52.959934 -632.554138
-2023.485474 52.956890 -613.125854
-1977.193115 52.953819 -593.699829
-1933.087402 52.952751 -569.206299
-1890.238037 52.952751 -542.627258
-1847.743164 52.952751 -516.268616
-1805.180786 52.952751 -489.867859
-1762.128662 52.952751 -463.163177
-1719.194946 52.952751 -436.531860
-1676.565186 52.952751 -410.088928
-1633.799927 52.952751 -383.562744
-1591.067993 52.952751 -357.057343
-1548.454346 52.952751 -330.625061
-1505.655151 52.952751 -304.077789
-1462.957397 52.952751 -277.593292
-1422.588623 69.648575 -252.554230
-1392.288086 105.302841 -233.760239
-1362.059082 136.164963 -208.392090
-1331.691284 155.461075 -173.417664
-1298.955200 155.461075 -135.172607
-1266.258179 155.461075 -96.973152
-1233.430054 155.461075 -58.622738
-1200.846924 155.461075 -20.558985
-1165.016235 155.461075 14.768660
-1121.155273 155.461075 38.951046
-1077.051025 155.461075 63.268402
-986.320435 155.461075 113.294426
-942.443909 155.461075 137.486908
-898.550293 155.461075 161.688889
-855.782288 143.432251 185.462418
-815.043396 126.425308 209.011475
-781.732483 94.489456 228.753403
-759.117432 51.372585 240.820816
Custom
FlyDown
-758.899597 50.866650 240.906693
-758.876038 -13.053278 240.893326
-723.111511 -15.956912 259.721283
-699.506775 -16.244659 247.100250
-692.079712 -16.245575 229.717972
-701.637573 -16.249018 218.424820
-722.906189 -15.898822 236.581024
Custom
ClickActor "Devotion Chain"
-730.730286 -15.899580 241.041565
-701.859314 -16.248600 219.235504
-701.859314 30.701916 219.235504
-671.157532 43.275078 257.094879
-639.661682 43.275078 295.934174
-603.777283 43.275078 331.238525
-564.135803 65.226997 352.879639
-519.877747 72.394371 375.449249
-475.046753 72.394371 398.311035
-430.251465 72.394371 421.155426
-385.544800 72.394371 443.954651
-340.466339 72.394371 466.943451
-295.919037 72.394371 489.661377
-251.106201 72.394371 512.514771
-206.027832 72.394371 535.503540
-161.215042 72.394371 558.357178
-116.437637 72.394371 581.192505
-71.376945 72.394371 604.172363
-26.369400 72.394371 627.125183
18.801481 72.394371 649.089966
66.078583 72.394371 665.922974
113.224358 72.394371 682.710205
160.913025 72.394371 699.691101
208.258835 66.310059 715.082642
253.228821 47.109776 726.163330
296.339905 24.164198 736.925110
336.867371 -3.294372 747.116028
Custom
FlyDown
344.456726 -8.441467 748.996582
363.792511 -23.650110 754.986389
403.234589 -38.035732 782.155457
404.455750 -38.136391 782.995056
405.947205 -39.031712 805.724915
Custom
ClickActor mariners_bell
438.342255 -37.501137 820.120789
Custom
TravelMap "Frostfang Sea"
438.342255 -37.501137 820.120789
-378.530151 51.262749 209.074448
-385.096710 66.893677 161.671127
-396.185059 93.648125 120.600502
-381.952545 105.116783 74.032967
-367.370422 99.198174 32.046131
-318.718079 107.938591 39.595066
-281.429657 105.749916 45.776886
-272.783142 110.864822 45.941998
-265.410889 117.229347 43.583736
-258.581635 122.783279 38.066940
-252.309250 127.296631 31.474298
-246.431046 131.892578 24.776440
-239.848099 133.965897 17.459650
-231.409088 135.264435 11.517181
-222.562668 136.134827 6.658786
-212.939804 136.138687 2.845449
-203.475494 136.881393 -0.512411
-193.950165 137.878937 -3.562944
-184.031357 139.115295 -6.322790
-174.155350 140.583847 -8.944163
-164.317001 142.025757 -11.555530
-154.384415 142.944168 -14.191912
-144.432999 144.373062 -16.833296
-134.632080 145.682037 -19.434734
-124.561584 145.906265 -21.938341
-114.422150 145.957230 -24.255909
-104.291748 145.920792 -26.579466
-94.216415 145.686554 -28.881561
-84.388756 145.747574 -31.036541
-74.236839 147.323395 -32.752182
-64.100235 147.720810 -34.318172
-54.156761 147.693298 -35.725021
-44.039520 147.868073 -37.156456
-34.096054 148.458130 -38.563301
-23.940199 146.585617 -40.000202
-13.692427 146.172668 -41.482178
-3.361660 146.342422 -43.069351
6.629251 148.358215 -44.682865
16.491749 146.119019 -45.502541
26.475626 148.077805 -45.780586
36.632526 148.585815 -45.587013
Custom
ClickActor "Golden Casing"
40.794647 149.605606 -45.623989
30.625969 148.139786 -45.702312
20.641596 147.619354 -46.065460
10.354724 148.682434 -45.966724
0.459162 146.443253 -45.566833
-9.324852 146.140854 -43.451550
-19.323183 146.312897 -40.913265
-29.661716 147.686676 -38.288601
-39.357639 148.302032 -35.827091
-49.355976 147.566330 -33.288811
-59.165295 147.422455 -30.798519
-69.163620 147.239594 -28.260242
-79.067436 146.587189 -25.745958
-89.103592 146.389145 -23.198078
-98.931816 146.651016 -20.702980
-108.734406 146.209656 -18.438232
-118.792549 145.808685 -16.237972
-128.603043 145.348755 -14.091887
-138.604034 144.622192 -11.904126
-148.776505 143.928970 -9.678864
-158.777481 144.038300 -7.491104
-168.511810 142.371811 -5.361687
-178.208084 139.748398 -3.240604
-188.018585 138.287262 -1.094517
-198.057693 136.996445 1.101576
-207.868164 136.462341 3.247663
-217.913010 136.237198 5.711571
-227.383240 135.849213 9.739084
-235.750916 134.712860 15.361518
-244.569000 132.838287 20.354067
-252.064209 128.294098 25.389563
-258.787415 123.643349 31.559664
-265.116760 118.377434 37.438759
-271.167572 112.621460 43.015636
-278.446289 107.316322 47.725124
-287.574951 102.697029 49.277252
-297.207428 99.559029 48.696312
-306.879761 98.441093 46.073746
-316.580170 95.565308 43.328014
-326.496979 95.529434 40.352840
-336.229309 94.185455 37.442379
-345.507416 91.338257 34.927029
-355.423462 89.596382 32.311550
-364.660248 89.598999 27.890388
-372.466705 89.596367 21.254053
-377.193665 86.625839 12.802621
-379.796600 82.838615 3.814840
-382.474274 78.606613 -5.174326
-385.172272 74.562813 -14.157268
-393.131317 74.104225 -20.289379
-401.393524 74.100296 -14.219687
-407.913269 69.093246 -7.739425
-412.688812 63.806877 -0.620386
-415.263367 58.281620 7.395560
-415.281952 53.860348 16.574911
-415.089783 52.789516 26.791084
-415.035950 52.789516 36.793488
-413.831818 52.789516 46.721710
-411.552094 50.235336 56.219784
-408.817596 46.936989 65.476601
-405.884247 43.088989 74.385582
-402.961121 39.240982 83.297928
-399.990356 35.296978 92.440887
-397.389679 31.284668 101.433990
-394.785583 28.872150 111.459808
-392.218811 29.809341 121.188881
-389.716705 26.777943 130.672836
-387.139984 26.471201 140.439621
-384.583160 26.424349 150.130951
-382.016388 27.379814 159.859985
-379.379974 28.183146 169.852982
-377.094116 28.749872 179.750366
-375.091187 29.191654 189.768372
-374.172760 29.194326 200.087814
-375.168610 29.194324 210.117584
Custom
FlyDown
-375.168610 29.194324 210.117584
Custom
ClickActor mariners_bell
-375.478912 29.194328 215.235916
Custom
TravelMap "Moors of Ykesha"
-375.478912 29.194328 215.235916
1904.402832 453.335205 1004.846375
1897.097046 453.186584 997.373291
1889.760864 453.186584 989.869141
1882.468384 453.338440 982.307434
1876.068359 453.186584 974.342712
1869.590942 453.270081 966.043640
1864.462891 453.270081 957.077332
1859.803833 453.270081 948.148743
1854.638916 452.564026 939.382080
1848.483887 452.564026 931.130737
1841.952881 452.564026 922.945435
1835.482056 452.564026 914.837158
1829.144897 452.564026 906.896301
1822.892822 452.564026 899.062256
1816.604370 452.564026 891.182495
1809.805054 452.564026 883.350708
1802.921387 452.564056 875.799683
1795.945557 452.564087 868.147827
1789.968750 452.419373 859.908142
1787.194946 452.564026 849.941772
1790.798462 452.564026 840.444885
1796.613403 452.563995 832.162170
1802.986328 452.564026 824.381042
1813.212402 452.563965 823.109558
1822.409912 452.564026 827.270874
1831.522583 452.563934 832.024719
1840.351929 453.017151 837.446716
Custom
Target "Work Bench"
1843.868530 453.017151 836.084290
Custom
CraftIt "Erollisi's Favor"
1843.868530 453.017151 836.084290
1835.383179 452.563904 830.484619
1825.658569 452.563995 827.391113
1815.509277 452.563995 826.623047
1805.236084 452.563904 826.407288
1795.038086 452.563873 825.670410
1785.164429 452.563843 822.799255
1776.023438 452.563965 818.499695
1768.034058 452.564026 811.856018
1764.208008 452.564026 802.298340
1762.890747 452.564026 792.223145
1761.697144 452.564026 782.217346
1761.691162 452.563995 772.157166
1764.544922 452.563843 762.512024
1765.429077 450.671204 752.724182
1765.335815 452.793427 742.635132
Custom
ClickActor "Ulteran Spire Portal" 
1766.721313 452.628204 735.246094
Custom
TravelMap "Plane of Magic"
1766.721313 452.628204 735.246094
1253.754761 778.902588 -1635.031738
1244.644409 778.826172 -1639.434082
1235.232666 779.445923 -1643.068115
1225.401001 781.342285 -1640.464478
1217.333252 783.311035 -1634.820801
1210.213989 785.293640 -1627.995239
1203.637451 786.993469 -1620.433960
1197.643188 788.913696 -1612.494507
1199.317017 790.156860 -1602.682373
1203.470337 791.518555 -1593.368408
1206.793213 792.530701 -1583.670288
1208.740845 793.170349 -1573.878174
1210.675537 793.301086 -1563.786133
1211.444214 793.419556 -1553.739502
1210.027344 792.883911 -1537.227661
1218.822998 792.204407 -1531.857666
1227.277954 791.420410 -1526.264038
1234.009766 790.050171 -1518.730469
1238.474731 788.184631 -1509.760986
1239.148804 786.369812 -1499.788574
1237.068970 785.228088 -1489.746094
1230.770752 784.740112 -1481.743774
1221.424316 784.452271 -1477.433228
1211.235962 783.601746 -1478.188110
1201.729248 781.764160 -1480.900635
1192.073608 779.289368 -1483.731445
1182.518188 776.488220 -1486.210571
1172.522949 774.512695 -1484.780273
1164.416748 772.867126 -1478.762207
1157.150391 771.848816 -1471.804199
1150.072998 771.340027 -1464.679077
1142.982056 771.521301 -1457.540527
1134.734863 771.639771 -1451.724854
1124.588745 771.318848 -1450.849121
1114.974243 771.760132 -1454.016968
Custom
ClickActor "Teleporter 1 Discovered"
1112.389282 771.764709 -1455.093384
Custom
TravelMap "Valor's Roost" -1
1112.389282 771.764709 -1455.093384
Custom
FlyUp 5
-755.640015 345.929993 1026.800049
-755.640015 351.128357 1026.800049
-758.709167 351.128357 1036.355713
-761.796997 351.128357 1045.970093
Custom
FlyDown
-764.525452 351.128357 1054.465088
-767.098511 345.587097 1062.463623
-770.174133 344.477142 1072.040161
-773.387390 343.759491 1082.044800
-776.544067 343.357269 1091.618652
-780.034668 343.755219 1101.303955
-783.653564 344.437561 1110.940918
Custom
ZoneDoor zone_to_pov 0
-785.604492 344.658020 1116.599976
Custom
MessageBox "Go turn in to varig ro and resume in front of molten throne"
83.402534 2.938255 142.994370
