From the Ruins
Custom
HailActor "Researcher Aillena Belzia" 5
-157.489471 6.802618 -905.810913
-166.859924 6.957685 -909.592102
-176.211365 7.568616 -913.150330
-184.056992 12.104215 -917.778931
-190.621170 16.205168 -924.281616
-198.345169 20.621004 -929.327759
-206.456879 26.086216 -931.946045
-215.006393 31.445744 -933.109558
-223.664795 37.022053 -933.895264
-232.418137 42.222149 -934.680725
-241.608582 46.077293 -935.528015
-251.074341 47.314304 -938.673279
-259.797974 47.225777 -943.908936
-268.402130 49.392906 -949.129639
-276.508087 53.166416 -954.048096
-284.108002 58.085876 -958.677368
-292.024078 62.385029 -963.895508
-300.291321 64.235916 -969.323181
-309.543091 64.060349 -973.943787
-318.772247 62.738445 -977.955872
-328.588593 61.216740 -981.466614
-338.332520 60.828487 -984.708435
-348.093475 62.459663 -987.513855
-357.868591 64.166405 -989.614319
-367.841125 66.750259 -990.576660
-377.235016 70.439636 -991.228577
-385.729126 76.219177 -992.504822
-391.676147 83.598450 -996.322571
-399.857025 89.306366 -999.073608
-409.432831 91.686714 -1001.258789
-418.534851 92.693382 -1005.416443
-426.589203 93.081009 -1011.418274
-433.608765 96.048531 -1018.464111
-439.073029 99.273941 -1026.356445
Custom
ClickActor "ancient debris" 1
-442.317657 100.813835 -1031.639160
-450.012543 102.283745 -1025.047607
-457.647919 102.557884 -1018.507019
-467.019775 102.717773 -1014.779846
-476.929718 101.720047 -1016.184387
-486.901855 101.437752 -1019.174133
-496.377686 102.850136 -1022.633728
-505.697449 102.795921 -1027.057251
-515.410767 102.683311 -1029.623901
Custom
ClickActor "ancient debris" 1
-518.877686 102.631721 -1029.049561
-509.123199 103.271484 -1031.946533
-502.855804 108.022972 -1038.480103
-504.732452 113.418915 -1046.855469
-512.305054 115.869087 -1053.265015
-521.986694 115.213394 -1056.932129
-529.227539 109.130951 -1060.786133
-534.041565 105.031479 -1068.763916
-531.352783 102.666634 -1078.182983
-528.926331 99.658844 -1087.671631
-526.356079 97.104347 -1097.199341
Custom
ClickActor "ancient debris" 1 
-525.669373 96.394043 -1099.790405
Wait
100
-525.669373 96.394043 -1099.790405
-515.827759 99.137253 -1098.361084
-506.290405 100.683914 -1102.288940
-496.732971 102.101265 -1106.211426
-487.324921 102.743767 -1109.959839
-477.755981 102.287689 -1113.772217
-468.378479 100.723816 -1117.632324
-460.942810 97.884361 -1123.947754
-454.372742 95.514175 -1131.121216
-447.587860 93.889938 -1138.511841
-440.727570 92.165237 -1145.677490
-432.236237 89.313057 -1150.229370
-424.155243 82.704674 -1151.229492
-419.759521 73.717224 -1152.029419
-414.379791 65.536469 -1154.553345
-406.903473 59.343075 -1157.823853
-398.205933 58.195148 -1162.726074
Custom
PathKill 221 25 25 1 1 1 "an arcane runestone" "I destroyed the curse-inflicting runestone that attacked me on the isle of Grim Shales" 1
-394.501801 58.430717 -1166.708496
-390.589813 59.882183 -1175.904785
-394.472168 61.636955 -1185.143311
-404.099152 59.005733 -1187.488037
-413.862610 57.963699 -1189.648682
-423.426117 60.262325 -1191.770874
-432.697418 64.623734 -1192.398804
-440.325836 71.556992 -1192.788696
-450.512939 71.092628 -1193.541138
-458.980774 67.289352 -1197.695557
-464.010193 63.319092 -1205.709961
-468.932892 62.313335 -1214.653564
-472.716187 62.906654 -1224.167603
-482.683411 62.573181 -1226.329102
-492.647614 60.986168 -1226.652588
-502.443695 61.258774 -1229.727417
-510.214264 56.448853 -1234.434692
-514.277100 47.333595 -1236.257202
-522.247925 40.804867 -1236.678101
-530.919312 35.564014 -1236.318481
-535.387573 30.748022 -1243.984741
-530.972473 26.036026 -1252.038574
-526.140137 21.849173 -1259.895996
-520.761475 17.156572 -1266.993652
-515.185242 19.588736 -1275.193604
-513.104980 28.920355 -1279.207520
-511.012604 37.504845 -1285.077026
-514.756897 41.950134 -1293.462402
-523.135986 45.776573 -1297.396851
-531.479431 43.212200 -1302.499878
-533.684692 40.687782 -1312.244141
-534.600891 35.453506 -1320.761963
-535.348633 28.054043 -1327.599854
-540.340393 20.275059 -1331.730835
-546.490051 13.581872 -1327.335571
-551.606262 7.551783 -1321.167969
-557.533936 4.500489 -1313.580688
-564.589844 4.565497 -1306.086792
-571.780212 6.564011 -1299.379883
-576.031982 14.780429 -1295.027954
-579.320984 23.904047 -1291.395752
-583.212708 32.984295 -1288.219604
-589.651428 39.127533 -1283.330933
-596.621887 37.830128 -1276.116211
-603.181580 37.013718 -1268.162598
-610.251160 36.511040 -1260.696289
-616.280518 35.795105 -1252.532959
-621.661560 31.776627 -1244.937500
-625.848572 23.248690 -1241.046631
-632.481140 17.009882 -1236.361694
-640.352295 14.914863 -1230.434326
-644.886841 22.839912 -1225.647949
-648.499451 29.195509 -1218.661743
-650.629150 37.452557 -1212.951416
-648.465454 36.102524 -1202.984741
-644.674194 32.830917 -1194.226318
-642.566284 28.278919 -1185.518555
-641.093384 34.233395 -1177.049927
-647.880066 36.083786 -1169.861694
-655.573608 35.947754 -1163.393799
-659.743225 41.424225 -1156.001709
-667.057434 40.896797 -1148.864868
-659.913818 40.616684 -1156.231201
-653.543213 47.867107 -1158.881958
-644.846863 52.354584 -1156.307739
-637.228516 58.947853 -1157.923706
-630.075012 60.025181 -1165.064453
-623.376038 60.448730 -1172.635132
-615.083984 64.086906 -1179.294434
-615.325195 72.122406 -1171.024780
-618.626953 78.957741 -1164.366699
-623.129272 79.876175 -1155.196899
-629.521240 80.813820 -1147.163086
-637.037964 81.441055 -1140.557617
-645.546570 81.478455 -1134.998657
-653.988281 80.771240 -1129.349243
-662.241150 81.751053 -1123.759644
-670.332336 83.422241 -1117.740479
-677.567810 88.464294 -1112.899414
-685.682007 91.421471 -1107.786255
-694.212219 88.937050 -1103.013550
-703.530884 89.908417 -1099.387939
-711.993164 95.051353 -1096.869751
-721.985718 96.752464 -1098.510620
-726.857300 92.001312 -1105.867310
-730.467957 86.913849 -1114.013428
-733.636658 85.788315 -1123.496338
-735.981140 86.365143 -1133.456299
-738.204224 84.798531 -1123.766113
-738.673645 84.623169 -1113.401855
-739.181396 90.399483 -1105.221802
-742.367371 97.998016 -1099.175293
-748.095886 100.391869 -1091.285156
-757.400635 100.127159 -1095.274292
-762.162415 99.384476 -1104.332886
-768.933899 99.392029 -1112.342407
-779.023621 98.633926 -1111.079468
-783.981750 91.287025 -1106.136597
-786.963135 81.601517 -1103.569946
-795.501221 77.624535 -1099.136353
-804.471375 72.912529 -1100.631348
-809.835449 68.240524 -1107.906250
-814.444031 62.572342 -1115.168579
-815.842468 52.794571 -1117.119873
-821.309998 48.351604 -1124.600342
-831.334900 47.847328 -1124.297607
-840.958923 44.958172 -1123.748657
-850.948853 43.878922 -1123.278687
-861.007507 42.007938 -1123.036865
-870.990234 40.726727 -1123.272949
-880.812500 43.448444 -1124.323486
-888.398804 47.477997 -1129.656982
-894.891663 48.271935 -1137.697388
-901.653992 45.336533 -1144.819580
-906.264893 46.155117 -1153.900879
-910.822815 44.349586 -1162.891357
-918.596497 43.033813 -1169.173462
-927.395874 43.775284 -1164.378540
-934.940247 46.831554 -1158.156128
-942.302612 44.150475 -1151.523438
-947.094360 42.113827 -1142.861206
-956.415466 40.045101 -1139.419312
-966.215393 40.275002 -1141.583130
-975.173889 45.299232 -1142.748413
-984.096924 50.395290 -1143.048828
-992.855286 55.354912 -1143.529541
-1001.374390 50.014187 -1145.553711
-1010.234741 46.199745 -1148.531006
-1018.632080 42.717823 -1152.720215
-1026.603027 44.740391 -1158.748291
-1034.504272 45.714306 -1165.108398
-1042.668823 45.673210 -1171.591797
-1050.803101 47.018051 -1177.677368
-1060.149414 49.387493 -1180.893433
-1069.188110 46.009617 -1177.278320
-1075.411377 38.311604 -1174.577148
-1084.222046 34.058334 -1172.071411
-1094.149048 37.044933 -1171.938843
-1103.975708 39.798195 -1172.520630
-1114.053467 39.749672 -1172.702271
-1124.479126 40.433014 -1172.631470
-1134.747192 40.804146 -1172.581787
-1144.733032 39.339268 -1171.737793
-1154.192993 37.217793 -1168.995605
-1164.283691 37.887764 -1167.585693
-1167.602173 37.969711 -1157.842773
-1164.664429 36.722729 -1148.162720
-1161.231079 37.300365 -1138.502319
-1159.012695 38.520401 -1128.311157
-1160.591919 41.533440 -1118.763062
-1165.149902 49.036091 -1113.345703
-1175.169800 50.346664 -1111.509521
-1183.937866 52.523613 -1106.597778
-1188.815186 57.956577 -1099.554565
-1196.258423 59.209641 -1092.767578
-1205.008423 58.057213 -1087.635254
-1213.775879 52.765442 -1086.427734
-1221.557983 46.494457 -1084.701416
-1228.041138 38.810879 -1082.185059
-1235.985107 38.342758 -1075.567871
-1240.763306 44.326286 -1068.770142
-1245.718018 45.630035 -1059.974854
-1251.627319 47.983650 -1051.905518
-1254.895386 50.190754 -1042.374878
-1255.025757 49.702820 -1032.010132
-1254.949219 48.968105 -1021.672241
-1254.713623 46.041008 -1011.784790
-1255.221069 43.510262 -1001.971985
-1255.232788 41.520042 -991.838745
-1254.516602 36.869617 -982.924133
-1253.839722 42.665916 -974.181824
-1255.076660 48.722473 -966.127075
-1256.633911 46.205505 -956.498108
-1254.377686 41.589508 -947.647705
-1253.966431 40.796379 -937.403870
-1258.094482 42.404903 -928.016968
-1264.741211 42.725113 -920.425354
-1271.210083 42.508659 -912.454529
-1271.178833 41.703533 -902.224243
-1267.955566 45.090061 -893.293945
-1259.986206 49.021698 -887.935913
-1249.860474 49.870983 -888.635132
-1241.720825 49.994530 -882.441650
-1234.767944 46.697987 -876.004822
-1228.023438 48.434124 -868.380310
-1222.509644 53.565617 -861.781067
-1216.854248 59.717457 -855.297302
-1211.852661 65.550735 -848.362549
-1209.299927 68.311234 -838.966492
-1208.046631 67.350403 -828.791626
-1207.840942 64.699203 -818.973145
-1207.671143 63.679031 -808.946838
-1205.619385 66.441666 -799.529297
-1206.311646 69.307930 -789.489197
-1211.400513 69.012428 -780.881775
-1217.236084 68.774918 -772.721069
-1222.421021 69.853073 -764.074585
-1225.958496 70.763603 -754.530640
-1225.491333 71.094215 -744.519836
-1220.857544 70.154922 -735.677673
-1213.488281 67.611519 -728.755127
-1205.050293 66.528664 -722.712036
-1199.064697 60.746899 -717.023132
-1194.932373 59.111721 -707.869568
-1196.620361 57.346584 -698.026428
-1200.164551 56.264271 -688.676941
-1204.041016 54.653595 -679.389587
-1207.747070 51.713531 -670.542847
-1212.033447 50.823830 -661.263733
-1216.073242 52.185017 -651.842957
-1216.867676 51.822655 -641.806030
-1209.719116 47.536396 -635.578552
-1200.685669 44.290314 -632.704712
-1191.529541 40.019573 -630.911194
-1181.159668 40.379440 -630.354858
-1171.290771 38.556992 -630.227173
-1163.819214 45.709225 -629.173950
-1155.276245 49.035679 -624.965515
-1147.252075 48.804821 -618.815063
-1139.326904 48.902596 -612.211121
-1133.728638 47.751591 -603.647217
-1129.333252 47.748634 -601.831543
-393.877411 58.351715 -1166.081787
-393.877411 58.351715 -1166.081787
-389.275543 57.272854 -1156.859863
-387.309906 56.520260 -1147.020508
-390.143127 54.762688 -1137.319824
-391.058807 57.704624 -1127.731934
-388.846771 64.480583 -1120.059204
-383.090637 66.840088 -1111.843140
-377.250916 61.062214 -1105.573486
-371.870544 54.798218 -1099.633179
-365.459503 53.176743 -1091.591187
-359.179626 54.447784 -1083.666260
-353.339905 58.477329 -1076.297119
-347.631927 62.746620 -1068.985107
-341.697723 65.567589 -1061.270020
-336.357941 66.167603 -1052.545898
-333.780396 65.605713 -1042.809814
-331.389130 65.390785 -1032.666992
-334.545197 65.889999 -1042.269287
-342.311401 69.006447 -1036.547974
-348.740143 70.530525 -1028.714844
-354.065399 69.639931 -1020.259827
-359.580322 68.814781 -1011.710449
-365.186035 68.339691 -1003.242126
-360.942505 65.096664 -994.593750
-351.939850 63.184597 -989.710327
-342.927521 61.419182 -985.466248
-333.453339 61.063332 -981.935242
-323.903839 62.115921 -978.378784
-314.370178 63.820175 -974.693848
-304.866333 64.515739 -970.407471
-295.803314 63.661552 -965.995544
-286.901611 60.049679 -961.943665
-278.662567 55.661514 -958.150574
-270.819061 51.428619 -953.499573
-262.709930 48.223015 -948.465881
-253.959656 47.021702 -943.031677
-245.431366 46.967365 -937.777710
-237.079590 43.919922 -932.903198
-228.089355 39.473946 -930.308472
-219.448029 34.176701 -930.002747
-210.478134 28.731810 -929.640808
-201.995529 23.702156 -927.518433
-195.135666 18.915564 -922.009155
-187.592819 13.590591 -917.723938
-179.162338 9.099267 -914.063721
-170.033768 6.957685 -910.298462
-160.738586 6.931439 -906.234009
Custom
HailActor "Researcher Aillena Belzia" 3
-157.895630 6.750694 -905.025452
