-347.952148 40.632698 -379.763702
-352.590240 38.013737 -370.910706
-356.279114 32.886753 -363.106415
-353.512512 28.282829 -354.529022
-345.064362 24.075857 -351.173004
-335.813751 20.392570 -350.149292
-325.864868 17.915209 -349.433472
-322.222992 17.452065 -349.281860
-326.462555 14.775688 -340.520721
-330.623810 13.684196 -331.200165
-335.269409 13.724193 -322.312927
-333.396667 13.657991 -312.393951
-330.486389 15.752932 -302.812317
-328.081696 20.699392 -294.336670
-323.809509 23.915146 -285.691193
-320.579254 26.692734 -276.390778
-320.812103 29.385899 -266.506348
-321.806610 31.812828 -256.564575
-322.574738 33.965462 -246.412918
-315.240021 36.233784 -239.879623
-306.527100 37.276058 -235.055328
-297.456085 37.276054 -230.602509
Custom
PathKill 89 35 35 1 1 1 "living stone" "IT-last essence of the living earth appears within the Toppled Terrene Terrace" 1
-291.143463 37.276058 -230.534622
-300.805084 37.276054 -233.238480
-310.630493 37.390198 -236.064072
-318.621460 35.399502 -242.018661
-324.058136 32.902775 -250.277557
-326.202118 30.281195 -259.984985
-326.338928 26.988531 -269.621033
-325.924774 24.810261 -279.540771
-322.288605 23.628855 -289.032410
-314.106659 22.599339 -295.222931
-305.997070 19.231714 -300.037018
-297.949127 14.719751 -304.227112
-289.324646 11.897905 -308.460388
-281.566315 11.834426 -314.901306
-275.331207 11.868018 -322.788147
-270.204559 12.500948 -331.467194
-265.745544 13.712246 -340.584106
-266.987732 13.359094 -330.506714
-241.876450,26.214432,-356.039795
-266.987732 13.359094 -330.506714
-259.553955 13.537083 -322.744995
-249.588531 13.913268 -321.185089
-243.586334 16.072968 -320.663544
-242.499939 13.990428 -310.829102
-239.685257 14.409736 -301.033356
-234.107498 14.728610 -292.501862
-226.734985 20.444340 -288.275696
-218.898560 22.893461 -282.527802
-221.157516 27.699415 -273.637695
-224.444916 31.428291 -264.635925
-227.728104 31.522518 -254.902191
-230.752670 31.522518 -245.180634
-233.776886 31.526386 -235.458984
-236.532104 31.567375 -225.777161
-235.405746 31.535656 -215.834702
-226.484604 31.533890 -210.721741
-216.739944 31.601070 -208.189835
-207.612640 33.315178 -204.090637
-201.461212 33.209431 -196.128601
-199.284103 32.076916 -186.275391
-206.269608 31.538143 -178.826904
-212.413132 31.632229 -170.616058
-215.743408 31.560505 -160.914871
-217.497391 31.551781 -150.848587
-221.254272 31.522518 -141.254288
-225.850876 31.522518 -132.193146
-230.184906 31.342915 -123.027321
-234.065033 31.272518 -113.629715
-239.524765 31.735062 -104.947906
-246.192932 34.025795 -97.619644
-253.986603 34.694305 -91.219780
-261.510834 34.694424 -84.627800
-268.576447 35.535248 -77.536598
-276.815308 36.179115 -71.503296
-285.624725 36.875568 -66.216614
-293.585846 37.137939 -60.151466
-300.840546 38.800571 -53.089058
-308.813049 39.565289 -46.912842
-318.786621 39.223595 -44.763790
-328.577667 39.515484 -47.185642
-336.913727 38.223251 -52.606625
-343.680695 37.438667 -59.973785
-351.122375 37.872417 -67.293648
-354.405182 37.875523 -82.313911
-363.864105 37.646969 -85.713753
-373.229767 37.836693 -89.548019
-379.115173 38.366047 -81.352882
-388.402191 35.381905 -78.898766
-395.388153 32.318062 -85.380020
-399.899139 29.787125 -94.144257
-403.377380 26.868011 -103.348381
-406.358704 22.105558 -111.760735
-409.630859 19.723703 -121.262894
-412.351593 19.725166 -131.025955
-413.638184 20.745195 -141.103546
-413.470947 21.218374 -151.196411
-409.284729 22.135639 -160.631683
-401.661133 28.715588 -161.000443
-392.728271 33.189121 -159.546860
-382.722900 33.819424 -158.784973
-373.051941 33.819424 -162.099915
-363.353912 34.983227 -165.197586
-353.567017 34.868015 -168.125122
-343.770813 33.849308 -170.093369
-333.839081 33.905052 -171.963974
-324.045166 35.742508 -173.950851
-314.193420 36.926243 -176.283752
-305.510620 36.065414 -181.669815
-302.874939 35.343773 -191.330566
-302.002197 36.724159 -201.339523
-299.426453 37.276058 -211.136810
-295.025269 37.276058 -220.285828
-293.007446 37.276054 -223.797333
-293.007446 37.276054 -223.797333
Custom
ClickActor "Runic Stone"
-298.002258 37.276054 -231.999924
Custom
ClickActor "Runic Stone" 
-289.040405 37.276054 -236.451767
Custom
ClickActor "Runic Stone" 
-279.590393 37.276058 -229.457855
Custom
ClickActor "Runic Stone" 
-282.676239 37.276062 -220.805557
Custom
ClickActor "Runic Stone" 
-294.717957 37.276058 -221.249084
Custom
WaitForMob Glimmerstone 100 0 0 150
-306.457458 36.583195 -206.608826
Named
Glimmerstone
CustomNamed
-306.457458 36.583195 -206.608826
-291.532013 35.303829 -185.522964
-285.812683 35.238197 -177.221695
-279.618744 33.228191 -169.351181
-271.591827 32.496017 -162.977402
-261.682190 31.588074 -161.527832
-253.519165 31.272518 -155.472031
-248.064911 31.289497 -147.080658
-242.361847 31.298210 -138.796371
-236.463318 31.281002 -130.572662
-230.609970 31.305286 -122.460449
-224.596909 31.272518 -114.126823
-218.720734 31.607292 -105.982948
-212.867432 31.272518 -97.870689
-206.844116 31.344486 -89.633804
-200.765091 31.538143 -81.647621
-194.154083 31.596176 -73.861412
-187.294403 31.548534 -66.341026
-180.409714 31.538143 -58.843391
-173.531097 31.543964 -51.366734
-166.600296 31.591354 -43.885117
-159.722504 32.550499 -36.460724
-152.736084 32.659115 -28.924393
-145.854202 32.821957 -21.503935
-139.048950 33.902729 -14.145537
-133.173569 34.075871 -5.895345
-129.043167 34.038174 3.551152
-125.165619 34.340729 12.899349
-121.338097 35.145199 22.141634
-118.289444 35.261036 31.724382
-115.083641 35.752651 41.243431
-111.032738 35.484188 50.425690
-106.932343 35.372913 59.748795
-103.129639 34.693897 68.999580
-99.422348 34.144203 78.416611
-95.672112 34.674652 87.942490
-91.524406 35.772713 97.214981
-87.332520 38.458530 106.170868
-83.131813 41.329563 114.926811
-78.710632 43.767288 123.826645
-73.320145 45.418564 132.142609
-66.728714 45.855663 139.740616
-60.392426 46.178978 147.722839
-55.136616 47.640949 156.140244
-50.955780 49.834618 165.176041
-47.567131 52.304146 174.372620
-44.881283 54.207554 183.869446
-42.931137 56.441097 193.777863
-41.023888 58.528004 203.716309
-38.570480 60.685062 213.352432
-35.601593 62.878448 222.721954
-29.980165 64.112823 231.046265
-23.897366 64.816864 239.248215
-17.742559 64.936600 247.157471
-12.579427 63.392555 255.852509
-8.527623 62.089470 265.111053
-4.184782 62.059467 274.354095
1.431643 60.799904 282.884430
9.003463 60.635704 289.789185
18.122524 59.467403 294.367004
27.391487 57.314152 297.861359
36.470024 55.036991 301.518829
45.650490 53.190575 305.541229
54.725407 52.936138 309.873779
63.900944 53.393940 314.432098
72.923447 54.047539 318.978180
82.726700 54.540947 321.377655
92.722054 54.886429 321.795624
102.959740 55.147358 322.470306
112.363182 58.936050 323.426392
Wait
50
115.068504 59.343948 323.792053
Custom
Target "a vekerchiki mound"
115.068504 59.343948 323.792053
Wait
50
115.068504 59.343948 323.792053
114.504463 55.080460 332.978241
116.888588 54.499332 342.715973
119.251457 52.329842 352.504913
120.696259 47.187344 360.999329
124.241684 42.736069 369.924225
128.625702 44.531651 379.151001
Wait
50
130.603653 45.714680 383.392517
Custom
Target "a vekerchiki mound"
130.603653 45.714680 383.392517
Wait
50
130.603653 45.714680 383.392517
139.416306 41.741478 386.108185
149.580231 41.741421 387.638336
159.688705 41.741425 388.422546
169.922562 41.743179 389.106506
179.756836 41.824898 391.768188
187.568817 42.363678 398.319061
194.150711 39.842323 405.863434
200.018143 41.577934 414.155731
Wait
50
202.049423 42.411869 417.207520
Custom
Target "a vekerchiki mound"
202.049423 42.411869 417.207520
Wait
50
202.049423 42.411869 417.207520
208.598526 38.491360 410.489685
215.713333 38.506985 403.148804
223.254868 41.186890 396.539581
Wait
50
226.879822 42.475475 393.865601
Custom
Target "a vekerchiki mound"
226.879822 42.475475 393.865601
Wait
50
226.879822 42.475475 393.865601
223.944443 38.497398 402.969940
221.206345 38.491360 412.800629
217.907196 38.491360 422.695770
214.574783 38.558365 432.416931
211.094849 39.506786 441.857391
207.523209 42.783062 450.719177
203.315872 44.248714 460.072662
198.308075 44.883202 468.994843
Wait
50
192.829666 47.617939 473.669159
Custom
Target "a vekerchiki mound"
192.829666 47.617939 473.669159
Wait
50
192.829666 47.617939 473.669159
202.062256 43.710201 474.544281
212.207153 43.710201 475.151031
222.256546 43.690662 475.631775
232.559021 43.694576 476.148346
242.649445 44.160721 476.917725
252.483002 46.302376 478.769043
261.875641 47.606678 482.611267
Wait
50
265.861877 49.140190 484.831635
Custom
Target "a vekerchiki mound"
265.861877 49.140190 484.831635
Wait
50
265.861877 49.140190 484.831635
260.611053 45.416691 476.786438
254.228165 45.510296 469.080414
247.320343 43.566334 462.011047
240.245377 40.329487 455.444855
232.987610 39.390705 448.448273
226.004929 38.549881 441.231201
218.950012 38.507862 433.785797
211.881668 38.506985 426.326294
204.920609 38.491360 418.980011
198.026642 38.583752 411.704468
191.293594 41.057770 404.598816
184.185043 42.496952 397.096832
177.291077 41.796772 389.821350
170.252350 41.741425 382.688751
162.129196 41.741421 376.432190
152.515488 41.741421 372.457214
142.799530 42.216991 369.293762
133.140320 44.286606 365.912048
124.315643 47.051716 361.473389
115.704964 49.596840 356.348022
112.072845 52.634556 347.324158
112.392555 54.540070 337.326233
112.941231 55.239731 327.025665
115.682907 55.330521 317.196960
123.731522 55.284153 310.715179
132.792084 55.335384 305.512665
142.562088 55.485283 302.886200
152.339874 57.134960 300.511444
161.888031 60.013496 298.108917
171.411179 62.778080 296.310913
180.835922 65.870262 294.516815
190.415298 69.639824 293.083588
199.893402 72.597832 294.635010
208.971527 74.612823 298.642242
218.473419 77.816475 301.988068
Wait
50
223.214813 79.461876 303.351471
Custom
Target "a vekerchiki mound"
223.214813 79.461876 303.351471
Wait
50
223.214813 79.461876 303.351471
230.404037 75.507561 297.001465
238.306259 75.507568 290.787720
246.331009 75.507568 284.710510
254.681168 75.507568 279.095947
Wait
50
261.630066 75.507568 275.190826
Custom
Target "a vekerchiki mound"
261.630066 75.507568 275.190826
Wait
50
261.630066 75.507568 275.190826
258.379150 75.507568 265.699310
256.004578 81.121704 257.375122
254.596725 87.651787 249.478973
254.005615 94.252289 241.488068
253.767136 100.790268 233.574738
253.928955 107.165390 225.861343
254.036728 110.733765 216.443710
253.985596 109.914337 206.323334
253.838470 109.914337 196.145599
263.818695 110.188126 194.386292
Wait
50
272.624908 113.884277 194.075272
Custom
Target "a vekerchiki mound"
272.624908 113.884277 194.075272
Wait
50
272.624908 113.884277 194.075272
263.201813 109.914337 194.828995
253.081863 109.914337 193.734070
242.839859 109.914337 192.941208
232.586029 109.914337 192.689224
222.641357 112.449844 192.634995
Wait
50
217.629898 113.919823 192.645996
Custom
Target "a vekerchiki mound"
217.629898 113.919823 192.645996
Wait
50
217.629898 113.919823 192.645996
227.047638 109.912827 192.429321
237.286469 109.914337 192.601990
247.283081 109.914337 192.282562
256.330963 109.947258 190.458130
255.835495 111.304993 180.283707
255.471802 116.571129 171.476563
255.185822 123.145660 163.527328
254.861252 129.794296 155.490662
254.429230 136.402084 147.501190
254.134186 142.783371 139.779160
254.040344 146.722961 130.289063
253.943756 149.427231 120.539612
253.827911 155.242889 111.980110
253.690353 160.494339 103.422318
Named
Heaper
CustomNamed
254.505569 146.728348 129.029968
253.869278 160.494339 97.752388
253.842880 165.470184 88.947266
Custom
ClickActor "giant vekerchiki mound"
253.567383 167.888931 80.020432
253.158508 166.486908 69.830505
256.937469 167.334137 79.231186
257.438904 164.784241 89.153320
257.303406 160.494324 98.241028
257.074585 157.823685 108.181686
256.881165 152.113449 116.583893
256.681458 146.704422 125.259117
256.442719 146.196823 135.630356
256.259155 139.606445 143.603699
256.081055 133.209396 151.343155
255.896774 126.602921 159.335968
255.509277 120.037872 167.281555
254.973251 113.385246 175.336716
254.500992 111.031563 185.152954
253.044998 109.912987 199.340118
253.263474 109.914337 209.530396
253.126709 110.732979 219.537857
253.021729 105.216278 228.213577
252.925598 98.657730 236.149445
252.830353 92.163483 244.007462
252.807266 85.606659 251.942932
253.516022 79.145599 259.768555
254.554291 75.507568 269.266815
253.934753 75.507568 279.267029
250.535507 75.507568 288.785614
246.074173 75.507568 298.075500
245.374832 75.507568 302.390198
253.833984 75.733635 308.094360
262.850128 76.894760 312.783508
272.608887 77.728157 315.512329
282.600037 77.129364 315.258423
292.484863 77.701096 312.697571
301.868042 77.615616 308.854492
311.044769 74.672913 305.336914
319.284760 69.601563 302.208221
327.288971 64.663742 298.552063
335.656342 60.839512 293.938568
344.090027 59.099396 288.520874
349.617188 60.499664 280.173950
351.565826 59.451042 270.345520
Named
Slurpgaloop
CustomNamed
351.571075 59.521423 269.480682
372.845490 59.719650 234.840897
377.037262 58.732777 225.600479
380.809204 57.405605 216.271408
386.134033 55.749104 207.708069
392.686218 53.561527 200.088272
399.580566 53.943096 192.711456
405.912659 57.322628 185.349625
412.552368 59.792229 178.077606
418.746063 58.975613 170.127274
423.732178 58.639133 161.328796
426.390930 62.535492 152.242432
427.526794 65.847336 142.835419
424.966278 62.598213 152.228729
423.053802 58.789520 161.462662
419.503265 58.439087 170.899353
413.843506 58.852932 179.200867
406.879913 57.234970 186.570099
400.652954 53.641155 193.584229
393.884552 53.511204 201.212769
387.206696 55.613300 208.739288
380.799805 57.418800 216.543365
374.711517 58.683628 224.579010
368.261322 59.933208 232.420242
361.705444 63.935814 239.263870
356.212036 63.840233 247.643250
352.505890 61.768394 256.997559
349.257355 60.568947 266.607239
347.647644 61.844406 276.637665
344.233948 59.656391 286.019775
337.510925 60.192131 293.598633
329.020966 63.871391 297.788086
320.208679 68.450287 300.442230
311.629852 73.514198 302.994720
302.336304 76.494637 306.038788
295.410065 78.260315 313.205536
292.943176 78.990547 323.087158
290.399506 77.929634 332.874084
288.338867 74.278534 342.123230
287.122101 69.566536 351.202881
286.698944 65.106102 360.181946
286.330200 59.244297 368.675201
284.990967 53.607769 377.140381
282.351349 48.236359 385.442810
278.574890 44.967953 394.175323
273.120544 42.826862 402.293823
266.125977 41.270016 409.707916
258.304749 39.342892 415.786133
250.347183 38.640991 421.880341
242.235596 38.491364 427.931000
234.246658 38.491364 434.261871
219.836304 38.506985 433.368866
213.254318 38.491360 425.831604
206.388809 38.491360 418.477631
199.448883 38.553093 411.099396
192.623840 40.678726 404.039063
185.370132 42.425438 397.189819
177.157425 41.885815 391.449127
167.180527 41.740231 389.042328
156.986389 41.741421 390.132477
147.676132 41.741421 386.300415
139.942551 41.741421 379.561340
132.427734 41.841839 372.873566
124.969559 44.313389 366.236145
117.010597 47.434196 360.397125
107.817688 49.548138 356.823212
98.736771 51.862144 353.327667
89.337128 54.042145 350.657898
87.484398 54.233070 348.648407
82.046417 54.791351 339.921692
76.753052 55.323708 331.427063
74.600624 54.656979 321.658264
70.082108 52.325092 312.697449
63.548321 51.467476 304.921326
55.250664 51.460323 298.879272
45.543518 51.631424 296.431946
35.757530 54.121006 295.410431
26.737934 57.673439 298.902527
17.512966 60.375317 302.511841
7.727005 60.775578 305.651031
-2.500349 60.345402 306.931580
-12.653049 60.850700 306.617096
-22.661705 61.623844 306.768799
-32.929188 61.954338 306.578094
-42.210091 62.501217 310.635437
-47.495419 64.143723 319.098053
-51.907177 65.477386 328.146271
-56.199600 67.993675 336.912048
-60.543163 70.615479 345.688049
-64.488678 71.058495 355.025604
-65.632256 73.027733 364.943268
-65.966820 74.713242 375.064880
-66.065430 75.401672 385.291840
-66.315384 76.819962 395.403168
-66.790627 78.720795 405.232208
-67.394615 79.987602 415.135223
-68.005775 79.987602 425.263672
-68.045349 79.987602 435.550049
-67.402344 79.987610 445.706055
-66.606842 78.351555 455.756683
-66.503510 75.187355 465.551392
-67.161324 70.881523 474.562836
-67.942581 66.682556 483.774811
-68.728676 62.424557 492.824707
-69.488289 57.059647 501.569702
-70.321747 54.166672 511.165161
-70.664902 51.585907 521.107422
-70.208366 47.288376 530.420166
-69.236595 42.465153 539.336548
Custom
PathKillClick 17 35 35 1 1 1 "a muddite lurcher|minimud" "Something stirs in the center of one of the mud pools" 1 "IN-muddite lurcher"
-69.170433 42.124886 539.881348
-73.327927 35.338596 552.052185
-71.834694 30.540762 560.926941
-68.016396 26.179478 569.117126
-65.250854 22.481903 577.998474
-65.176247 20.017809 587.767395
-64.415161 17.796669 597.623535
-61.181938 15.874371 606.999390
-59.763016 14.621093 616.879089
-59.625042 12.483116 626.880249
-55.121025 12.982873 636.028198
-51.662792 14.104053 645.581177
-50.572083 13.390761 655.692566
-51.368279 13.605780 665.718994
-57.865456 13.321932 673.559387
-65.797729 13.765571 679.722412
-73.441154 15.710672 685.934814
-79.913490 17.708860 693.635071
-81.145103 17.838694 695.171997
-81.145103 17.838694 695.171997
Named
Mudwalker
CustomNamed
-97.750626 13.394506 695.192993
-89.249001 15.258131 689.921082
-79.110519 16.313311 689.461121
-69.894333 15.710947 685.276184
-62.431385 13.849346 678.614258
-55.599838 13.471746 670.990662
-50.957413 13.310390 661.800354
-49.722961 14.073203 651.798340
-51.950970 14.335522 642.013184
-55.099594 13.130330 632.395325
-58.215355 13.483742 622.848938
-60.771362 15.115669 613.117310
-63.129505 16.664242 603.055054
-65.347046 18.813574 593.320190
-67.512596 21.587505 583.813660
-69.643501 24.902557 574.459045
-71.684784 28.745275 565.144897
-73.429649 33.064762 556.246704
-75.064934 38.147438 547.724609
-76.407394 43.300510 539.198669
-76.045677 47.610512 529.866943
-74.929688 51.627628 520.497375
-74.200142 54.361206 510.579102
-73.213242 57.614307 500.982208
-70.589439 62.661079 492.523102
-67.157478 66.635498 483.941101
-63.669670 70.532173 475.234802
-60.594543 74.487251 466.376404
Named
Pete
CustomNamed
-59.973850 75.560051 463.380859
