0.107971 26.497129 -12.014088
3.740641 26.495096 -21.404264
7.274609 26.492599 -30.786665
9.904415 26.490847 -40.697422
11.478626 26.495338 -50.907120
Wait
20
11.066625 26.477442 -57.397259
Custom
ClickActor "Entrance Statue" 1
0.593466 28.384766 -55.203403
Wait
50
0.173677 26.490940 -65.282204
-0.217010 26.624914 -75.473236
-0.449586 26.495480 -85.583946
0.112265 26.496655 -95.682121
-0.244814 26.496971 -105.692406
Wait
20
0.052133 26.775206 -113.108063
0.000000 -38.549999 -152.960007
-0.098970 -38.723652 -163.101563
Custom
PreHeal
-0.123032 -38.723682 -165.566910
Custom
Target gooblin 0 25
-0.123032 -38.723682 -165.566910
Wait
50
-0.123032 -38.723682 -165.566910
-0.083524 -38.723797 -175.926529
-0.044970 -38.723660 -185.999313
0.024879 -38.723671 -196.278442
0.054585 -38.723770 -206.458862
0.061885 -38.723640 -216.668549
0.145729 -38.723625 -227.108231
Named
Sacrificed
StandardNamed
SameLock
KillAdd
offering
DontMoveBehind
0.180842 -38.723637 -235.862854
9.921397 -38.728241 -238.978958
18.060905 -38.732281 -242.011795
12.889089 -38.734779 -250.684723
7.731700 -38.729763 -259.330780
3.134912 -38.734737 -268.472900
Custom
ClickActor "Door to Church"
0.640020 -38.725857 -278.192535
Custom
PreHeal
0.640020 -38.725857 -278.192535
Custom
Target gooblin 0 25
0.640020 -38.725857 -278.192535
Wait
50
0.640020 -38.725857 -278.192535
0.334626 -38.723549 -291.495636
0.624350 -38.723549 -301.838684
10.022236 -38.723545 -305.556274
20.186787 -38.723545 -306.513397
Custom
PreHeal
24.749298 -38.723545 -306.984344
Custom
Target gooblin 0 25
24.749298 -38.723545 -306.984344
Wait
50
24.749298 -38.723545 -306.984344
32.828033 -38.723545 -312.969757
41.132832 -38.723545 -319.143585
49.111401 -38.723545 -325.545837
56.831963 -38.723545 -332.147888
58.069153 -38.723545 -342.357605
56.826221 -38.723545 -352.295349
55.215416 -38.723545 -362.488678
Custom
PreHeal
62.632061 -38.723545 -373.772125
Custom
Target gooblin 0 25
62.632061 -38.723545 -373.772125
Wait
50
62.632061 -38.723545 -373.772125
55.215416 -38.723545 -372.488678
55.065395 -38.728050 -385.967194
55.767479 -38.735756 -396.078644
56.367256 -38.738197 -406.108887
56.807594 -38.739208 -416.428497
57.222263 -38.740223 -426.484955
57.641682 -38.742382 -436.656830
57.900238 -38.743439 -446.832642
57.703117 -37.018826 -456.928711
57.020638 -32.529449 -466.337738
54.392826 -28.464653 -475.141144
49.787418 -24.543732 -483.195862
43.165524 -21.041676 -490.014282
35.555111 -17.255205 -495.907227
26.000774 -14.337602 -499.001434
Custom
PreHeal
22.940052 -14.050188 -499.125092
Custom
Target gooblin 0 25
22.940052 -14.050188 -499.125092
Wait
50
22.940052 -14.050188 -499.125092
12.939558 -14.021487 -498.750122
2.813676 -14.021487 -498.371307
-7.375962 -14.021487 -497.990021
-17.634659 -14.021486 -497.727539
-27.815145 -14.948216 -497.744202
-37.139721 -18.006721 -494.817535
-44.440506 -21.530891 -488.630280
-50.883709 -25.171656 -481.686218
-55.224834 -29.264053 -473.626770
-58.329998 -33.250153 -464.898956
-58.290192 -37.701115 -455.566315
-57.936779 -38.743301 -445.292938
-57.758484 -38.741817 -434.967468
Custom
PreHeal
-57.713707 -38.741295 -423.467102
Custom
Target gooblin 0 25
-57.713707 -38.741295 -423.467102
Wait
50
-57.713707 -38.741295 -423.467102
-57.470261 -38.740726 -413.417175
-57.137917 -38.737419 -403.421509
-56.791237 -38.736732 -393.247131
-56.449047 -38.729992 -383.204437
-56.096184 -38.723545 -372.848450
-55.754555 -38.723545 -362.822174
-55.566769 -38.723545 -352.760284
-55.702766 -38.723545 -342.312164
Custom
PreHeal
-55.651901 -38.723545 -334.826630
Custom
Target gooblin 0 25
-55.651901 -38.723545 -334.826630
Wait
50
-55.651901 -38.723545 -334.826630
-48.464722 -38.723545 -327.471527
-40.914318 -38.723545 -320.351532
-33.052658 -38.723545 -314.080414
-26.811167 -38.723545 -322.261230
Wait
20
-24.845535 -38.723545 -328.994385
-31.772928 -38.713551 -336.726685
Named
Rector
CustomNamed
-37.170803 -38.696625 -342.751709
-45.762096 -38.684322 -406.612701
-55.522900 -38.736263 -403.839569
-65.609634 -38.728092 -401.527710
-75.717705 -38.560879 -400.860840
-86.078720 -38.724407 -400.847198
-96.184837 -38.723877 -400.697632
-105.975105 -38.724575 -398.589050
-115.339478 -38.726383 -394.558685
Custom
PathKill 28 35 35 0 1 1 "a rune keeper" 0 1
-117.796127 -38.726841 -393.415802
-121.134224 -38.040634 -383.908020
-122.801857 -35.614685 -373.996216
-124.122055 -35.898422 -363.897522
-120.800499 -33.814228 -354.448090
-114.769608 -29.331165 -347.592957
-108.469498 -25.195852 -340.748505
-102.052094 -21.031729 -334.100830
-96.090378 -16.304085 -327.266541
-91.496376 -11.552982 -319.647125
-88.492233 -7.339618 -311.052856
-87.699944 -5.049743 -301.236816
-87.872971 -3.283698 -291.338348
-87.135086 -1.823943 -281.123749
-82.864029 -1.099188 -271.902710
-75.298401 -1.161614 -264.993774
-66.229309 -1.193478 -260.302032
-56.977089 0.859942 -256.223053
-47.649208 3.330669 -253.592743
-38.084080 5.902101 -251.534424
-28.428381 8.361771 -250.003708
-19.852978 2.567201 -249.228043
-9.775510 1.221432 -248.995056
0.503906 1.374271 -249.036118
10.516289 1.221720 -249.076050
20.500332 1.222934 -248.505249
28.483875 1.224042 -242.275253
28.140863 1.215754 -232.137421
22.733538 1.204950 -224.058365
-117.796127 -38.726841 -393.415802
-117.796127 -38.726841 -393.415802
Custom
Izzak
-120.598007 -38.725288 -404.406097
66.704971 -38.724442 -400.418518
76.980408 -38.551468 -400.729828
87.112495 -38.724388 -400.841583
97.374817 -38.724129 -400.768280
107.685677 -38.723557 -400.593079
117.781609 -38.723717 -400.793213
Custom
ClickActor "Rune Base 4"
118.243500 -38.723724 -400.803192
108.168381 -38.725075 -398.611786
97.873367 -38.726768 -398.654785
87.796410 -38.727409 -399.515991
77.769539 -38.588524 -400.363037
67.640541 -38.724098 -400.487610
57.974075 -38.735748 -403.081757
51.720360 -38.727547 -410.951599
51.563110 -38.727180 -421.042786
53.452564 -38.731731 -431.046234
55.357254 -38.736992 -441.013245
56.843517 -38.706749 -451.027710
56.543015 -35.238716 -460.487427
54.555927 -31.076433 -469.454498
51.847858 -26.611473 -477.987122
46.271194 -22.796066 -485.598022
39.531883 -19.537632 -492.559052
31.574928 -15.934999 -497.600037
22.048872 -14.023942 -500.646759
11.791976 -14.021486 -500.960632
2.396580 -14.021487 -496.955750
Wait
20
-0.011052 -14.021487 -494.901489
Custom
Amalgam
-0.011052 -14.021487 -494.901489
Custom
ClickActor "Triad Rune Base 4"
-0.231258 -13.986856 -594.605713
5.525390 -14.012342 -603.035156
3.194820 -14.001166 -612.820374
1.064188 -13.989255 -622.974854
0.013376 -13.787958 -633.031067
Wait
20
0.024633 -13.699578 -634.096863
0.000000 -176.529999 -275.000000
-0.062526 -176.719238 -285.130371
-0.000961 -176.719452 -295.355530
Custom
ClickActor "Door to Ritual Chamber"
0.079140 -176.719742 -299.017212
Custom
PreHeal
0.079140 -176.719742 -299.017212
Custom
Target gooblin 0 35
0.079140 -176.719742 -299.017212
Wait
50
0.079140 -176.719742 -299.017212
0.193233 -176.718933 -309.106995
0.246769 -176.718933 -319.205292
0.185283 -176.718933 -329.269989
0.122990 -176.718933 -339.466980
0.063293 -176.718933 -349.564972
0.048543 -176.718933 -359.811462
0.108478 -176.718933 -369.843414
DontStopForCombat
-0.000423 -176.718933 -380.138367
Custom
HailActor overseer
0.004726 -176.718933 -382.103241
Custom
PauseCombatBot 1
0.004726 -176.718933 -382.103241
Custom
ExecuteCommand "Press F1"
0.004726 -176.718933 -382.103241
Wait
50
-0.413397 -176.718933 -363.851624
Custom
ExecuteCommand "Press F1"
0.004726 -176.718933 -382.103241
Wait
5
0.004726 -176.718933 -382.103241
Custom
ExecuteCommand "Press F1"
0.004726 -176.718933 -382.103241
Custom
PauseCombatBot 0
0.004726 -176.718933 -382.103241
Custom
Klyreject
0.004726 -176.718933 -382.103241
StopForCombat
-18.752335 -176.718933 -396.982056
-24.523582 -176.712021 -405.312927
-32.000206 -176.653091 -412.327942
-39.754036 -176.676208 -418.750092
-47.484104 -176.720245 -425.201324
-54.065777 -176.696716 -433.080322
-57.017570 -176.690948 -442.777649
-57.515774 -176.717239 -452.985474
-55.077091 -175.915253 -462.840179
-50.329243 -173.792984 -471.727020
-43.083603 -170.423111 -478.131531
DontStopForCombat
-35.273983 -167.138245 -483.641205
-26.491339 -163.987808 -487.584930
-16.493145 -163.811218 -488.524902
-6.313890 -163.811874 -488.668793
Named
Kly
CustomNamed
0.028477 -163.812317 -488.319611
StopForCombat
ReturnLOCS
0.028477 -163.812317 -488.319611
-10.010163 -163.811661 -488.113861
-20.257833 -163.810959 -487.903870
-30.238483 -164.973190 -487.448944
-39.189026 -168.419891 -484.493744
-46.176987 -171.285934 -477.189484
-51.506950 -174.667221 -469.018890
-56.287971 -176.464752 -459.884796
-57.602139 -176.703232 -449.878876
-57.971333 -176.695389 -439.816254
-57.933304 -176.723694 -429.361664
-52.955154 -176.728073 -420.352997
-45.483391 -176.737549 -412.619812
-37.971619 -176.735123 -405.695160
-30.405806 -176.721436 -398.720795
-22.934563 -176.718933 -391.833618
-18.563084 -176.718933 -382.796417
-14.271887 -176.718933 -373.671906
-9.848785 -176.718933 -364.444458
-5.195542 -176.718933 -355.307800
-1.982186 -176.718933 -345.723663
-0.564222 -176.718933 -335.626648
0.114805 -176.718933 -325.544495
0.657066 -176.718933 -315.526367
0.882210 -176.718933 -305.352356
0.533972 -176.721359 -295.123444
0.119728 -176.719879 -285.044617
0.091067 -176.473663 -274.970337
0.051616 -176.420624 -273.655701
0.000000 -13.790000 -633.309998
-0.105673 -13.986053 -623.263916
-1.668878 -13.993939 -613.152222
-3.535402 -14.003141 -602.977844
-3.901038 -13.997737 -592.746521
-2.083776 -13.994998 -582.543823
-0.476232 -13.987210 -572.402100
0.261814 -13.986483 -562.325806
0.643986 -13.986379 -552.006409
1.014895 -13.986843 -541.943970
1.338663 -13.990339 -531.659607
1.263338 -13.990071 -521.370667
1.066910 -14.021487 -511.082581
0.900009 -14.021487 -500.923706
0.484532 -14.021487 -495.413391
10.736901 -14.021487 -495.720886
20.992147 -14.034541 -496.483124
30.982368 -15.803366 -497.393890
40.315239 -19.152390 -495.734467
48.003223 -21.852160 -489.805878
53.145702 -25.365030 -481.830322
55.462311 -29.581839 -473.007721
55.326725 -33.724003 -463.513000
54.989735 -38.187252 -454.553040
54.377995 -38.734554 -444.373322
54.109791 -38.733662 -434.165161
54.200809 -38.733242 -423.912354
54.290356 -38.733437 -413.824890
54.380230 -38.733646 -403.700745
54.473045 -38.730782 -393.245789
54.562099 -38.725155 -383.213379
54.652802 -38.723549 -372.997314
54.742180 -38.723549 -362.928314
54.831890 -38.723545 -352.822632
54.922901 -38.723545 -342.569946
55.012779 -38.723545 -332.445923
53.203720 -38.723545 -322.481354
44.328388 -38.723545 -317.420135
34.744465 -38.723545 -314.182220
24.774551 -38.723545 -311.635834
15.040051 -38.723545 -309.208496
5.357604 -38.723545 -305.700684
-0.569424 -38.723549 -297.441223
-3.320160 -38.723545 -287.677948
-5.501126 -38.747829 -277.717102
-7.974125 -38.742153 -267.809692
-10.756597 -38.732220 -258.017670
-13.539069 -38.734848 -248.225571
-14.443517 -38.730495 -237.951538
-11.631060 -38.729485 -228.315384
-7.293245 -38.726482 -219.228180
-2.835891 -38.733593 -209.995804
0.328519 -38.724747 -200.333740
1.142250 -38.728634 -190.318939
1.154141 -38.727692 -180.194885
0.546061 -38.724239 -170.143921
0.229752 -38.723846 -159.914810
0.121053 -38.554729 -152.933670
0.000000 26.770000 -112.620003
-0.123188 26.496971 -102.297554
-0.294351 26.496033 -92.252899
-0.580195 26.495010 -82.133591
-1.837500 26.652390 -72.014534
-5.422099 26.475317 -62.454712
-10.538573 26.486952 -53.805107
-14.405693 26.482323 -44.364582
-11.419352 26.487167 -38.024853
-6.584404 26.492838 -29.222431
-1.497384 26.496281 -20.541618
3.556905 26.497129 -11.663733
Wait
50
7.063720 26.497129 -5.442357
