-0.014917 4.718676 -1.430631
-0.015886 4.718676 -11.690806
-0.071661 2.823640 -21.713015
-0.279464 0.063701 -31.645164
Wait
20
-0.621093 0.104908 -35.155838
Custom
Door
-0.621093 0.104908 -35.155838
Wait
20
-0.588113 0.111241 -35.162632
-0.588113 0.111241 -35.162632
Custom
PreHeal
-0.648087 0.002496 -45.447292
Wait
20
-0.652186 0.002496 -46.150341
-10.205327 0.796304 -49.420410
Wait
20
-10.592028 0.796304 -49.552803
-15.461791 1.638180 -55.261959
-19.971222 2.487311 -64.678032
-21.278772 3.166519 -74.843857
Wait
20
-18.367989 3.523658 -83.738708
-19.456738 2.906528 -73.584290
-19.187462 2.109623 -63.458485
-15.261477 1.282724 -54.130844
Wait
20
-12.660359 0.796304 -49.840366
Wait
20
-15.657834 1.099549 -41.309822
Custom
Door
-15.657834 1.099549 -41.309822
Wait
20
-15.657834 1.099549 -41.309822
-21.169737 0.888443 -32.741688
Wait
20
-24.134199 0.656848 -28.799185
-32.314751 1.200840 -34.562229
-40.106121 1.345593 -40.887589
-46.920246 1.520761 -48.236275
-51.938061 2.004088 -57.156784
Wait
20
-54.630268 2.219057 -65.476257
-53.148384 2.298409 -75.418442
-50.187737 2.802758 -85.089905
-45.924213 3.188121 -94.439857
-40.345272 3.503245 -103.312355
-33.499138 3.879053 -110.818413
Wait
20
-29.494152 4.184905 -114.493156
-37.062618 3.669976 -106.861328
-43.316669 3.345652 -98.924187
-47.706055 2.966082 -89.551239
-50.478317 2.559254 -79.839447
-52.531662 2.022142 -69.761246
-53.000149 2.162444 -59.502914
Wait
20
-52.974133 2.244838 -57.055729
-48.481930 1.686925 -47.779144
-41.911808 1.296729 -39.993439
-35.828033 1.147542 -31.629765
-31.799988 1.009251 -22.075102
Wait
20
-31.799988 1.009251 -22.075102
Custom
PreHeal
-31.799988 1.009251 -22.075102
DontStopForCombat
Custom
Door 15
-31.799988 1.009251 -22.075102
Wait
20
-31.799988 1.009251 -22.075102
-31.579277 3.809052 -12.395827
Wait
10
-31.386953 3.794178 -10.487961
StopForCombat
-34.256451 3.787023 -6.409403
-36.765965 3.787027 -1.904490
-38.341732 3.787028 0.490288
Wait
20
-41.205288 3.787033 6.312346
Custom
Target Protector 35
-41.205288 3.787033 6.312346
Wait
20
-41.205288 3.787033 6.312346
Custom
Door 20
-41.205288 3.787033 6.312346
Custom
Target Knowledge 50
-41.205288 3.787033 6.312346
Wait
100
-41.205288 3.787033 6.312346
-49.007332 3.787020 0.045852
Wait
20
-52.364563 3.787010 -2.640990
Custom
Door
-52.364563 3.787010 -2.640990
Wait
20
-52.364563 3.787010 -2.640990
Wait
20
-57.858837 3.662814 -5.872503
-62.998791 3.522878 -14.800899
-68.367882 3.522878 -23.365105
-73.191284 3.522878 -32.199265
-77.183563 3.522878 -41.834824
-81.075264 3.522878 -51.227596
Wait
20
-81.974312 3.522878 -53.397491
-82.820442 3.522878 -63.604641
-83.446068 3.522878 -73.821289
-82.496178 3.522878 -83.803619
-79.290512 3.522878 -93.531479
-75.244339 3.522878 -103.107994
Wait
20
-74.650330 3.522878 -104.479553
-70.088326 3.522878 -114.287209
-65.305275 3.522878 -123.214455
-58.872433 3.522878 -130.933945
Wait
20
-51.477741 3.522878 -137.537354
-42.913429 3.522878 -142.737076
-33.977421 3.522878 -147.982071
-25.598694 7.198867 -152.076706
-24.340271 7.909946 -152.648270
Wait
20
-27.029549 8.302058 -155.548889
Custom
Door 15
-27.029549 8.302058 -155.548889
Wait
20
-27.029549 8.302058 -155.548889
-7.109991 8.287537 -157.833023
-1.366806 8.299941 -166.459335
-0.252364 8.302269 -167.707947
4.293118 8.318240 -158.349716
-4.666166 8.291430 -153.358505
-14.645893 8.285322 -154.998077
Wait
20
-15.386095 8.293406 -155.585434
Custom
Door
-15.386095 8.293406 -155.585434
Wait
20
-15.386095 8.293406 -155.585434
-25.787603 7.142386 -155.043457
-35.203590 3.522878 -153.053085
-45.044479 3.522878 -149.868118
-53.841183 3.522878 -144.646378
-62.115349 3.522878 -138.929184
-69.424103 3.522878 -131.808395
-75.737366 3.522878 -124.007347
-82.165176 3.522878 -115.982658
-87.097900 3.522878 -107.040848
-90.177002 3.522878 -96.932678
-91.585800 3.522878 -86.651764
-91.648323 3.522878 -76.274109
-91.406891 3.522878 -66.096107
-90.604233 3.522878 -55.880062
-89.128105 3.522878 -45.560680
-86.377243 3.522878 -35.713226
-82.100975 3.522878 -26.667503
-76.029892 3.522878 -18.553040
-68.131905 3.522878 -12.168365
-59.558430 3.621549 -6.703512
Wait
20
-53.901878 3.770482 -3.226612
Custom
Door
-53.901878 3.770482 -3.226612
Wait
20
-53.901878 3.770482 -3.226612
-45.204559 3.787022 2.386610
Wait
20
-40.541603 3.787034 5.498361
-45.405548 3.768924 14.315256
Wait
20
-47.534214 3.754175 17.625265
Custom
Door
-47.534214 3.754175 17.625265
Wait
20
-47.534214 3.754175 17.625265
Wait
20
-50.323910 3.852671 21.634123
Custom
PreHeal
-50.323910 3.852671 21.634123
Named
Kael'Val
StandardNamed
DiffLock
-50.680508 3.852679 27.287321
DontKillAdd
DontMoveBehind
-44.036233 3.852682 24.039161
-52.687263 4.324533 37.170868
Wait
20
-56.482243 4.364741 41.387226
Wait
20
-63.349316 4.383371 35.038372
-56.112495 4.383380 28.049713
-49.301689 3.847838 20.660133
Wait
20
-47.786358 3.777348 19.287859
Custom
Door
-47.786358 3.777348 19.287859
Wait
20
-47.786358 3.777348 19.287859
Wait
20
-43.954845 3.779214 11.786160
-33.974838 3.787050 10.912868
-29.862856 3.787055 10.553053
-33.351414 3.787036 1.121637
-43.519440 3.787021 -0.034113
Wait
20
-52.262024 3.787010 -2.899328
Custom
Door
-52.262024 3.787010 -2.899328
Wait
20
-52.262024 3.787010 -2.899328
-61.199486 3.575034 -7.915047
-69.482819 3.522878 -13.781912
-76.028809 3.522878 -21.656101
-82.235794 3.522878 -29.625452
-86.892349 3.522878 -38.486496
-89.605927 3.522878 -48.112000
-91.294151 3.522878 -58.249699
-92.043388 3.522878 -68.542244
-91.362549 3.522878 -78.677658
-89.738708 3.522878 -88.745277
-87.689903 3.522878 -98.703697
-84.841377 3.522878 -108.674538
-79.823074 3.522878 -117.703377
-73.540367 3.522878 -125.855804
-66.479202 3.522878 -133.504028
-58.829216 3.522878 -140.293365
-50.154900 3.522878 -145.918945
-40.978065 3.522878 -150.139236
-31.369598 4.185935 -153.711945
-22.212708 8.311611 -155.012527
Wait
20
-17.013342 8.303682 -155.212967
Custom
PreHeal
-17.013342 8.303682 -155.212967
Custom
Door
-17.013342 8.303682 -155.212967
DontStopForCombat
Wait
20
-17.013342 8.303682 -155.212967
Wait
20
-11.283014 8.292503 -155.282410
-13.343933 8.292150 -165.302872
Named
Tabor'Zaai
CustomNamed
-14.001640 8.738635 -166.310944
StopForCombat
-4.349369 8.293163 -163.570648
2.050353 8.310209 -155.824738
0.116837 8.303130 -145.966827
Wait
20
-0.428516 8.301139 -141.168427
Custom
Door
-0.428516 8.301139 -141.168427
Wait
20
-0.428516 8.301139 -141.168427
-0.575446 7.191674 -131.198013
Wait
20
-0.683615 5.168160 -123.857811
-10.704930 5.144321 -121.846199
-20.199942 4.843125 -118.295204
-29.726429 4.144372 -113.972755
-37.243595 3.674365 -107.133728
Wait
20
-37.691547 3.464386 -101.823891
Custom
PreHeal
-37.691547 3.464386 -101.823891
Named
Naamah'Fah
StandardNamed
DiffLock
-39.182487 3.307027 -95.042397
DontKillAdd
DontMoveBehind
-29.734583 5.099309 -97.358917
-39.644131 3.339947 -96.678711
Wait
20
-44.831997 3.461560 -100.738159
-37.231464 3.681194 -107.342995
-29.059656 4.155305 -113.695595
-21.142649 4.925334 -119.835846
-12.862083 5.425861 -126.258072
-5.330524 7.872423 -132.435394
Wait
20
-0.128476 8.302373 -139.546783
Custom
Door
-0.128476 8.302373 -139.546783
Wait
20
-0.128476 8.302373 -139.546783
1.619670 8.309309 -149.517227
8.782824 8.324079 -156.506454
Wait
20
15.470222 8.298957 -153.541031
Custom
PreHeal
15.470222 8.298957 -153.541031
Custom
Door
15.470222 8.298957 -153.541031
Wait
20
15.470222 8.298957 -153.541031
25.459887 7.187170 -154.498474
Wait
20
28.022013 5.882689 -154.745193
36.122536 3.522867 -148.895813
44.412075 3.522867 -143.185745
53.368389 3.522867 -138.274887
62.411255 3.522867 -133.313766
70.714333 3.522867 -127.628563
Wait
20
76.437111 3.522867 -123.350822
79.538872 3.522867 -113.635262
81.779129 3.522867 -103.365334
83.225876 3.522867 -93.169685
84.264008 3.522867 -83.072411
84.987495 3.522867 -72.801071
85.285805 3.522867 -62.507580
84.751060 3.522867 -52.441757
Wait
20
82.854843 3.522867 -43.166012
77.541756 3.540558 -34.349194
Wait
20
72.899223 1.638181 -26.645063
81.994003 1.638180 -21.774834
91.212379 1.638179 -17.029741
100.004318 1.638178 -12.157337
108.731049 1.638177 -7.268528
Wait
20
114.946632 1.947796 -3.711773
117.895142 1.638184 -10.944030
Wait
20
122.478310 2.527053 -18.054779
117.895142 1.638184 -10.944030
114.946632 1.947796 -3.711773
109.620506 1.638183 4.883673
Wait
20
107.742897 2.928718 11.141461
Custom
PreHeal
107.742897 2.928718 11.141461
DontStopForCombat
Custom 
Target Patches
107.825974 1.638182 2.959951
Wait
50
107.825974 1.638182 2.959951
Custom 
Target Iacopa
107.825974 1.638182 2.959951
Wait
30
107.825974 1.638182 2.959951
Named
Iacopa'Lahah
StandardNamed
DiffLock
111.195862 1.638182 12.274192
DontKillAdd
DontMoveBehind
104.825974 1.638182 2.959951
StopForCombat
112.928055 1.638182 10.196945
122.930275 1.947796 11.162180
132.900604 1.638182 12.558714
135.386002 1.689499 2.791339
127.395798 1.947796 -3.378089
117.374207 1.947792 -5.282641
107.906502 1.638177 -8.630462
98.825851 1.638178 -13.639023
89.814026 1.638179 -18.775949
81.110474 1.638180 -23.833607
72.350464 1.638181 -28.990417
63.662750 1.638181 -34.035400
54.819828 1.638182 -39.245434
46.138233 1.638183 -44.441509
Wait
20
42.586658 1.638183 -46.567177
34.046131 1.638183 -51.801052
Wait
20
30.845800 1.823785 -53.778473
Custom
Door
30.845800 1.823785 -53.778473
Wait
20
30.845800 1.823785 -53.778473
21.971725 1.638180 -58.409473
Wait
20
21.681700 1.638180 -58.559956
Custom
PreHeal
21.681700 1.638180 -58.559956
21.899099 2.592227 -68.716179
DontStopForCombat
21.632235 3.523658 -78.679466
13.917165 4.591169 -85.586494
6.269136 5.450887 -92.120430
-2.400338 5.593339 -99.489471
Named
Xerxes'Kade
CustomNamed
-5.626295 5.593339 -101.020767
StopForCombat
3.019879 5.593339 -95.705124
11.412031 4.591169 -90.222809
19.154884 3.523658 -83.760849
22.503216 2.906528 -74.231789
21.477840 2.383828 -64.132965
16.526970 1.638180 -55.223713
8.111882 0.796304 -49.591709
-1.973277 0.002496 -48.567074
-11.850131 0.796304 -51.064297
-19.259699 1.638180 -58.067574
-22.509480 2.592227 -67.590744
-20.542852 3.523658 -77.690544
-14.970328 4.591169 -86.034348
-6.503252 5.240156 -91.738068
0.151780 5.593339 -94.966057
8.874902 4.591169 -90.091255
17.474886 3.867845 -84.774658
23.618675 3.504878 -76.581734
25.974730 2.592227 -66.746185
24.297977 1.638180 -56.857849
15.250316 1.057204 -52.292488
Wait
20
10.829710 0.796304 -50.029064
16.295916 0.796304 -41.189316
21.534790 0.796307 -32.624664
26.601576 0.796308 -23.924141
31.726187 0.796309 -15.124026
37.036930 0.796310 -6.204936
42.175823 0.796311 2.586841
Wait
20
42.247692 0.796311 2.701897
Custom
Door
42.247692 0.796311 2.701897
Wait
20
42.247692 0.796311 2.701897
47.509602 1.258381 11.596515
Custom
EndScript
51.233009 1.258386 17.814930
