550.242615 150.896561 91.510544
550.089600 151.173431 101.517509
Custom
PreHeal
550.311218 150.653992 110.334167
Custom
Target devouring 0 30
550.311218 150.653992 110.334167
Wait
50
550.311218 150.653992 110.334167
548.864136 149.351410 120.217834
546.865417 147.533417 129.997116
544.386230 146.007156 139.849335
541.317078 144.306671 149.434921
537.937988 142.169189 158.822479
533.533386 140.534073 167.921036
527.036987 138.644653 175.287308
517.784241 136.996048 179.331360
Custom
PreHeal
508.649994 134.584015 179.603134
Custom
Target devouring 0 25
508.649994 134.584015 179.603134
Wait
50
508.649994 134.584015 179.603134
499.036133 133.284866 177.104660
488.922638 132.672470 175.931229
Custom
Target devouring 0 25
479.862976 132.787155 175.002701
Wait
50
479.862976 132.787155 175.002701
469.979858 132.013290 172.766327
460.587006 132.604462 168.792847
Custom
Target devouring 0 25
455.283020 133.250458 166.119049
Wait
50
455.283020 133.250458 166.119049
449.721222 133.359451 174.811386
Custom
Target devouring 0 25
447.025238 133.273422 177.466309
Wait
50
447.025238 133.273422 177.466309
Named
Goor
StandardNamed
SameLock
DontKillAdd
DontMoveBehind
447.025238 133.273422 177.466309
437.840363 133.475388 181.455032
429.748230 132.959656 187.741119
422.034515 133.241760 194.138748
413.511261 132.947113 199.479019
403.935822 132.447983 203.371429
Custom
PreHeal
404.526093 132.481369 203.215408
Custom
Target devouring 0 25
404.526093 132.481369 203.215408
Wait
50
404.526093 132.481369 203.215408
394.764862 132.447861 206.242233
384.772308 132.609299 207.602798
375.010895 130.668930 206.563171
365.008209 128.747208 205.831650
356.551819 127.142075 211.197571
Custom
PreHeal
353.657318 126.576134 214.759689
Custom
Target skittering 0 25
353.657318 126.576134 214.759689
Wait
50
353.657318 126.576134 214.759689
349.650757 123.319626 223.329086
344.618164 119.010521 230.988373
Custom
Target skittering 0 25
341.844330 118.171371 232.456314
Wait
50
341.844330 118.171371 232.456314
332.368896 115.570694 230.176041
324.899078 109.834267 226.017258
317.805817 107.178116 219.459518
311.962219 104.459602 211.733795
306.587738 100.072945 204.278305
300.997833 99.522392 195.947510
292.680023 98.704788 190.033112
Custom
PreHeal
285.945129 98.389725 187.227280
Custom
Target creeping 0 25
285.945129 98.389725 187.227280
275.877411 97.727600 185.640137
Custom
Target skittering 0 25
270.066681 97.177582 182.319641
Wait
50
270.066681 97.177582 182.319641
Custom
Target creeping 0 25
270.066681 97.177582 182.319641
Wait
50
270.066681 97.177582 182.319641
260.279480 96.493652 185.199936
251.263535 95.958397 189.659729
Custom
Target creeping 0 25
247.610077 95.517624 192.046234
Wait
50
247.610077 95.517624 192.046234
Custom
Target creeping 0 50
247.610077 95.517624 192.046234
Wait
50
247.610077 95.517624 192.046234
245.467651 94.903976 201.856552
244.457138 95.015785 211.907196
243.882629 96.115715 222.148361
Named
Smithy
CustomNamed
244.555481 95.840088 228.368561
233.593048 95.753983 233.134567
223.757263 96.037216 235.926819
214.171890 96.037025 239.508270
205.150269 95.753021 244.132935
199.281616 95.764900 252.374298
197.469681 94.913162 262.215271
197.179047 95.879410 272.408142
198.738510 94.844902 282.313385
Custom
PreHeal
201.985062 93.463646 290.739838
Custom
Target skittering 0 25
201.985062 93.463646 290.739838
Wait
50
201.985062 93.463646 290.739838
206.284897 90.612144 299.438385
210.135788 86.084587 307.926331
213.613464 81.730591 317.071350
217.091690 76.855156 325.516205
222.837677 71.379845 332.350372
230.356522 66.324615 336.890228
238.050690 61.372646 341.257782
247.090118 61.027470 346.388916
255.928085 61.132790 351.408539
264.516815 61.052429 356.773560
257.574402 58.649849 363.754303
Custom
PreHeal
252.905960 59.466846 367.783417
Custom
Target fallen 0 25
252.905960 59.466846 367.783417
Wait
50
252.905960 59.466846 367.783417
245.792572 64.428650 373.143463
Custom
Target fallen 0 25
240.816193 65.636292 376.675110
Wait
50
240.816193 65.636292 376.675110
232.953506 63.156815 382.614777
225.018753 59.220242 387.696594
215.901810 59.648449 391.787689
206.567886 60.571331 395.326080
197.017273 61.131012 398.410400
187.760330 62.342396 402.307770
179.136078 61.041973 407.554230
Custom
PreHeal
188.879456 62.343590 399.380676
Custom
Target fallen 0 25
188.879456 62.343590 399.380676
Wait
50
188.879456 62.343590 399.380676
182.067719 61.518459 406.147125
175.723434 60.471413 413.934540
169.318298 60.045753 421.793152
164.846542 59.417233 430.926788
162.888779 58.812531 440.954254
160.959015 59.217426 451.031281
Custom
PreHeal
160.862808 59.269051 451.533630
Custom
Target fallen 0 25
160.862808 59.269051 451.533630
Wait
50
160.862808 59.269051 451.533630
163.724411 58.816708 441.698669
166.583527 59.698746 431.668121
169.233795 60.039322 421.941559
172.643738 60.095501 412.401184
182.333023 61.031754 415.338928
188.687103 66.906769 420.356049
DontStopForCombat
194.705719 73.856316 424.630493
Custom
PreHeal
201.498230 78.814758 430.115479
Custom
Target Baron
201.498230 78.814758 430.115479
Wait
50
201.498230 78.814758 430.115479
194.317093 73.694328 424.865906
188.169769 66.502281 420.315521
181.393723 60.966251 415.299774
Named
Baron
StandardNamed
SameLock
KillAdd
fallen
DontMoveBehind
175.407333 60.733826 423.196198
StopForCombat
191.606781 60.632778 457.996368
193.895767 60.566410 468.075684
197.427567 60.428196 477.600433
203.837631 59.663826 485.348206
210.980576 59.251423 492.461365
219.559052 59.353180 497.955109
229.594360 59.814232 498.923309
239.837418 60.450512 498.657684
249.963135 60.495228 498.334351
260.058685 60.076118 498.524170
269.421783 60.043262 502.739258
278.617554 60.588928 507.098511
287.858948 61.831902 511.485809
294.870453 61.147610 504.194855
300.348969 60.586872 495.772064
300.144470 59.350273 485.750275
298.362305 58.227215 475.946686
296.573883 57.496674 465.992218
294.817169 56.928867 455.830383
Custom
PreHeal
297.653564 56.156696 446.642639
Custom
Target fallen 0 25
297.653564 56.156696 446.642639
Wait
50
297.653564 56.156696 446.642639
306.489655 55.369984 441.648499
315.993744 54.727024 438.049438
326.037079 54.420704 436.803345
Custom
PreHeal
335.287720 53.180012 441.982239
Custom
Target fallen 0 25
335.287720 53.180012 441.982239
Wait
50
335.287720 53.180012 441.982239
343.467133 52.292622 447.695007
351.866058 51.069027 453.565460
361.386841 49.415348 449.924835
365.870667 47.147259 440.892639
368.932892 41.401253 433.285980
372.413818 35.455769 425.598969
379.617249 34.369995 418.372681
Custom
PreHeal
386.805634 34.489426 413.028595
Custom
Target tome 0 25
386.805634 34.489426 413.028595
Wait
50
386.805634 34.489426 413.028595
391.522858 33.913311 422.173706
394.612396 32.426456 431.992706
397.436005 30.965340 441.530090
400.291962 27.960045 450.662659
410.459625 28.196106 449.663544
420.370361 28.238138 447.587738
430.026123 28.223648 444.289948
439.514587 28.584629 440.084900
Wait
10
445.180328 28.584513 437.568115
447.715271 28.584675 447.405792
450.255981 28.225246 457.265656
454.418671 28.238312 466.480042
461.599091 27.198645 473.758362
469.780640 26.469471 480.007050
Wait
10
470.231415 26.396748 480.341003
477.213165 25.287230 473.184448
484.258942 24.430708 466.053009
491.157593 24.627769 458.792084
497.926117 25.185417 451.445862
504.779510 25.700865 443.993011
511.566589 25.942097 436.603027
518.588623 25.627640 429.296387
525.453796 24.268999 421.880829
Wait
10
527.382141 23.779705 419.717560
523.325623 22.098566 410.732880
519.149231 21.126127 401.549500
515.056152 19.457514 392.546906
510.914368 19.237061 383.437103
506.575958 19.499306 374.179657
502.243530 20.459822 365.189819
498.117584 21.298304 355.815277
494.551727 20.504961 346.341797
491.460480 20.215693 336.766937
488.809082 19.973394 326.961212
Wait
10
488.775421 19.955282 326.792480
494.768250 20.406639 318.513245
Custom
Target death 0 35
501.015106 20.996590 312.480713
Wait
50
501.015106 20.996590 312.480713
498.510956 21.255184 322.173035
495.833221 20.964792 331.928467
494.773987 20.458988 342.098328
498.260559 21.220846 351.545624
504.335693 21.629810 359.696991
512.747864 22.307468 365.256714
Named
Kobl
StandardNamed
SameLock
DontKillAdd
DontMoveBehind
516.507935 22.290689 370.241638
508.372925 21.328159 364.026184
500.444183 21.565994 357.931335
492.490784 20.674809 351.817474
485.008179 19.338140 345.076416
478.124329 18.949173 337.486633
468.776825 17.525698 333.805969
459.224030 17.041109 330.496094
449.205444 17.143147 328.369995
439.214111 16.506069 328.116394
430.551697 11.399146 328.117462
422.631989 4.963994 328.131775
Custom
PreHeal
411.025177 0.407525 328.605011
Custom
Target elite 0 40
411.025177 0.407525 328.605011
404.625885 -4.210928 328.529846
Custom
Target elite 0 40
392.109741 -11.626772 328.355347
Wait
50
392.109741 -11.626772 328.355347
Custom
Target elite 0 40
392.109741 -11.626772 328.355347
Wait
50
392.109741 -11.626772 328.355347
386.582062 -11.751369 329.614563
376.431671 -11.935205 329.674561
Custom
PreHeal
371.127380 -11.555790 329.742432
Named
Glox
StandardNamed
SameLock
DontKillAdd
DontMoveBehind
371.127380 -11.555790 329.742432
389.124603 -11.693894 328.344513
398.879364 -9.126253 328.843231
406.592194 -2.532876 329.208832
416.381866 0.033074 328.763031
424.234131 6.246888 328.613983
431.988495 12.567840 328.512939
441.392731 16.646196 328.390381
451.622009 17.296270 328.257080
461.785217 17.241972 328.124725
471.736908 17.706146 329.060120
480.943817 19.074512 332.744324
487.463928 19.597322 340.397217
492.029388 20.573904 349.417236
495.956238 21.136938 358.810059
499.701813 19.696400 368.025024
502.289948 18.483685 377.783875
504.762970 18.567837 387.591217
507.120544 20.818420 397.340546
508.037750 22.161074 407.476654
507.039093 24.396763 417.380951
504.151550 25.915396 427.100708
500.840393 26.159950 436.780029
497.593323 25.581131 446.271942
494.362274 24.821842 455.717041
491.088501 24.375662 465.286926
483.178864 24.703611 471.783539
474.323517 25.746185 476.335968
465.438873 26.915480 480.889435
455.214874 27.094093 481.336700
445.390350 26.925739 478.540833
435.787628 26.330519 475.528717
426.446991 25.891228 471.640472
418.333649 25.938480 465.427338
412.034027 26.476276 457.613708
407.992035 28.347166 448.499207
404.910950 31.577995 439.369507
401.759491 33.481415 429.932373
397.696259 34.422749 420.496643
388.731812 34.377346 415.315918
379.022827 34.378162 417.740967
371.933105 35.223640 424.936218
368.011658 41.201637 432.417389
365.616455 46.936413 440.397949
362.626831 49.268917 449.902405
356.668854 50.951649 457.862885
346.656677 51.228420 458.260071
338.522522 52.478249 452.232666
332.628906 53.300556 443.999664
325.730621 54.470509 436.666382
315.579498 54.662945 436.167023
306.289673 55.235432 439.989075
298.681122 55.927433 446.619781
296.274872 56.825340 456.342255
297.105530 57.482651 466.343750
298.351410 58.280968 476.496002
300.334625 59.438374 486.242920
300.263672 60.642006 496.312744
295.777069 61.570503 505.493225
289.458221 62.746941 513.199951
279.643066 61.739456 515.292725
271.400146 60.312431 509.733215
262.781433 59.245182 504.642487
253.790665 59.946854 500.240082
244.566879 61.054485 496.379822
235.028656 62.110321 492.637054
225.610413 62.091331 488.994965
216.207596 61.641659 485.358826
206.758621 60.720497 481.704834
197.247513 60.374268 477.941132
188.293304 60.200829 473.326935
180.148697 58.759930 467.202362
173.862076 58.680767 459.037445
168.850494 58.773762 450.011200
166.447891 58.993614 440.181061
164.735458 59.543678 429.978210
166.503128 59.650833 419.815155
172.848953 60.105377 411.982086
180.922195 61.403225 405.982819
189.767441 62.485264 401.249908
198.649704 60.966087 396.516083
207.677567 60.246380 391.813416
216.925171 59.410053 387.596466
226.063141 58.839340 383.496765
233.979736 64.339905 379.860687
243.045349 65.400803 375.413300
251.043839 61.034248 370.811188
257.197784 58.665852 363.287842
254.106506 59.071304 359.757568
245.994766 60.993065 352.687805
238.221741 61.362438 346.227173
230.618088 66.339859 336.623718
222.704910 71.446396 332.317596
215.971313 76.634949 326.857880
211.452805 81.544273 318.993988
208.668732 85.598244 310.146210
206.963089 89.654762 301.121246
206.083038 93.907570 291.780304
206.141876 94.574898 281.672791
208.483109 95.099464 271.628357
214.809769 94.904884 263.822174
222.126312 95.764748 256.936371
229.226624 95.763451 249.704895
233.984482 95.760475 240.771255
237.253738 95.763107 231.081833
240.205750 95.764862 221.373230
243.163589 94.827919 211.656036
246.315872 94.966095 201.999634
248.917511 95.632423 192.362289
254.828400 96.130577 184.150482
264.619812 96.705460 181.306885
274.420563 97.557381 183.220108
283.819489 98.370033 187.449570
293.075592 99.720062 191.844223
301.422150 99.652573 197.416290
308.236847 100.368721 204.769073
313.807129 105.370911 211.445084
320.470428 107.521172 218.610077
327.327911 111.688019 224.961670
335.492279 116.353775 228.494965
345.397003 119.285942 228.152298
352.999084 125.354561 224.845383
359.531982 127.821747 217.393021
365.287079 128.797974 208.917465
374.000122 130.477509 203.850067
383.959961 132.408340 202.944107
394.130341 132.505814 203.374054
404.257996 132.546967 202.126129
413.920776 132.998276 198.930588
423.356659 133.146484 195.334106
432.745911 133.230087 191.754303
442.135040 133.352921 188.174454
451.592773 133.043381 184.589355
461.358063 132.311676 181.413742
471.528564 132.316956 179.960632
481.776093 132.658768 179.157196
491.945618 132.760437 178.684952
501.983490 133.446060 178.222473
511.855774 135.297577 177.753281
521.190674 138.126923 175.093613
529.190674 140.092789 169.082413
536.188354 141.643738 161.980530
541.291199 143.105530 153.237885
544.371155 145.213120 143.900970
546.777588 147.082672 134.337692
547.790649 148.415833 124.196770
548.803833 150.042511 114.168617
Wait
20
550.916138 152.045319 72.395943
