-40.023323 47.542141 383.962646
Custom
PreHeal
-40.023323 47.542141 383.962646
-39.913715 41.483185 392.301941
-39.942055 34.935841 400.238129
-40.794270 31.976650 410.015381
-47.956188 31.932438 417.053284
Custom
PreHeal
-51.398197 31.947899 420.044800
-58.414829 31.979233 427.501556
-65.608818 32.047409 434.525055
-73.683479 32.212921 440.573486
-81.713730 32.144577 446.813721
-90.940453 32.559711 450.997345
-100.768867 32.039562 452.957764
-110.847092 31.939507 453.915955
Wait
20
-121.127548 31.798351 454.509674
-121.877022 31.759182 447.604919
-120.840981 33.028049 437.638763
Wait
20
-120.841202 33.084053 437.224945
-122.442253 31.969501 447.127625
-124.055702 31.792721 457.066772
-125.817627 31.814812 466.943878
Wait
20
-126.583885 31.809990 470.542389
-136.567337 31.949020 469.302032
-146.866241 32.171955 468.905334
-156.731674 32.219719 470.949585
-166.242996 31.792721 474.445282
Wait
20
-169.997696 31.810242 476.478394
-171.606842 32.159164 466.515045
-175.920059 32.058445 457.358917
Wait
20
-180.927902 32.261177 455.201263
-191.879379 31.999546 454.559448
-202.077927 32.396358 454.512817
-212.073273 30.715899 454.325439
-219.845535 24.287071 454.394165
-227.980164 17.558517 454.473969
Wait
20
-237.940201 16.552588 454.624847
-248.163010 16.644445 454.785858
-256.755981 11.080928 454.965668
Wait
20
-264.588562 4.673434 455.129578
-273.461945 -0.138748 455.283020
-283.604980 -0.002201 455.080444
-293.893127 0.290792 454.847290
-303.966949 -0.500822 454.537537
-313.928955 -1.140726 453.629883
-324.188721 -1.063912 452.697876
-334.170319 -1.111950 452.068634
-344.339935 -0.941741 452.302612
Wait
20
-350.067566 -1.183394 452.561768
-350.330170 -3.320684 462.564209
-351.146118 -9.843953 470.456848
-353.161957 -16.192312 478.123535
-355.924225 -17.353098 488.032684
-358.633606 -17.759178 497.752258
Wait
20
-361.373352 -18.147181 507.580566
-351.731354 -17.723621 513.374756
-341.503876 -16.824520 512.951843
-331.137085 -16.767942 512.378235
-321.155884 -16.941618 511.726929
Wait
20
-311.118103 -16.835083 510.754059
-302.073975 -16.466084 506.421265
-303.328674 -17.619968 496.515686
Wait
20
-304.601837 -17.724775 486.466400
-314.704895 -17.723619 488.555664
-324.752869 -17.723619 488.785675
-334.818420 -17.723619 489.016083
Wait
20
-344.884430 -17.778059 487.995483
-346.881287 -16.256798 478.193451
-346.938660 -9.769993 470.350983
-346.972351 -3.195918 462.395111
Wait
20
-347.000854 -1.043211 452.879608
-357.060608 -0.392122 453.801788
-367.142303 -0.441532 453.887878
-377.324310 -0.397876 453.737915
-387.522522 -0.192549 453.901489
-397.933319 -0.786728 454.132019
-408.146973 -1.306217 454.358215
-414.616699 -1.545391 454.501526
Wait
20
-418.060028 -1.618097 454.603088
-417.859131 -1.605997 464.603180
-417.856018 -1.407148 474.820251
-417.987427 -0.904493 485.016937
Wait
20
-418.736450 -0.454450 491.692322
-428.813660 -1.359781 491.757965
-438.932648 -1.556015 491.799713
-449.181396 -1.644817 491.750153
Wait
20
-456.648560 -1.654453 491.794281
-456.580597 -1.790624 481.700256
-456.628235 -8.342880 473.775269
-456.736694 -14.836560 465.919342
Wait
20
-456.842285 -18.250614 458.270966
Custom
PreHeal
-456.842285 -18.250614 458.270966
Wait
20
-466.893066 -18.250612 458.163849
-462.292816 -20.870670 449.584961
-453.564972 -21.312366 444.279694
Wait
20
-444.862885 -21.120941 438.990356
-454.331696 -21.333364 434.970062
-464.431274 -21.333248 434.911438
-474.466675 -21.396231 434.853119
-484.206360 -18.250612 434.796570
-494.208923 -18.250612 434.738525
-504.244232 -18.250612 434.680267
-514.493225 -18.988474 434.620819
-522.354370 -21.414366 428.844940
Wait
20
-526.643555 -21.568123 419.560364
-526.301086 -21.316168 429.620544
-524.990295 -21.310856 439.594086
-522.296387 -21.038319 449.344482
-519.540283 -18.250612 458.857330
-519.215759 -18.250612 459.977417
Wait
20
-519.215759 -18.250612 459.977417
-529.187012 -18.250612 458.336700
Wait
20
-536.142578 -18.250612 457.721344
-536.177673 -13.955385 466.991272
-536.196350 -7.478903 474.821106
-536.258362 -1.567525 482.933167
Wait
20
-536.164612 -1.654453 491.062958
-546.313782 -1.654453 490.782562
-556.361084 -1.654453 490.470917
-566.477173 -1.524192 490.656830
Wait
20
-575.571777 -0.313341 490.367310
-575.153442 -1.417159 480.313568
-574.804993 -1.573053 470.299286
-575.048096 -1.641410 460.087646
-575.355652 -1.503875 449.744995
-575.269592 -1.654472 439.676971
-575.080933 -1.589707 429.347595
-574.770325 1.784359 419.891815
-574.353271 8.430495 411.856842
-573.213440 14.874215 404.006531
-571.674500 16.225269 394.022949
Wait
20
-571.674500 16.225269 394.022949
-561.419006 15.613537 394.518219
-551.301636 15.100696 394.300812
-541.038025 14.941679 394.128326
-530.823120 15.098510 393.978699
-520.641113 15.943100 393.829529
-510.458984 16.387177 393.680237
-500.341675 15.454884 393.531799
Wait
20
-498.568848 15.239626 393.505768
-498.725403 15.220469 383.224182
-498.708160 14.941674 373.005493
-498.599152 14.941680 362.822754
-498.491638 14.941673 352.771271
-498.327057 14.941675 342.633057
-498.117188 14.941674 332.569397
-497.903534 14.955415 322.323761
-497.693451 15.247700 312.251160
-497.482574 13.849038 302.129242
-496.760284 13.695813 291.640015
-495.801727 13.695814 281.551483
-495.525116 13.695813 271.330719
Wait
20
-496.229279 13.695813 261.912720
-505.870392 11.510854 259.799774
-513.659973 5.075132 258.592682
-521.697876 -1.518531 257.176392
-531.514709 -2.757947 255.342896
-541.702942 -2.746248 253.440140
-551.583862 -2.819612 251.594650
Wait
20
-552.147583 -2.819612 251.489349
-555.640381 -2.179410 260.992096
Wait
20
-556.892456 -1.896434 268.357880
-555.516785 -1.851898 278.319794
-553.951782 -1.942640 288.404510
-552.435852 -1.943812 298.620483
Wait
20
-551.587341 -1.594907 304.338745
-541.708801 -2.775497 306.061005
-531.374329 -2.806516 306.986206
Wait
20
-523.390747 -2.833778 306.866577
-525.515442 -2.819611 296.882050
-526.684265 -2.819614 286.852661
-527.980225 -2.819614 276.703766
-529.158020 -2.857555 266.737610
Wait
20
-529.742126 -2.867148 261.795319
-519.854858 -0.063196 261.718964
-512.134766 6.322469 261.659424
-504.284607 12.813631 261.598846
Wait
20
-494.627045 13.695813 261.524292
-496.113159 14.773638 251.520859
-497.095612 14.397528 241.056107
-497.753082 14.561270 231.075455
-497.795624 13.434493 220.958023
-497.717834 11.521667 210.939255
Wait
20
-497.674286 10.563005 207.605286
-494.490540 7.633939 198.550507
Wait
20
-492.032318 7.106936 192.176025
Wait
20
-496.160675 8.627295 184.470901
Wait
20
-492.060883 10.785630 179.809967
-492.815521 16.510706 171.490692
-493.741730 15.209591 161.279922
-494.625977 13.161199 151.531097
-495.526611 12.346193 141.601868
Wait
20
-495.560730 12.275631 141.225632
Custom
PreHeal
-495.560730 12.275631 141.225632
-485.638428 10.900277 141.625595
-475.379608 10.898153 142.039063
Wait
20
-473.098480 10.897695 142.130997
-462.875427 10.893738 142.555557
-452.587891 10.889503 142.117706
-442.420898 10.895474 141.116959
-432.024689 11.133133 140.093597
-423.704498 11.121618 139.274597
Wait
20
-413.976654 10.997108 136.762650
-403.897766 10.957589 133.769608
-394.120026 11.356522 130.865997
Wait
20
-386.357513 11.307599 128.560837
-378.646027 11.307963 121.479713
-372.362732 11.307516 113.493881
-374.075775 11.307921 109.588745
-376.015961 11.308078 99.741447
-377.228088 11.985041 89.637154
-377.592499 11.330441 79.467499
-378.085388 11.262355 69.397568
Wait
20
-378.561035 12.573858 59.336231
-379.010345 12.102072 49.311432
-379.459229 11.338741 39.296055
-379.916168 11.243327 29.092232
-379.944458 11.733972 19.051857
-379.652679 11.811678 8.908036
Wait
20
-379.514099 11.520300 4.996583
-379.946075 11.828680 15.210926
-379.658478 11.276808 25.278601
-379.220337 11.709249 35.454910
-378.789520 11.758170 45.461609
-378.351868 12.394066 55.628490
-377.920593 11.130258 65.644638
-377.483154 11.173842 75.802238
-377.056854 11.664536 85.950821
-376.627106 11.356290 96.012917
-376.615540 11.307735 106.179703
Wait
20
-376.615875 11.307747 107.886757
-384.706421 11.307686 115.203377
Wait
20
-385.372437 11.307673 115.789139
-392.690002 13.960052 108.997475
-398.207916 20.392422 103.480225
-403.667969 26.969467 97.682289
-410.593079 27.357798 90.263733
-416.063660 33.358768 83.903961
-421.380981 39.850021 78.124886
-427.927094 43.918671 71.617340
-435.058777 43.918690 64.394073
Wait
20
-441.730988 43.918079 57.636177
-439.195343 43.917995 47.720482
-438.044342 43.917995 37.730270
Wait
20
-437.925903 43.917995 35.828766
-438.836731 43.917995 25.837902
Wait
20
-439.497498 43.917995 18.589325
-449.598816 42.048393 19.775791
-457.583771 35.442810 20.667776
-465.467529 28.920975 21.548456
Wait
20
-467.034576 27.624613 21.723507
-476.983215 27.603415 20.017567
-486.082703 27.603605 15.075494
-492.828766 27.398161 7.569337
-499.756500 24.479706 0.707546
-505.595490 17.982744 -4.563678
-511.537659 11.370932 -9.928145
Wait
20
-517.182068 10.773039 -15.023881
-525.672852 10.773041 -9.021248
Wait
20
-530.518250 10.773040 -5.595753
-523.951965 10.773041 -13.288420
-517.307312 10.773038 -21.072807
Wait
20
-513.052673 10.773038 -26.057232
Wait
20
-514.738831 10.773038 -17.082315
-507.625427 13.358848 -10.440038
-501.898071 19.988377 -4.833250
-496.497284 26.452040 0.818011
-490.654480 27.398161 8.918600
-485.823944 27.603621 17.919262
-481.696503 27.603224 27.064529
-478.529144 30.975048 36.081192
-476.394928 37.367378 43.821373
-475.323975 43.740559 51.526314
-474.450104 43.917995 61.820610
Wait
20
-474.418152 43.917995 62.197029
-464.305115 43.917995 61.491817
-454.144257 43.917995 60.783260
-444.100342 43.917709 60.082867
Wait
20
-439.053711 43.918598 59.730953
-431.749695 43.918510 66.635483
-424.500854 43.918697 73.601212
-419.051422 37.571583 79.699471
-413.582825 30.930401 85.581642
-407.043732 27.357801 92.418709
-400.378662 24.051434 99.339973
-394.955505 17.591120 104.971634
-389.407043 11.307817 110.733429
-382.331757 11.307701 118.080620
Wait
20
-380.360718 11.307837 120.127426
-389.773193 11.308026 123.600784
-399.637665 11.356410 125.760010
-409.704926 10.941413 127.681328
-419.691101 11.008834 129.590393
-429.628479 11.063725 131.659103
-439.590210 10.992622 133.925720
-449.423645 10.879337 136.164307
-459.337097 10.887433 138.421188
-469.082275 10.895488 140.809448
-478.706635 10.900526 143.710556
-488.082489 11.789787 147.541321
Wait
20
-493.518829 13.160221 149.989838
-493.731689 15.137293 159.830551
-492.694855 16.855774 169.688553
-490.510712 12.051663 178.618103
-488.198669 7.014263 186.997498
-485.727142 5.331346 196.991135
Wait
20
-483.463470 7.559940 206.020248
-488.064575 9.752610 214.818237
-492.814087 12.467691 223.416153
-497.540222 14.503272 232.026184
Wait
20
-497.800751 14.513518 232.501495
-497.323395 14.435274 242.523819
-497.075745 14.491473 252.869812
-496.800964 13.695814 262.884888
-496.474091 13.695813 273.128754
-496.472748 13.695813 283.328094
-496.551666 13.695813 293.445251
-496.549164 14.071591 303.497345
-496.475586 15.431532 313.631256
-496.384766 14.941677 323.715759
-496.291931 14.941672 334.013733
-496.200256 14.941678 344.180389
-496.108521 14.941677 354.363434
-496.119598 14.941679 364.496796
-496.424255 14.941681 374.560425
-496.742249 15.072142 385.034454
Wait
20
-496.989136 15.105471 393.177338
-486.967743 14.941133 393.051300
-476.882324 14.939260 393.077576
-466.766846 14.939260 393.284576
-456.519623 14.939260 393.494232
-446.502258 14.939260 393.699219
-436.206055 14.946296 393.923767
-426.103088 15.739054 394.718658
Wait
20
-418.936066 15.961548 397.341949
-418.597382 12.638068 406.780365
-418.509430 6.228062 414.529205
-418.291290 -0.136765 422.245087
-418.051483 -1.600256 432.146393
-417.809418 -1.693952 442.261322
-417.565094 -1.620177 452.474731
Wait
20
-417.521118 -1.615314 454.313812
-407.382172 -1.319435 454.898834
-397.322601 -0.720817 455.324219
-387.002106 -0.203031 454.901123
-376.767365 -0.409088 454.356415
-366.581879 -0.412315 453.814270
-356.347137 -0.430225 453.269592
-345.898895 -0.996109 452.719086
-335.589386 -1.053723 452.390289
-325.570862 -1.082941 452.275299
-314.944336 -1.128237 452.260590
-304.778351 -0.453550 452.398254
-294.678314 0.643102 452.481018
-284.365051 0.009345 452.300293
-274.165649 0.046996 452.205627
-264.951691 4.313608 452.121979
-257.018860 10.875686 452.049988
-248.658875 16.702072 451.974091
-238.508621 16.600864 451.881989
-228.243271 17.347307 451.845215
-220.541519 23.723886 451.998596
-212.677246 30.227453 452.222717
-202.701660 32.396358 452.587158
-192.682480 32.044849 452.539917
-182.403259 32.303017 452.729309
-172.306396 32.267822 453.030579
Wait
20
-167.430359 31.857479 453.176086
Custom
PreHeal
-167.430359 31.857479 453.176086
-161.562195 35.148289 444.423676
-164.589630 40.811436 437.577209
DontStopForCombat
-168.563614 46.686375 430.479218
-173.933014 48.824574 422.123138
Wait
10
-175.648071 49.444168 419.662750
-183.565659 48.917763 426.156555
Named
Vhankmin
CustomNamed
-185.950378 48.913849 427.578949
StopForCombat
-181.250153 49.146885 422.664276
-171.211487 48.496918 421.848236
Wait
20
-167.687683 48.308132 423.429260
-167.632187 44.561947 433.042999
-167.269608 37.984978 440.994263
-166.537048 32.004452 448.981567
Wait
20
-166.037338 31.856388 451.185516
-155.978714 31.792725 453.141693
-145.910965 31.792721 453.425537
-135.663223 31.792721 453.588867
-125.546684 31.792721 453.750122
-115.380882 32.291912 453.912109
-105.313637 31.783272 454.072510
-95.147911 32.392685 454.178436
-85.178444 32.562527 452.782684
-75.515480 32.345715 449.526062
-67.007614 31.992596 443.863251
-60.333576 31.850765 436.377289
-53.793797 31.932812 428.678741
-48.030502 31.870880 420.384003
-43.239273 31.982780 411.515259
Wait
20
-40.744991 32.021633 405.634979
-46.556976 31.946075 413.817322
-55.432686 31.993122 418.449799
-64.696434 32.128761 423.096008
-57.180759 31.929512 429.731384
-51.711739 31.975861 438.241699
-58.933826 31.641190 445.423218
-68.790062 32.076492 448.293304
-78.734932 32.241653 450.296509
-88.695190 32.581348 452.074890
-98.713692 32.239548 453.354126
-108.862915 31.854576 454.075195
-118.203247 32.138634 450.197784
-123.305908 32.591106 441.318115
-130.948914 31.802307 434.826752
-140.893326 31.792721 436.078491
-144.669235 31.792721 445.535248
-141.258286 31.792721 454.944336
-135.429733 31.920883 463.150787
-129.079956 32.010826 471.171387
-137.493240 32.665138 476.751709
-147.734329 32.665138 476.658966
-157.851608 32.665138 476.567352
-167.886917 31.792721 476.476440
-175.261597 31.737926 469.584076
-176.764236 32.228523 459.514771
-185.657043 31.802818 454.496735
-195.808334 32.221184 454.660309
-205.950470 32.396358 454.716949
-215.213638 28.118343 454.768585
-223.179642 21.529251 454.812988
-231.605560 16.013910 454.859955
-241.920319 16.634474 454.917450
-252.005157 15.009299 454.973663
-259.905548 8.475756 455.017700
-267.789490 2.011486 455.061646
-277.677246 -0.076078 455.116760
-287.877075 0.132074 455.173615
-297.912659 0.229584 455.229553
-308.194672 -1.075912 455.286865
-318.388275 -1.069731 455.061859
-328.748657 -0.981303 454.412872
-338.916229 -0.987108 454.042175
-349.320190 -1.202391 454.017761
Wait
20
-349.566315 -1.196135 454.006958
Custom
PreHeal
-349.566315 -1.196135 454.006958
DontStopForCombat
-348.705017 -1.122767 459.205200
-350.654053 -7.151112 467.197571
-352.750336 -13.435767 474.849335
Wait
20
-355.428284 -17.633722 482.653473
-365.575623 -17.672319 483.690125
Wait
20
-368.889069 -18.380819 483.942047
-369.008575 -18.279171 494.040131
-369.028503 -18.209877 504.366455
-369.035095 -18.043720 514.515076
Wait
20
-369.014191 -18.277218 520.730835
-360.159607 -17.787113 515.978394
-351.288818 -17.722094 510.911224
Custom
Target Eghonz
-349.030884 -17.723619 510.540527
Wait
50
-349.030884 -17.723619 510.540527
Named
Eghonz
CustomNamed
-349.030884 -17.723619 510.540527
Named
Eghonz
CustomNamed
-343.833862 -17.118542 518.056519
StopForCombat
-348.393799 -17.095449 512.313843
-358.280548 -17.723619 510.655487
-353.124329 -17.685789 501.896149
-343.053650 -17.723621 502.759094
-333.018707 -17.305527 503.351379
-322.905182 -17.305239 503.626038
-312.763367 -17.021883 505.534851
-303.415955 -16.059948 509.087006
-296.808350 -15.645675 501.328064
-298.093262 -17.204268 491.375488
-304.723755 -17.737438 483.483124
-314.552612 -17.723619 481.195557
-324.483185 -17.723619 483.271667
-334.375641 -17.723619 485.881897
-344.483459 -17.779861 486.211395
Wait
20
-349.905396 -17.646702 484.628723
-350.222473 -13.753922 475.206451
-350.488647 -7.234386 467.296997
-350.758362 -1.126788 459.287048
Wait
20
-351.036987 -0.908996 451.013611
-361.137543 -0.127947 452.345306
-371.236725 -0.520434 453.208191
-381.294281 -0.317945 453.946106
-391.358154 -0.115330 454.596558
-401.579559 -1.037286 455.036163
-411.729218 -1.470053 454.901855
Wait
20
-418.871857 -1.622289 454.804535
-417.897736 -1.689622 444.908295
-417.678070 -1.627551 434.742371
-417.461914 -1.419409 424.740540
-417.286591 4.483830 416.628784
-417.222229 11.003974 408.745605
-417.537445 15.611670 399.800568
Wait
20
-417.688507 16.100843 396.551880
-427.773346 15.478815 395.486359
-438.002197 14.939260 394.640076
-448.013977 14.939260 394.258789
-458.120728 14.939260 393.811829
-468.265656 14.939260 393.141937
-478.449036 14.939496 393.681427
DontStopForCombat
-488.564697 14.941440 394.226624
Wait
20
-497.547791 15.097336 394.372742
Custom
PreHeal
-496.449158 14.941679 404.548584
-495.904388 15.559948 416.057007
-495.904388 -15.359948 416.057007
-497.310211 -16.919296 420.081970
-497.361053 -16.439030 418.983673
-497.396759 -17.747484 424.143524
-497.607697 -18.250612 428.712158
Named
Gozier
StandardNamed
SameLock
DontKillAdd
DontMoveBehind
-498.449524 -18.250612 433.274231
StopForCombat
-498.449524 -18.250612 433.274231
-491.464508 -18.250612 432.593048
-481.512512 -18.198626 434.809906
-474.260345 -21.397818 440.971191
-471.894775 -20.176134 450.690002
-464.365997 -18.250612 457.450623
-454.328918 -18.250612 458.248962
-444.133667 -18.250612 459.104126
-434.158966 -18.250612 460.045837
Wait
20
-432.589172 -18.250612 460.194061
-433.105957 -18.075090 450.008392
-433.617157 -18.090954 439.934296
-434.143158 -18.107279 429.567352
-434.653412 -18.123108 419.511749
-435.164398 -18.138966 409.439850
Wait
20
-435.222076 -18.140755 408.302673
-445.326782 -18.250612 408.723877
-455.322510 -18.250612 409.140625
Wait
20
-464.003540 -18.250612 409.502472
-465.499329 -21.739767 418.760712
-467.120331 -21.333136 428.794037
Wait
20
-468.052795 -21.333345 434.566193
-478.270386 -19.900843 433.899384
-488.303345 -18.250612 433.244537
-498.530548 -18.250612 432.576996
-508.554321 -18.250612 432.552094
Wait
20
-517.421448 -20.810717 433.132141
-520.477783 -21.419867 442.928070
-522.619812 -18.859474 452.851654
Wait
20
-523.409729 -18.250612 456.696747
-533.558594 -18.250614 457.777161
-543.747498 -18.250612 458.291931
-553.753784 -18.250612 458.797577
Wait
20
-560.200378 -18.250612 459.123413
-558.446411 -18.250612 449.275208
-556.505493 -18.250614 439.306641
-551.768188 -19.670048 430.385406
-546.338318 -21.491035 421.835968
-541.017273 -18.680613 413.795837
Wait
20
-537.989746 -18.250612 409.221008
-538.352478 -21.594728 418.948517
-538.606384 -21.321301 429.103333
-538.565918 -21.344404 439.219055
-538.525757 -20.913328 449.314911
-538.486389 -18.250612 459.218170
-538.451294 -13.031219 468.054749
-538.301086 -6.433941 476.068542
-537.653931 -1.654453 484.924225
Wait
20
-536.109863 -1.654453 493.172028
-546.160583 -1.654453 492.837372
-556.191223 -1.654453 492.176971
-566.424561 -1.518350 490.889771
-576.396301 -0.325567 489.497986
Wait
20
-577.600098 -0.224414 489.329956
-576.846802 -1.409712 479.334961
-576.609924 -1.558278 469.140320
-576.659241 -1.639229 458.809845
-576.879272 -1.530295 448.744019
-577.151001 -1.456383 438.745178
-577.425903 -1.347906 428.631409
Wait
20
-577.439758 -1.369673 428.122437
-576.466187 -1.533462 438.394562
-576.388611 -1.529366 448.613403
-576.318604 -1.640089 458.681458
-576.247681 -1.568132 468.881012
-576.177063 -1.422097 479.047760
-576.106506 -0.405095 489.214478
Wait
20
-576.091614 -0.101145 491.349640
-566.075928 -1.520686 490.796356
-555.955933 -1.654453 490.237183
-545.931213 -1.654453 489.780640
-535.626343 -1.654453 490.163940
-525.556335 -1.654453 490.709656
-515.435242 -1.654453 491.224243
-505.297791 -1.654455 491.739685
-495.209473 -1.654455 492.252625
Wait
20
-494.911530 -1.654455 492.267700
-489.769226 -1.654455 492.956482
-479.631653 -1.654453 493.255188
-469.430603 -1.654453 492.996979
-459.253845 -1.654453 492.628357
-448.959625 -1.642256 492.365082
-438.940430 -1.554832 492.317108
-428.691284 -1.370403 492.267975
Wait
20
-419.099121 -0.453039 492.221985
-418.903107 -1.048234 482.161682
-418.791412 -1.520272 471.928497
-418.747040 -1.621644 461.696838
-418.904968 -1.634519 451.646057
-418.723846 -1.681951 441.579407
-418.532623 -1.588310 431.545624
-418.417694 0.439606 421.609070
-418.448334 6.838338 413.790894
-418.573364 13.453980 405.793762
Wait
20
-418.640228 15.992813 397.167053
-428.749329 15.340782 396.316833
-438.946564 14.939260 395.683929
-449.221954 14.939260 395.318512
-459.448273 14.939260 394.954834
-469.592499 14.939260 394.594025
-479.621826 14.939722 394.237366
-489.864563 14.943069 393.873077
-499.939148 15.406765 393.514801
-510.131989 16.398056 393.152283
-520.388794 16.029213 392.787537
-530.453674 15.167793 392.584015
-540.734314 14.941678 392.741333
-550.786682 15.085924 392.769348
-560.920959 15.691544 392.805389
-571.268982 16.402567 392.842133
Wait
20
-573.469971 16.425150 392.849945
-574.971558 15.028601 402.915955
-575.821106 9.081573 411.070190
-576.639587 2.587394 418.927551
-577.703064 8.993794 411.190399
-576.494324 15.017910 403.288208
-571.393311 16.150555 394.457794
Wait
20
-571.241211 16.183474 394.243500
-561.175659 15.606291 394.316895
-551.137939 15.096001 393.752075
-541.101929 14.941679 393.187286
-530.770203 15.154322 392.605927
-520.619202 16.022881 392.034576
-510.386108 16.401688 391.458710
-500.202332 15.470297 390.885559
Wait
20
-496.961090 15.107264 390.703125
-497.559357 15.057864 380.339600
-497.961823 14.941674 370.130341
-497.699402 14.941679 360.049133
-497.476471 14.941674 349.917664
-497.390747 14.941672 339.833160
-497.229767 14.941674 329.519531
-497.036530 15.157722 319.370636
-496.839844 15.131248 309.041199
-496.647003 13.700647 298.908722
-496.456024 13.695813 288.874786
-496.263489 13.695813 278.808014
-496.123260 13.695813 268.592804
Wait
20
-496.067474 13.760855 259.006439
Custom
PreHeal
-496.067474 13.760855 259.006439
DontStopForCombat
-503.343750 13.585416 260.674530
-510.956573 7.309651 258.858429
-518.704956 0.971822 256.642365
Wait
20
-526.254639 -2.736159 254.399536
-526.861694 -2.543742 244.098312
Wait
20
-527.166260 -2.819611 240.807220
-537.465820 -2.819611 242.163208
-547.460083 -3.148969 243.528259
-557.514893 -2.819603 244.637115
Wait
20
-563.947754 -2.819609 244.713196
-558.935730 -2.819608 253.458893
Custom
Target Janosz
-554.023193 -2.819611 261.272919
Wait
50
-554.023193 -2.819611 261.272919
Named
Janosz
CustomNamed
-554.023193 -2.819611 261.272919
Named
Janosz
CustomNamed
-561.612244 -2.201538 265.963348
StopForCombat
-554.735046 -2.819609 260.299286
-550.537170 -2.819612 250.996811
-544.349548 -2.819615 259.172516
-544.018738 -2.819611 269.757385
-543.995667 -2.389775 279.990173
-544.280579 -2.341716 290.042572
-549.128967 -2.027783 299.152008
-554.707214 -0.624301 307.540436
-548.150879 -0.114513 315.161682
-538.376343 -1.477384 312.727661
-529.026123 -2.791171 308.863708
-520.822327 -2.864630 302.978546
-515.970398 -2.819609 294.104187
-519.835938 -2.819611 284.679718
-525.604370 -2.819613 276.190430
-529.491211 -2.855355 266.737732
Wait
20
-529.593750 -2.807528 259.602325
-519.988403 -0.166748 260.907593
-512.271545 6.209291 261.039703
-504.467621 12.665847 260.655212
-494.211975 13.797228 260.228455
Wait
20
-493.620789 13.808951 260.217957
-495.216339 14.842390 250.215500
-496.153076 14.417638 240.238342
-497.255920 14.540013 230.214294
-497.620728 13.127481 220.126434
-497.007294 11.307884 210.274628
Wait
20
-496.723419 10.080029 206.030014
-493.244507 7.307280 196.838516
Wait
20
-491.599609 7.132695 192.594315
-496.022736 8.796587 183.473663
Wait
20
-496.361572 8.922936 182.839752
Wait
20
-492.240692 10.557817 180.312607
-492.615753 16.343782 172.113678
-492.882477 15.300781 162.032150
-492.825470 13.160622 152.097076
Wait
20
-492.592163 11.781898 143.099258
-482.927094 10.897711 139.659500
-472.966705 10.892791 136.970184
-462.974243 10.886148 135.977478
-452.852936 10.882495 136.809128
-443.005920 10.881106 139.519165
-433.650665 11.152471 143.285278
-423.957947 11.177722 146.848175
-415.149353 11.110448 152.240891
-405.846161 10.978139 156.057281
-395.690033 11.021758 154.693817
-386.654938 11.243990 149.993027
-386.449646 11.533465 139.807343
-392.807037 11.356395 131.837845
-389.136536 11.307993 122.090179
-382.887299 11.307629 114.083046
-376.348663 11.307652 106.448082
-369.831604 11.356203 98.838074
-363.187927 10.921855 91.076920
-357.353180 10.714323 82.798492
-354.022949 10.788958 73.133667
-355.480927 10.907884 63.161415
-361.310730 10.911049 55.018860
-366.742310 10.911046 46.341736
-367.239227 10.639715 36.135330
-363.064301 10.871391 26.761703
-358.121246 10.970794 17.915762
-355.965118 10.653087 7.987681
-362.785614 10.505117 0.618635
-372.095764 10.488918 4.641612
-374.393250 10.511176 14.681843
-374.223694 10.616139 24.798180
-374.045105 10.577631 34.865124
-373.865875 10.911047 44.964943
-373.687531 10.758293 55.015491
-373.505524 10.543355 65.279526
-373.324615 10.534042 75.477829
-373.142853 10.724270 85.725395
-373.063324 11.356492 95.710121
-375.356628 11.307649 105.472313
-381.594269 11.307672 113.404457
Wait
20
-383.203186 11.307667 114.682426
-390.724274 13.150746 108.310989
-396.442627 19.548910 103.099983
-402.144501 26.055950 97.680283
-409.215057 27.357800 90.605011
-415.156799 32.658573 84.198547
-420.843170 39.358711 78.429619
-427.324738 43.918678 72.161964
-434.315643 43.918671 64.939903
Wait
20
-441.332184 43.918179 58.113739
-439.580780 43.917995 48.061947
-438.663300 43.917995 38.086124
-438.568451 43.917995 27.886953
Wait
20
-438.528656 43.917995 22.877485
-448.355652 43.075714 21.170521
-456.246552 36.549473 19.954782
-463.937500 30.179382 18.749485
-473.470917 27.603048 16.775631
-483.113068 27.603598 13.384192
Wait
20
-488.327301 27.651649 10.776236
Custom
PreHeal
-488.327301 27.651649 10.776236
-496.355927 27.369841 4.526103
-502.350494 21.815397 -1.255951
-511.706299 10.773038 -11.692845
Named
Vihgoh
CustomNamed
-511.706299 10.773038 -11.692845
-528.502136 11.096486 -28.589005
Custom
XalgozianWrit
-513.052673 10.773038 -26.057232
-518.244080 10.773040 -18.576166
-509.783051 12.210795 -10.317348
-495.802979 27.369841 3.606698
-484.970032 27.603317 14.559183 
-481.696503 27.603224 27.064529
-478.529144 30.975048 36.081192
-476.394928 37.367378 43.821373
-475.323975 43.740559 51.526314
-474.450104 43.917995 61.820610
Wait
20
-474.418152 43.917995 62.197029
-464.305115 43.917995 61.491817
-454.144257 43.917995 60.783260
-444.100342 43.917709 60.082867
Wait
20
-439.053711 43.918598 59.730953
-431.749695 43.918510 66.635483
-424.500854 43.918697 73.601212
-419.051422 37.571583 79.699471
-413.582825 30.930401 85.581642
-407.043732 27.357801 92.418709
-400.378662 24.051434 99.339973
-394.955505 17.591120 104.971634
-389.407043 11.307817 110.733429
-382.331757 11.307701 118.080620
Wait
20
-380.360718 11.307837 120.127426
-389.773193 11.308026 123.600784
-399.637665 11.356410 125.760010
-409.704926 10.941413 127.681328
-419.691101 11.008834 129.590393
-429.628479 11.063725 131.659103
-439.590210 10.992622 133.925720
-449.423645 10.879337 136.164307
-459.337097 10.887433 138.421188
-469.082275 10.895488 140.809448
-478.706635 10.900526 143.710556
-488.082489 11.789787 147.541321
Wait
20
-493.518829 13.160221 149.989838
-493.731689 15.137293 159.830551
-492.694855 16.855774 169.688553
-490.510712 12.051663 178.618103
-488.198669 7.014263 186.997498
-485.727142 5.331346 196.991135
Wait
20
-483.463470 7.559940 206.020248
-488.064575 9.752610 214.818237
-492.814087 12.467691 223.416153
-497.540222 14.503272 232.026184
Wait
20
-497.800751 14.513518 232.501495
-497.323395 14.435274 242.523819
-497.075745 14.491473 252.869812
-496.800964 13.695814 262.884888
-496.474091 13.695813 273.128754
-496.472748 13.695813 283.328094
-496.551666 13.695813 293.445251
-496.549164 14.071591 303.497345
-496.475586 15.431532 313.631256
-496.384766 14.941677 323.715759
-496.291931 14.941672 334.013733
-496.200256 14.941678 344.180389
-496.108521 14.941677 354.363434
-496.119598 14.941679 364.496796
-496.424255 14.941681 374.560425
-496.742249 15.072142 385.034454
Wait
20
-496.989136 15.105471 393.177338
-486.967743 14.941133 393.051300
-476.882324 14.939260 393.077576
-466.766846 14.939260 393.284576
-456.519623 14.939260 393.494232
-446.502258 14.939260 393.699219
-436.206055 14.946296 393.923767
-426.103088 15.739054 394.718658
Wait
20
-418.936066 15.961548 397.341949
-418.597382 12.638068 406.780365
-418.509430 6.228062 414.529205
-418.291290 -0.136765 422.245087
-418.051483 -1.600256 432.146393
-417.809418 -1.693952 442.261322
-417.565094 -1.620177 452.474731
Wait
20
-417.521118 -1.615314 454.313812
-407.382172 -1.319435 454.898834
-397.322601 -0.720817 455.324219
-387.002106 -0.203031 454.901123
-376.767365 -0.409088 454.356415
-366.581879 -0.412315 453.814270
-356.347137 -0.430225 453.269592
-345.898895 -0.996109 452.719086
-335.589386 -1.053723 452.390289
-325.570862 -1.082941 452.275299
-314.944336 -1.128237 452.260590
-304.778351 -0.453550 452.398254
-294.678314 0.643102 452.481018
-284.365051 0.009345 452.300293
-274.165649 0.046996 452.205627
-264.951691 4.313608 452.121979
-257.018860 10.875686 452.049988
-248.658875 16.702072 451.974091
-238.508621 16.600864 451.881989
-228.243271 17.347307 451.845215
-220.541519 23.723886 451.998596
-212.677246 30.227453 452.222717
-202.701660 32.396358 452.587158
-192.682480 32.044849 452.539917
-182.403259 32.303017 452.729309
-172.306396 32.267822 453.030579
-149.623978 31.792721 453.702606
-123.183807 31.773430 453.946777
-90.181320 32.534943 452.863770
-59.129963 31.628761 448.379730
-41.053009 32.409180 403.289551
-40.048317 47.433334 385.034058
Wait
20
-40.124668 47.474575 380.284637
