Underfoot Defender
Custom
QuestStarter 526.911743 130.093079 -83.510925 25 "The Duality's Vigilant Sanctum" "Sundered Frontier" 66 2
0 0 0
1767.139771 452.628204 735.253418
2215.507324 -209.187027 2485.747070
2206.563965 -176.035080 2522.187012
2197.383545 -143.657135 2559.596191
2184.603027 -150.477829 2607.693604
2167.248291 -166.687622 2651.945801
2150.021484 -183.182465 2696.216309
2132.849854 -199.625229 2740.344727
2115.720947 -216.029129 2784.363770
2098.511963 -232.511536 2828.589600
2081.304199 -248.994171 2872.819092
2064.144775 -265.430817 2916.928467
2046.993042 -281.860443 2961.021973
2029.862793 -298.270477 3005.065430
2012.717407 -314.683746 3049.146484
1996.025269 -322.017944 3095.707764
1979.953003 -328.040497 3143.009766
1963.912842 -334.051086 3190.220703
1947.825439 -334.304993 3237.583740
1931.672241 -334.308716 3285.145264
1916.096680 -344.649048 3331.619873
1901.447754 -360.088104 3377.097656
Custom
FlyDown
1895.351440 -364.758362 3396.422363
1894.265747 -373.328064 3401.742432
1892.231445 -373.578064 3411.777588
1886.671753 -373.578064 3420.298096
1879.743408 -373.578064 3427.790039
1872.689209 -373.578064 3435.093018
1866.385376 -373.578064 3442.873291
1858.860229 -373.319702 3449.575195
ClickActor
Hole_Entrance
1849.344849 -371.590668 3449.395020
Wait
10
1849.344849 -371.590668 3449.395020
Custom
DoorOption 3
1849.344849 -371.590668 3449.395020
Custom
WaitForZoning
1849.344849 -371.590668 3449.395020
671.908508 131.155212 -133.410049
661.822876 131.155212 -133.038849
651.648621 131.155212 -132.814606
641.446228 131.155228 -132.531204
631.209900 131.155212 -131.678680
622.386292 131.155731 -126.818459
614.824097 131.155212 -119.977592
607.030884 131.155228 -113.312737
598.976807 131.208679 -106.836578
595.711060 131.822083 -103.418312
591.345032 130.093079 -100.021523
582.189026 130.093094 -104.042763
572.812683 130.093079 -108.160881
563.467773 130.093079 -112.265419
554.427673 130.093094 -107.883438
545.226746 130.093079 -103.423615
536.013000 130.093079 -98.957504
530.836914 130.093094 -90.173180
Custom
HailActor nokillnpc 4
526.911743 130.093079 -83.510925
533.204468 130.093094 -91.351242
540.222046 130.093079 -98.819328
547.987854 130.093079 -105.388626
557.023499 130.093094 -109.799301
567.150330 130.093079 -109.483086
576.890747 130.093079 -106.772789
584.973328 130.093094 -100.540421
586.525146 130.093094 -96.635384
580.614563 125.476257 -89.728127
573.694458 121.942810 -83.072495
565.040405 122.059753 -77.634842
555.771606 122.179092 -73.833069
546.037781 121.942848 -70.661652
Wait
20
538.135315 121.940399 -67.427139
Custom
ClickNoNameActor 10
538.135315 121.940399 -67.427139
547.621765 121.942841 -71.134888
556.543335 122.158806 -75.687630
565.395813 122.114395 -80.759789
573.629456 122.154457 -86.799294
580.602966 126.600418 -92.799057
585.626343 130.087357 -97.019768
587.411011 130.093094 -99.067787
579.539490 130.093079 -105.566795
570.244080 130.093079 -109.281021
560.165039 130.093079 -109.214188
550.218140 130.093079 -107.243286
541.775085 130.093079 -101.839752
534.998047 130.093094 -94.174370
528.258301 130.093094 -86.589027
Custom
HailActor nokillnpc 7
526.857666 130.093094 -85.484520
530.656860 130.093094 -88.375504
538.388794 130.093094 -95.308075
546.430969 130.093079 -101.586090
555.555237 130.093094 -106.036339
565.422241 130.093079 -107.853104
575.446289 130.093079 -107.358688
585.133179 130.093094 -104.136719
595.006226 131.632736 -103.147392
602.643494 131.155212 -109.873817
610.529907 131.155212 -116.139297
618.911926 131.155212 -121.640175
627.625488 131.155212 -126.918861
636.924866 131.155228 -130.974533
646.712708 131.155212 -133.767883
656.890686 131.173172 -134.645981
667.159241 131.155212 -134.830658
677.330078 131.155212 -134.556107
687.327332 131.155212 -133.977448
Custom
Door
696.321411 132.585724 -133.467163
Custom
WaitForZoning
696.321411 132.585724 -133.467163
1869.318970 -373.578064 3444.566406
1875.053223 -373.578064 3436.071289
1880.783691 -373.578064 3427.581055
1886.412109 -373.578064 3419.240234
1891.933105 -373.578064 3410.643311
1894.610229 -373.328064 3400.993408
1894.728760 -374.846100 3390.815430
1875.056641 -343.456940 3356.944092
1853.875244 -307.015839 3330.040771
1831.878418 -269.703308 3304.797607
1809.767578 -232.461105 3279.739014
1787.563843 -195.064377 3254.571045
1765.383667 -157.710205 3229.425537
1744.311646 -121.268867 3202.397217
1722.491089 -85.781723 3174.097656
1677.774292 -74.426567 3154.243652
1632.066650 -80.522804 3134.700195
1586.176514 -86.642921 3115.077148
1540.340698 -92.755737 3095.472168
1495.637695 -103.380661 3075.027832
Custom
FlyDown
1462.669922 -113.269997 3064.679932
1454.740601 -122.674911 3063.055908
1445.071045 -125.463470 3063.068359
1434.909180 -126.354080 3063.259521
1424.938965 -127.647377 3064.670166
1415.325439 -128.906998 3067.148682
1408.406128 -130.105820 3069.920166
ClickActor
Tuft
1405.921143 -129.662308 3077.082275
Wait
20
1405.921143 -129.662308 3077.082275
1408.250488 -130.141251 3069.633789
1417.962891 -128.416534 3066.975098
1427.850464 -127.307243 3064.640137
1437.970459 -126.190300 3062.806396
1448.076660 -124.851341 3061.791260
1457.514771 -121.015724 3061.072754
1497.242432 -90.742554 3058.033447
1547.353760 -90.211777 3058.014404
1597.347290 -89.833687 3062.951904
1639.398438 -95.252678 3089.731934
1674.046387 -104.312729 3124.879883
1707.840942 -124.225121 3156.292480
1732.269653 -158.858841 3182.956299
1757.648682 -190.236664 3212.552002
1783.185913 -221.691544 3242.332031
1808.604370 -252.997604 3271.968262
1832.625732 -286.243073 3300.745850
1855.492432 -318.531036 3331.320557
1878.337402 -350.735626 3362.165527
Custom
FlyDown
1894.798462 -372.358948 3399.875244
1893.690918 -373.578064 3409.941895
1890.146118 -373.578064 3419.543701
1882.659058 -373.578064 3426.283447
1874.553345 -373.578064 3432.484863
1868.413330 -373.578064 3440.717041
1861.287598 -373.578064 3447.898682
1851.488159 -371.900848 3450.375488
ClickActor
Hole_Entrance
1849.437988 -371.650879 3450.516846
Wait
10
1849.437988 -371.650879 3450.516846
Custom
DoorOption 3
1849.437988 -371.650879 3450.516846
Custom
WaitForZoning
1849.437988 -371.650879 3450.516846
671.424438 131.155212 -133.351990
661.168457 131.155212 -132.801102
651.037598 131.155212 -132.256958
640.958191 131.155228 -131.715546
630.975159 131.155212 -130.167892
622.175476 131.155212 -125.237122
614.297729 131.155212 -118.849251
606.438049 131.155228 -112.515480
598.391296 131.310547 -106.343727
590.192932 130.093094 -100.481819
580.932312 130.093094 -104.871758
571.451416 130.093079 -108.766060
561.316223 130.093079 -109.903069
551.435974 130.093079 -107.938675
542.362244 130.093079 -103.570938
535.617676 130.093094 -95.933464
530.592834 130.093094 -87.238632
Custom
HailActor nokillnpc 4
526.454102 130.093079 -84.014786
526.316650 130.093079 -73.899132
525.815063 130.093079 -63.800632
Custom
CraftIt "Roekillik illusion spell"
525.569824 130.093079 -60.268993
527.652527 130.093079 -70.122887
529.945129 130.093079 -80.052879
533.371887 130.093094 -89.530304
539.456604 130.093094 -97.480782
547.406616 130.093079 -103.865761
556.664246 130.093094 -108.037956
566.720215 130.093079 -108.517647
576.605164 130.093079 -106.283073
586.415161 130.093094 -103.293449
594.574402 130.668274 -101.098602
595.355286 131.767776 -103.107262
603.464172 131.155212 -109.189552
611.783936 131.155212 -114.881531
619.616394 131.155212 -121.270088
627.509338 131.155212 -127.791977
636.433777 131.155228 -132.376678
646.541992 131.155212 -133.345459
656.680237 131.155212 -133.654175
666.806030 131.155212 -133.721222
677.029114 131.155212 -133.653137
687.187256 131.155212 -133.548599
Custom
Door
696.310852 132.484985 -133.437225
Custom
WaitForZoning
696.310852 132.484985 -133.437225
1869.604736 -373.578064 3444.007568
1875.298340 -373.578064 3435.449951
1880.954346 -373.578064 3426.948486
1886.697998 -373.578064 3418.314453
1892.124268 -373.578064 3409.680176
1895.261719 -373.328064 3399.978271
1896.073486 -375.133484 3389.905518
1875.745117 -341.840454 3358.477051
1859.561768 -305.680298 3327.552246
1842.651123 -269.604553 3297.170898
1825.309937 -233.373886 3266.959961
1808.035645 -197.283981 3236.866211
1790.760864 -161.194153 3206.772461
1773.419556 -124.963272 3176.561523
1754.696045 -91.500114 3144.231934
1709.277100 -87.662979 3122.987793
1661.028442 -86.987167 3108.536377
1611.973511 -88.949356 3097.318359
1564.046631 -93.509483 3083.378662
1516.090454 -102.699860 3072.594727
Custom
FlyDown
1478.899536 -111.457024 3065.737793
1469.883057 -116.150795 3064.988770
1460.575439 -119.832169 3064.318359
1451.269409 -124.029167 3063.842285
1441.305420 -126.171684 3063.705322
1431.262817 -126.906822 3063.786865
1421.124634 -128.051758 3064.817871
1410.985352 -129.790253 3065.832031
1400.786987 -131.344040 3066.186523
1390.646973 -132.732101 3066.023926
1382.113159 -134.222534 3060.811035
1374.570923 -133.836365 3054.103760
1383.987183 -134.115250 3050.061768
ClickActor
Den_Entrance
1385.096191 -133.961197 3049.765137
Custom
WaitForZoning
1385.096191 -133.961197 3049.765137
Wait
10
1195.522705 -269.694672 3383.468506
Custom
UseItem "Roekillik Illusion"
1195.522705 -269.694672 3383.468506
Wait
50
1195.522705 -269.694672 3383.468506
1186.578857 -273.164063 3386.357178
1177.571167 -276.651245 3389.267090
1168.036011 -279.495422 3391.039307
1158.314697 -281.885040 3390.120605
1148.564697 -284.273621 3389.092285
1138.716797 -286.358948 3390.016357
1129.144165 -288.917908 3391.596436
1119.328369 -291.046906 3391.396973
1110.003296 -293.178223 3388.262451
Custom
HailActor Elder 2
1101.616943 -295.125275 3384.984375
