Brother Pang's Trial: Combating Corruption
Custom
HailActor Pang 5
21.012388 42.959103 -160.504623
Wait
20
26.954422 42.966526 -168.860031
Wait
20
29.502222 42.959103 -166.251160
26.414104 37.641903 -158.009857
Wait
20
27.085211 37.641903 -158.159927
Wait
20
17.198374 35.757198 -159.120941
9.984865 33.402538 -151.812012
4.124066 27.300615 -145.881561
-1.934087 21.301891 -139.778625
-8.935968 18.331955 -132.952026
-17.314968 16.815056 -127.415184
-26.335184 12.533409 -125.135330
-36.552864 12.432167 -124.354019
-46.524536 11.741033 -124.736115
-56.813313 11.151586 -126.208389
-66.742020 9.826790 -127.770065
-76.489899 9.857901 -130.833008
-86.137756 9.027451 -133.826920
-95.974556 9.855396 -136.067276
-105.950645 8.093486 -137.632141
-115.794601 5.224402 -137.320709
-125.560997 3.325294 -135.769821
-135.430695 1.274536 -134.148483
-144.370422 4.306252 -130.621124
-153.031036 5.508882 -125.435379
-161.388321 3.434528 -120.323845
-169.678452 0.701288 -115.253426
-178.687134 0.055720 -110.699219
-188.710266 -0.725874 -109.311066
-198.979752 -1.285346 -109.843681
-209.275742 -1.492075 -110.489632
-219.340866 -1.548652 -111.250099
-229.302124 -1.266624 -113.202637
-238.905792 -1.332647 -116.696259
-247.647949 -0.776459 -122.306931
-252.394257 1.153377 -131.389603
-254.414886 2.831013 -141.207886
-256.217194 4.366107 -151.317383
-260.051178 4.925227 -160.737228
-267.222778 5.552235 -167.919876
-275.931305 5.960090 -172.974380
Custom
ZoneDoor "to lake"
-282.133453 6.208321 -180.174561
273.697693 -48.133366 330.664276
263.586731 -47.595798 328.913086
254.893951 -47.503342 323.645233
245.768097 -48.167385 319.242401
236.340622 -47.400616 315.474701
227.816513 -47.436298 310.150818
218.139862 -47.259174 306.595886
208.408401 -47.065125 303.468536
198.433243 -47.047268 300.275543
189.330704 -46.291107 295.858337
181.039352 -46.852837 289.988586
173.197311 -46.876614 283.462494
164.919388 -48.193470 277.648407
157.354355 -46.401913 271.276550
149.342987 -46.928753 264.529938
141.488205 -45.979366 257.866760
135.931580 -43.712696 249.616455
129.634064 -45.456055 241.823151
124.012497 -45.477821 233.171005
120.156380 -46.668293 223.658035
117.517166 -47.047272 213.982727
115.219734 -47.047283 204.151840
112.933220 -48.271896 194.366943
110.642410 -49.041409 184.563614
108.332993 -47.481949 174.787430
105.672020 -47.047272 164.755447
102.968391 -47.018570 154.767166
100.326477 -46.424412 145.006927
97.605873 -46.893295 134.827576
95.221733 -48.338261 125.198318
92.939537 -44.711418 115.950157
89.013298 -39.432430 108.152000
81.563553 -39.144810 101.314224
77.457596 -37.649628 91.907242
68.451004 -37.916302 87.252876
58.329262 -37.635540 88.390007
49.890930 -37.524765 82.902161
44.399891 -37.221691 74.526695
38.026142 -37.628338 66.639114
Custom
ClimbLadder 360 -23
34.385590 -37.312363 60.550159
35.181107 -22.906603 56.144020
30.828707 -25.139261 42.615005
28.235739 -25.085375 32.712883
Custom
ToggleWalkRun 1
27.190821 -25.025925 22.652748
Wait
20
27.237469 -25.067272 18.508482
Wait
20
29.657467 -22.243021 15.321911
Wait
20
31.533436 -20.308771 13.857902
Wait
20
34.289463 -17.616941 12.486465
Wait
20
38.232777 -17.396942 12.417952
Custom
ToggleWalkRun 1
40.392792 -17.109678 2.585985
30.381901 -17.131628 3.050209
20.451389 -15.394136 2.886597
13.688419 -13.895741 3.170838
10.364552 -11.339221 -6.042143
7.085120 -6.337797 -14.094593
2.479654 -8.276787 -22.923870
-4.290997 -6.766671 -30.261677
-12.286777 -5.826971 -36.506485
-21.405636 -5.631156 -41.461224
-30.379606 -6.113128 -46.009247
-40.291679 -5.931124 -49.233494
-49.929256 -6.213749 -52.197701
-59.505116 -6.824238 -55.142925
-69.202133 -8.513311 -57.168655
-79.334473 -8.413338 -58.390835
-89.400726 -8.389332 -59.529236
-99.667297 -8.403831 -60.690311
-109.683655 -8.408472 -60.328247
-118.872452 -8.294796 -56.151405
-127.880142 -8.236387 -51.627216
-137.592133 -8.216678 -48.895557
-146.243011 -8.198648 -54.025723
-152.695068 -8.189838 -61.737343
-159.838333 -8.193169 -68.763718
-167.995972 -8.190220 -75.015656
-176.835022 -8.188443 -79.850792
-186.782196 -8.195653 -81.699913
-196.637863 -8.198719 -78.783897
-203.829742 -8.192623 -71.723251
-208.736435 -8.196207 -62.971603
-212.608627 -8.200302 -53.706123
-216.192139 -8.193974 -44.151279
-217.496429 -8.195116 -34.060574
-218.034500 -8.200634 -23.871286
-217.927856 -8.196234 -13.780404
-216.241043 -8.194130 -3.878785
-214.005096 -8.200172 6.014711
-211.796906 -8.197886 15.785304
-209.550537 -8.193471 25.598669
-206.480637 -8.198852 35.395294
-202.768723 -8.199545 44.779331
-198.899994 -8.193151 54.318897
-195.083344 -8.197420 63.730034
-191.233551 -8.200523 73.222900
-186.970428 -8.193889 82.607407
-184.325378 -6.304288 92.180641
-182.474380 -4.233712 101.842766
-183.636337 -3.914385 112.077713
-183.832535 -3.496880 122.133522
-183.963135 -3.275827 132.604874
Wait
50
-185.268265 -3.298663 135.181976
-177.623383 -3.090205 141.976440
-170.174255 -2.289598 148.657166
-162.736771 -1.742378 155.343399
-155.133286 -3.002454 162.104004
-148.684067 -2.141132 169.976410
-144.716995 -1.767613 179.387909
-142.367783 -0.132261 189.240921
-142.947144 1.533976 199.340729
-146.785660 2.432199 208.816452
-154.199707 4.336278 215.431717
-161.440079 5.879936 222.415741
-159.102158 7.026721 232.168991
-156.299026 9.490046 241.574814
-151.731445 11.489328 250.556351
-147.882782 9.599225 259.650574
-143.192810 9.181097 268.694641
-138.054855 9.092066 277.344055
-131.693863 8.662292 285.243256
-123.421356 8.140545 291.335724
-114.387115 8.626565 295.942688
-104.781929 9.698616 299.194336
-94.746368 9.513231 300.382263
-84.557640 9.310336 300.558807
-74.406883 9.922293 299.403839
-65.318977 10.183550 295.061066
-59.433334 9.366726 286.659790
-55.272480 9.727722 277.407623
-51.457516 10.456787 267.941681
-45.689632 10.065805 259.599762
-38.084373 9.662902 252.770599
-29.826412 10.035428 246.640854
-22.052128 7.319031 240.415573
-18.541292 3.552722 231.359543
-17.404167 0.140049 221.518799
-15.207548 -2.057862 211.755798
-7.610102 -3.703436 205.333832
2.423754 -4.548064 205.137009
12.233532 -4.716554 207.822174
21.846760 -4.830259 211.598190
31.327265 -5.603410 215.914444
40.484741 -7.870208 220.009125
48.947746 -12.149853 223.441284
55.446487 -19.497875 225.847122
62.886864 -25.194744 229.506012
68.144676 -33.274944 233.023758
71.890045 -42.323540 236.619583
77.664589 -46.868065 243.405319
84.680679 -48.512234 250.848877
93.675720 -47.879986 255.967468
102.954926 -47.350601 260.825043
112.038788 -48.135349 265.580261
121.066818 -47.317390 270.306244
129.955322 -47.064964 274.959259
138.871689 -47.517429 279.626892
147.969437 -47.340775 284.389587
157.422867 -48.104237 288.463623
167.063431 -46.134098 291.616364
176.817978 -46.701878 294.723053
186.591537 -45.689644 297.769928
196.312286 -46.991405 300.720886
206.107468 -46.895676 303.697479
215.838211 -47.228527 307.437836
225.344025 -47.186089 311.196136
235.025589 -47.530487 315.023956
244.455246 -48.184143 318.752136
254.088379 -47.520142 322.590607
263.273102 -47.341763 326.586731
272.532898 -48.125828 330.704285
273.625519 -48.132183 331.150970
Custom
ZoneDoor "Village of Shin"
276.066040 -48.080986 325.906250
-281.353088 6.203169 -175.045288
-272.387970 5.901022 -170.344833
-263.196716 5.296706 -166.159943
-255.912720 4.713891 -159.026855
-253.253052 3.821653 -149.264496
-251.630814 2.247570 -139.255173
-250.481659 0.427095 -129.336044
-246.625961 -1.001817 -120.075005
-237.802933 -1.399333 -114.889748
-227.608612 -1.073360 -113.825241
-217.617798 -1.562383 -112.908867
-207.611298 -1.440444 -111.991074
-197.510681 -1.084086 -111.064659
-187.553146 -0.584513 -109.295708
-177.662918 -0.090235 -106.731888
-168.077133 0.429640 -103.142891
-159.427795 0.452988 -97.987396
-151.346420 0.214521 -91.677071
-143.374573 -0.672898 -85.354980
-135.570068 -1.464291 -79.151405
-127.592896 -1.290039 -72.810600
-119.702011 -1.385005 -66.538406
-111.564545 -1.350222 -60.070202
-103.656013 -1.451736 -53.820599
-94.669243 -1.424837 -48.887997
-84.408249 -1.075289 -48.779293
-74.568527 -0.840492 -51.055511
-65.242226 -0.114297 -55.023895
-57.690453 1.786946 -62.066860
-51.279903 3.801412 -69.777954
-46.353958 6.071072 -78.648689
-43.999908 8.259123 -88.898888
-41.923252 9.655232 -98.649895
-39.926704 11.736194 -108.578362
-37.332600 12.499595 -118.423317
-30.695032 12.697476 -125.937378
-21.621857 16.168716 -128.772995
-12.003270 18.331953 -132.373535
-4.048369 19.584362 -138.560211
1.859704 25.468458 -144.226700
8.041723 31.637306 -150.023331
14.962418 35.234486 -156.684128
Wait
20
17.968239 35.757198 -159.798248
Wait
20
27.622957 37.641903 -158.259628
Wait
20
28.486265 42.959106 -166.821014
23.793688 42.959103 -167.427750
Custom
HailActor Pang 3
20.929255 42.959103 -160.940735
Wait
20
28.371180 42.959103 -167.431885
Wait
20
27.919016 37.641903 -158.666367
Wait
20
22.452229 35.757198 -157.556030
Wait
20
17.597826 35.757202 -159.297791
10.862385 33.702450 -152.102264
4.747618 27.851715 -146.287949
-1.206791 22.136026 -140.599548
-7.836037 18.331953 -133.954269
-1.698609 17.001448 -125.867249
6.544353 14.736066 -120.504364
14.091099 14.736229 -113.444847
19.372896 14.735764 -104.740234
23.276953 14.733418 -95.364967
25.295572 14.728183 -85.118690
Custom
HailActor Kuabu 5
23.776478 14.726751 -75.549698
24.068178 14.731465 -87.133400
24.328932 14.734026 -97.488304
18.622931 14.736017 -105.804947
10.664730 14.736398 -112.233124
3.603363 14.736086 -119.420769
-3.762055 17.789478 -125.918221
-12.440877 18.331944 -131.192749
-22.597717 16.467844 -132.394562
-31.599140 12.855575 -128.571869
-39.873329 12.220358 -122.397308
-40.973434 11.901522 -112.278999
-39.825024 10.481327 -102.328857
-42.762318 8.775281 -92.730110
-47.308132 6.725359 -83.948578
-52.383068 4.045482 -75.698380
-57.663902 2.063307 -67.223549
-63.843548 0.320616 -59.491020
-71.555679 -0.622194 -53.006264
-81.014404 -0.978680 -49.502846
-91.101677 -1.135824 -51.128876
-100.300156 -1.310746 -55.050869
-109.672852 -1.317142 -59.723732
-118.979408 -1.415057 -64.596954
-127.974144 -1.362068 -69.575554
-136.589325 -1.688532 -74.778152
-145.298874 -1.320431 -80.037773
-153.860138 -0.656048 -85.207802
-162.664139 -0.282679 -90.524384
-171.306335 -0.334766 -95.743271
-179.935059 -0.619932 -100.953987
-189.123581 -1.324369 -104.863152
-198.847595 -1.687517 -107.236191
-208.690430 -1.533350 -109.179077
-218.641434 -1.607331 -111.143303
-228.676117 -1.212715 -113.311516
-238.221985 -1.330937 -117.165108
-245.781509 -0.508720 -124.028496
-251.141647 1.128489 -132.424240
-253.783859 2.862716 -141.968307
-255.908630 4.386711 -151.821060
-259.822571 4.939056 -161.133713
-267.648285 5.539743 -167.455429
-276.325653 5.946545 -172.757767
Custom
ZoneDoor "to lake"
-281.031036 6.155782 -179.888992
272.259064 -48.130398 331.650421
263.295227 -47.376354 327.233093
254.143021 -47.532658 323.064240
244.465408 -48.217308 319.659058
234.940048 -47.476425 316.476990
225.397385 -47.222210 313.395721
217.801727 -46.772350 320.126404
Custom
HailActor Hunra 7
219.914612 -47.160370 337.454529
210.429733 -44.727226 339.979858
200.583176 -46.345364 341.444733
190.246704 -47.132671 341.515472
180.484985 -47.094002 338.337158
171.556427 -47.517769 333.488373
163.437149 -46.430943 327.677063
155.180603 -46.570744 321.791443
146.402771 -45.821796 316.933563
137.549667 -44.819221 312.317352
127.830391 -44.794521 308.476685
118.309608 -45.225132 305.071167
108.885475 -44.816662 301.700165
99.386604 -44.718632 298.368103
89.514236 -42.711906 298.597839
80.175194 -40.895351 301.823425
71.386810 -39.099007 306.459625
61.553917 -37.269485 308.182251
Custom
WaitForMob Greenwhisker
58.549885 -36.809258 308.300629
Custom
Target Greenwhisker
58.549885 -36.809258 308.300629
Wait
50
58.549885 -36.809258 308.300629
68.601967 -38.432816 308.374939
76.868713 -40.372147 302.788025
Custom
WaitForMob Keelkrush
83.487083 -42.268749 295.596008
Custom
Target Keelkrush 1 100
83.487083 -42.268749 295.596008
90.684380 -44.749672 288.918884
97.243423 -48.071220 281.626892
103.401825 -47.375648 273.597961
107.532265 -47.736282 264.493225
108.507629 -47.866402 254.332336
108.396492 -47.045040 244.316010
108.268494 -46.285107 234.331436
107.673584 -47.047741 224.223221
106.684052 -47.270996 214.271271
105.038612 -48.993355 204.513260
103.222252 -48.443687 194.406174
101.498871 -47.742054 184.462051
100.221260 -48.976387 174.495270
100.372925 -47.147331 164.274887
100.850861 -47.038658 154.253555
100.854942 -46.667538 144.214325
99.540611 -47.043781 134.142868
95.977913 -48.112087 124.662598
92.318062 -44.486111 115.777817
87.446457 -40.097530 108.060402
80.945831 -39.248516 100.326225
77.647964 -37.649979 90.888992
82.470596 -37.727654 81.981339
72.558037 -38.860580 79.767593
62.966537 -37.372181 77.125771
53.253624 -37.438663 73.941093
43.542786 -37.652744 70.507843
34.600239 -37.486557 65.979630
Custom
ClimbLadder 360 -23
34.385590 -37.312363 60.550159
35.181107 -22.906603 56.144020
30.828707 -25.139261 42.615005
28.235739 -25.085375 32.712883
Custom
ToggleWalkRun 1
27.190821 -25.025925 22.652748
Wait
20
27.237469 -25.067272 18.508482
Wait
20
29.657467 -22.243021 15.321911
Wait
20
31.533436 -20.308771 13.857902
Wait
20
34.289463 -17.616941 12.486465
Wait
20
38.232777 -17.396942 12.417952
Custom
ToggleWalkRun 1
40.392792 -17.109678 2.585985
40.392792 -17.109678 2.585985
30.381901 -17.131628 3.050209
20.451389 -15.394136 2.886597
13.688419 -13.895741 3.170838
10.364552 -11.339221 -6.042143
7.085120 -6.337797 -14.094593
2.479654 -8.276787 -22.923870
-4.290997 -6.766671 -30.261677
-12.286777 -5.826971 -36.506485
-21.405636 -5.631156 -41.461224
-30.379606 -6.113128 -46.009247
-40.291679 -5.931124 -49.233494
-49.929256 -6.213749 -52.197701
-59.505116 -6.824238 -55.142925
-69.202133 -8.513311 -57.168655
-79.334473 -8.413338 -58.390835
-89.400726 -8.389332 -59.529236
-99.667297 -8.403831 -60.690311
-109.683655 -8.408472 -60.328247
-118.872452 -8.294796 -56.151405
-127.880142 -8.236387 -51.627216
-137.592133 -8.216678 -48.895557
-146.243011 -8.198648 -54.025723
-152.695068 -8.189838 -61.737343
-159.838333 -8.193169 -68.763718
-167.995972 -8.190220 -75.015656
-176.835022 -8.188443 -79.850792
-186.782196 -8.195653 -81.699913
-196.637863 -8.198719 -78.783897
-203.829742 -8.192623 -71.723251
-208.736435 -8.196207 -62.971603
-212.608627 -8.200302 -53.706123
-216.192139 -8.193974 -44.151279
-217.496429 -8.195116 -34.060574
-218.034500 -8.200634 -23.871286
-217.927856 -8.196234 -13.780404
-216.241043 -8.194130 -3.878785
-214.005096 -8.200172 6.014711
-211.796906 -8.197886 15.785304
-209.550537 -8.193471 25.598669
-206.480637 -8.198852 35.395294
-202.768723 -8.199545 44.779331
-198.899994 -8.193151 54.318897
-195.083344 -8.197420 63.730034
-191.233551 -8.200523 73.222900
-186.970428 -8.193889 82.607407
-184.325378 -6.304288 92.180641
-182.474380 -4.233712 101.842766
-183.636337 -3.914385 112.077713
-183.832535 -3.496880 122.133522
-183.963135 -3.275827 132.604874
-179.872620 -3.125820 141.277954
-171.447769 -2.700821 146.965210
-163.430634 -1.826451 153.284500
-155.888153 -2.936727 159.923996
-150.760651 -2.192368 168.492157
-144.706985 -1.747864 176.766769
-141.422241 -0.673329 186.523849
-143.603455 0.863253 196.248260
-146.587830 1.581854 205.914566
-148.258301 3.203694 211.167496
-156.467072 4.449696 216.743073
-159.410172 5.991984 226.641586
-157.993652 7.675135 236.719849
-154.417191 10.746981 245.863770
-149.626114 10.814935 254.815567
-144.995316 9.304926 263.590149
-139.895691 9.073979 272.452332
-133.986420 9.149481 281.004242
-127.962555 8.669202 289.253723
-120.626801 8.347594 296.112793
-111.852737 8.887752 301.096375
-101.700737 9.695169 302.494934
-91.559258 9.308314 301.160370
-83.538940 9.265328 294.788513
-78.950050 9.604282 285.595245
-76.767448 9.703801 275.657684
-74.577339 10.129536 265.754059
-72.201340 9.542188 255.747787
Custom
ClickActor bush 1
-70.905930 9.632773 250.685471
Custom
HailActor Prawn 4
-69.949554 9.640513 241.481186
Wait
50
-69.949554 9.640513 241.481186
-60.249443 9.652801 244.711105
-50.487213 9.558458 247.755386
-40.673897 9.668689 249.914322
-30.778067 9.869997 247.732895
-23.445005 7.655836 240.875458
-19.207916 3.985116 232.480377
-17.335352 0.692986 223.139603
-15.400388 -1.708193 213.538223
-8.198861 -3.550442 206.456985
1.719072 -4.524975 205.443604
11.673909 -4.734684 207.807098
20.607443 -4.877776 212.437607
30.144238 -5.518754 216.359070
39.579819 -7.442336 220.164627
48.440525 -11.803269 223.533737
55.012470 -19.175762 225.348816
63.201939 -24.723715 227.331879
69.693428 -33.138397 228.758377
74.753784 -42.138714 229.797470
83.322701 -47.598969 231.459213
93.325600 -48.164986 233.485001
103.285652 -47.043213 235.516144
113.371292 -46.028793 238.163651
122.718796 -45.455215 242.295425
131.846024 -45.456055 246.682251
140.984726 -45.860237 251.190567
149.953949 -47.047272 255.615265
158.991943 -45.923534 260.113556
167.935379 -46.413517 265.125458
176.410934 -46.388744 271.003204
184.709915 -46.014069 276.916565
193.006226 -46.014069 282.914307
201.017731 -45.726082 289.361206
208.832657 -45.980473 295.851929
216.486130 -47.246296 302.216614
224.471130 -47.162743 308.772247
233.135742 -47.490208 314.356445
242.312317 -48.221584 318.385468
251.921783 -47.471001 321.958038
261.065826 -47.417938 326.008545
270.598053 -48.081627 329.624908
Custom
ZoneDoor "Village of Shin"
276.019562 -48.079861 325.908295
-271.023682 5.903825 -170.827805
-263.178650 5.188032 -164.132996
-255.470901 4.658555 -157.555420
-253.452835 3.604518 -147.538712
-252.251236 2.071972 -137.706909
-250.899902 -0.130638 -127.865128
-244.821716 -0.914025 -119.695633
-235.446472 -1.268597 -116.166222
-225.477295 -1.073061 -113.838371
-215.423355 -1.817493 -111.530739
-205.354874 -1.490760 -109.215469
-195.556931 -1.739488 -106.558037
-185.915695 -1.021321 -103.307381
-176.132416 -0.287204 -99.985092
-166.641815 0.277472 -96.731735
-157.694412 0.016918 -91.759804
-148.945908 -0.509579 -86.442879
-140.183914 -1.297206 -81.117790
-131.475784 -1.323592 -75.825409
-122.888786 -1.285539 -70.606651
-114.046051 -1.260246 -65.232491
-105.216789 -1.207433 -59.866486
-96.562485 -1.231413 -54.606819
-87.560417 -0.991325 -50.150703
-77.234818 -0.993608 -49.665527
-67.381599 -0.360670 -52.186050
-58.376835 0.992686 -56.964581
-50.588558 4.128951 -63.001610
-42.942581 6.415851 -69.325722
-33.816971 8.695416 -72.724121
-23.850853 10.011992 -70.024971
-14.210186 10.615971 -67.160767
Wait
20
-6.535748 11.068144 -64.124115
-1.566434 12.611509 -72.794418
2.905849 13.881883 -81.863037
8.236763 14.672016 -90.536194
16.756048 14.733370 -96.081940
24.481339 14.817824 -89.497124
Custom
HailActor Kuabu 5
21.678295 14.726760 -74.651031
23.635521 14.727096 -84.918053
25.491661 14.734617 -95.008980
21.227371 14.735798 -104.361130
12.656278 14.736471 -109.568642
2.913875 14.736403 -113.059273
-6.447561 14.491027 -116.748131
-15.843991 12.689145 -120.351784
-25.628328 12.536238 -123.225517
-35.750004 12.460626 -124.540649
-46.073151 11.733646 -125.104477
-55.813175 11.386679 -127.705460
-64.465439 11.484937 -132.839874
-72.976578 11.727219 -138.210159
-80.736916 11.981575 -144.620819
-87.221489 13.349090 -152.312424
-91.820930 14.532648 -161.213898
-97.003555 14.826400 -169.902588
-105.789551 14.204421 -175.067551
-115.926338 12.379833 -173.796204
-125.687843 10.641047 -171.711166
-134.550583 7.109234 -168.586700
-144.142532 5.518835 -164.919846
-153.543243 5.915160 -161.326065
-163.091110 5.365219 -157.676056
-172.225693 4.498135 -153.180527
-180.885742 3.467360 -147.621704
-189.060791 3.468523 -141.564560
-197.261169 3.150569 -135.488678
-205.728592 2.885929 -130.067139
-214.977173 2.581214 -125.902412
-224.168304 1.809443 -121.763588
-233.773056 -0.198433 -118.675217
-243.622833 -0.661153 -120.765282
-251.343918 -0.227956 -127.464294
-254.076141 2.263152 -136.756912
-255.069977 3.666990 -146.729782
-256.331451 4.681934 -156.962021
-262.328369 5.192104 -165.060211
-271.755737 5.758784 -168.506058
-278.760315 6.018971 -175.673981
Custom
ZoneDoor "to lake"
-280.365356 6.128889 -180.211487
272.606506 -48.131355 331.446045
263.078278 -47.456467 328.129669
254.034103 -47.544323 323.704651
244.920471 -48.233814 319.245575
235.484131 -47.498123 314.988068
226.552933 -47.313725 310.062500
219.581146 -47.182945 302.632568
212.605042 -46.992661 295.096893
205.757339 -45.875828 287.699829
197.995316 -45.777023 281.269165
189.801575 -45.368919 274.975189
181.582748 -46.013794 268.636475
173.704773 -47.047272 262.373901
166.088715 -45.911102 255.916473
158.596558 -46.094116 249.060684
151.520340 -46.969704 241.684250
144.955307 -46.001072 233.722168
140.620514 -46.170822 224.644089
137.012344 -47.047268 215.013077
133.515793 -47.047272 205.626144
129.903839 -46.188873 195.929260
127.205933 -46.773560 186.027649
124.739868 -47.009583 176.286514
121.012772 -47.030396 166.754044
115.935249 -46.988403 158.065460
110.579384 -46.986771 149.138046
105.811508 -46.968941 140.295914
100.917549 -47.086918 131.197006
95.718948 -47.974342 122.441055
91.804390 -43.722462 114.210037
84.827354 -40.415264 107.683182
79.653702 -39.398193 99.146042
74.247284 -38.449074 90.691147
67.218903 -37.840782 83.598831
59.734943 -37.589329 76.226669
50.576233 -37.510605 71.348213
41.033363 -37.673824 67.731537
Custom
ClimbLadder 360 -23
34.385590 -37.312363 60.550159
35.181107 -22.906603 56.144020
30.828707 -25.139261 42.615005
28.235739 -25.085375 32.712883
Custom
ToggleWalkRun 1
27.190821 -25.025925 22.652748
Wait
20
27.237469 -25.067272 18.508482
Wait
20
29.657467 -22.243021 15.321911
Wait
20
31.533436 -20.308771 13.857902
Wait
20
34.289463 -17.616941 12.486465
Wait
20
38.232777 -17.396942 12.417952
Custom
ToggleWalkRun 1
40.392792 -17.109678 2.585985
40.392792 -17.109678 2.585985
30.381901 -17.131628 3.050209
20.451389 -15.394136 2.886597
13.688419 -13.895741 3.170838
10.364552 -11.339221 -6.042143
7.085120 -6.337797 -14.094593
2.479654 -8.276787 -22.923870
-4.290997 -6.766671 -30.261677
-12.286777 -5.826971 -36.506485
-21.405636 -5.631156 -41.461224
-30.379606 -6.113128 -46.009247
-40.291679 -5.931124 -49.233494
-49.929256 -6.213749 -52.197701
-59.505116 -6.824238 -55.142925
-69.202133 -8.513311 -57.168655
-79.334473 -8.413338 -58.390835
-89.400726 -8.389332 -59.529236
-99.667297 -8.403831 -60.690311
-109.683655 -8.408472 -60.328247
-118.872452 -8.294796 -56.151405
-127.880142 -8.236387 -51.627216
-137.592133 -8.216678 -48.895557
-146.243011 -8.198648 -54.025723
-152.695068 -8.189838 -61.737343
-159.838333 -8.193169 -68.763718
-167.995972 -8.190220 -75.015656
-176.835022 -8.188443 -79.850792
-186.782196 -8.195653 -81.699913
-196.637863 -8.198719 -78.783897
-202.835587 -8.252281 -72.220253
-210.201752 -8.224739 -65.430328
-216.115356 -8.215874 -57.346500
-220.514069 -8.203379 -48.105549
-224.453766 -8.197086 -38.567955
-227.979706 -8.236074 -29.201319
-231.541916 -8.218482 -19.629128
-235.083893 -8.201893 -10.111351
-238.665436 -8.200289 -0.487179
-242.154694 -8.202631 8.889008
-245.652740 -8.195148 18.288813
-249.163971 -8.195637 27.724037
-252.704788 -8.201094 37.080585
-256.903564 -7.873415 46.213047
-263.912750 -7.577056 53.675568
-274.297852 -8.132634 53.711506
-284.637604 -8.755964 53.574692
-289.705933 -8.809399 56.783791
-299.888184 -9.155706 56.838310
-307.819855 -9.480393 50.671925
-298.129242 -12.258616 52.064888
-287.984314 -14.485310 52.381699
-290.402313 -14.893954 57.811535
-300.542816 -15.183404 57.304089
-310.341217 -17.306122 57.410881
-312.982727 -17.423073 57.574661
-312.926910 -17.110405 51.657833
-302.966064 -19.011036 52.505695
-292.855713 -21.253847 52.957775
-292.040375 -21.253847 52.990566
-295.552948 -21.253847 43.349495
-296.708801 -22.793379 33.902107
-286.695923 -22.965975 34.011700
-278.424713 -22.966833 28.272640
-274.240784 -22.875860 23.741417
-266.693390 -23.971336 23.468424
-266.900299 -25.423103 13.377011
-273.828918 -25.418127 14.248463
-273.532959 -27.424334 24.236242
-273.407959 -30.223270 34.013126
-273.339203 -34.118515 43.314438
-273.443848 -37.168011 52.999111
-273.466248 -37.074806 54.368629
-263.302826 -37.167942 53.552719
-263.353027 -37.167942 43.341763
-272.326294 -38.907608 39.116264
-275.002686 -38.858776 39.213799
-273.734772 -39.674942 29.081480
-263.727905 -40.371799 28.326069
-263.991547 -41.882256 38.535564
-264.093994 -42.222782 48.606098
Custom
ZoneDoor "The Forsaken City"
-264.213654 -42.225239 51.199097
1.493918 -23.954649 76.792778
1.710491 -23.937855 66.776375
1.748093 -23.662342 56.713108
1.188434 -28.740271 47.985123
0.862266 -35.645863 40.746384
0.649434 -42.481628 33.378716
0.595308 -44.741638 21.174984
-5.423662 -44.741043 12.943734
-13.058889 -43.433235 6.226219
-20.167782 -41.631752 -0.683126
Custom
ClickActor door_01_b
-25.892134 -40.954716 -6.668046
-33.807999 -41.267845 -12.969550
-40.508797 -41.078648 -20.404295
-47.124310 -41.652683 -28.030455
-53.314415 -48.315453 -32.717014
-62.511040 -50.807617 -29.665831
-72.523079 -50.787746 -28.191500
-80.008080 -50.771595 -33.444244
-73.782700 -46.445370 -40.050068
-67.854881 -42.367619 -46.590755
-63.934898 -42.367619 -42.146400
-69.328590 -36.555164 -35.776386
-74.693245 -33.133572 -28.975357
-65.851036 -33.178257 -24.281303
-60.794540 -30.910589 -32.716179
-55.238976 -30.550814 -41.071964
-45.267284 -30.550817 -42.172672
-36.462227 -30.550833 -37.367878
-27.214258 -30.550840 -33.538925
-17.121765 -30.550844 -32.611553
-6.926250 -30.550844 -32.380848
3.174790 -30.550846 -32.152275
13.299448 -30.550844 -31.923180
23.424105 -30.550842 -31.694088
33.175297 -28.778042 -33.761154
38.836597 -22.712158 -39.477600
43.077457 -22.684387 -42.039658
47.190956 -22.713623 -32.759750
51.159504 -22.718599 -23.472319
54.027863 -22.806469 -13.850083
54.940704 -22.880703 -3.888877
55.114346 -22.768341 6.154826
45.294712 -22.713640 8.361331
35.169674 -22.322416 7.771283
25.197998 -22.694853 6.832954
14.967758 -22.656404 6.589646
4.935038 -22.656404 6.613778
-5.097683 -22.656404 6.637910
-15.193400 -22.656404 6.662192
-25.334623 -22.831972 7.383191
-35.458851 -22.713640 9.101453
-45.319069 -22.713640 10.775073
-55.331997 -22.713640 12.813062
-65.153091 -22.675159 15.368842
-74.946434 -22.533596 13.227034
-84.557091 -22.633757 10.296488
-93.688507 -22.858664 5.911384
-101.245705 -22.838999 1.059469
-94.664955 -27.854691 -5.119344
-88.967842 -33.026157 -11.696458
-82.067833 -33.025379 -4.294264
-90.194275 -33.025696 -0.971600
-95.485474 -38.082371 6.034698
-91.629585 -38.082371 15.351916
-83.121719 -38.082371 20.625038
-74.473595 -38.082371 25.985100
-65.461334 -38.082371 30.376036
-69.889069 -39.678631 21.375656
-75.368523 -46.321701 15.874168
-81.684448 -46.438236 7.934226
-82.447952 -46.438232 -2.085094
Custom
ClickActor "bookcase"
-84.632172 -46.438236 -7.277367
Custom
Target Delirious
-81.856293 -46.438236 -4.864688
Wait
50
-81.856293 -46.438236 -4.864688
-81.019180 -46.438236 5.135880
-79.715538 -46.438232 13.283707
-72.188087 -42.475048 19.006096
-65.135452 -38.082371 24.727604
-70.268936 -38.082371 31.866480
-77.319458 -38.082371 24.771379
-85.452538 -38.082371 18.846781
-92.909363 -38.082375 11.983435
-96.906296 -38.082375 8.376423
-91.129028 -34.411091 0.973957
-85.185356 -33.025253 -6.961391
-90.921730 -33.026608 -12.229774
-95.066154 -27.476337 -4.906586
-99.905258 -22.832985 2.522470
-91.565102 -22.795382 8.246531
-81.860619 -22.572977 11.188415
-72.138359 -22.574064 13.648191
-62.145992 -22.713640 15.127297
-52.031250 -22.713640 14.078382
-42.385975 -22.713640 11.328890
-32.629936 -22.526945 8.771837
-22.662918 -22.808390 6.920517
-12.595086 -22.687637 6.889692
-2.326170 -22.656404 6.904636
7.785328 -22.656404 6.900066
17.879879 -22.657064 6.987705
27.907759 -22.739824 7.492690
38.113068 -22.713640 7.049413
48.011482 -22.751572 4.727019
54.985817 -22.840826 -0.314067
54.441467 -22.836252 -10.378066
52.670311 -22.749018 -20.335958
48.967072 -22.713631 -29.783480
44.021599 -22.713612 -38.585117
41.040054 -22.673336 -42.971767
34.207428 -26.475994 -36.717155
26.995234 -30.550846 -31.060175
16.944759 -30.550835 -30.222761
6.900571 -30.550838 -30.938646
-3.150445 -30.550844 -31.454601
-13.326092 -30.550844 -32.109207
-23.375420 -30.550844 -33.545315
-33.203072 -30.550835 -36.332981
-42.468506 -30.550823 -40.109715
-51.795700 -30.550814 -44.348946
-59.199821 -30.550814 -37.625507
-64.486923 -32.919064 -29.388351
-67.049171 -33.178257 -25.241446
-75.110870 -33.099007 -31.195488
-68.924042 -38.020439 -37.656517
-64.143776 -42.367619 -43.204792
-69.148705 -42.367619 -47.036377
-74.131218 -46.979904 -39.418736
-79.439835 -50.771664 -32.514046
-70.212837 -50.792992 -28.428360
-64.558838 -50.810326 -25.876020
-59.507874 -50.798599 -34.634239
-51.299000 -46.128483 -31.278553
-44.503979 -41.078648 -25.931717
-36.887058 -41.088108 -19.295954
-30.404491 -41.368126 -11.599382
Custom
ClickActor door_01_b
-29.033510 -41.430817 -9.772950
-21.787397 -41.292503 -2.716398
-14.648583 -42.968716 4.106831
-7.595305 -44.532612 11.359097
-1.698732 -44.741642 19.716871
0.284932 -44.626438 29.541185
0.764555 -38.633453 37.541595
0.735266 -31.865440 45.022236
0.817181 -24.617531 52.082222
1.174535 -23.932146 62.241932
1.133222 -23.907185 72.382874
Custom
ZoneDoor "zone_to_mystic_lake"
0.640441 -24.030066 83.743538
-263.760498 -42.222782 46.867870
-263.859222 -41.853436 36.756634
-263.748138 -40.256264 27.471231
-273.907501 -40.371460 28.557943
-274.045349 -38.919106 38.541115
-264.105438 -37.167942 39.405636
-263.799896 -37.167942 49.603054
-273.373322 -37.168007 53.118397
-272.249298 -34.129978 43.368023
-272.704712 -30.188089 33.898838
-272.464783 -27.424334 24.037701
-272.498077 -25.419006 14.057706
-272.444153 -25.394651 12.977670
-266.583771 -25.346268 14.028135
-267.245514 -23.970644 24.051350
-267.328369 -23.922562 25.093643
-277.413300 -22.965979 23.865734
-278.011322 -22.965971 23.716230
-277.371735 -22.965937 30.471455
-287.359528 -22.965975 31.298462
-296.011475 -22.965988 36.467655
-294.766754 -21.253847 46.464901
-295.818665 -21.253847 52.746597
-305.568756 -18.704899 52.701767
-312.919617 -17.423023 52.472858
-312.054810 -17.423016 58.355957
-302.158295 -15.528864 57.766846
-291.905762 -15.058336 57.846260
-288.037292 -15.058336 57.800915
-294.996490 -14.977704 50.615280
-295.185577 -14.954428 50.602200
-304.664154 -11.242279 50.892292
-308.497681 -11.242217 50.917126
-307.495026 -11.242236 56.902332
-297.528137 -9.348026 56.886272
-287.482086 -8.828780 56.573978
-277.852448 -8.544363 53.754456
-267.917328 -7.163107 52.461979
-258.757172 -8.134987 56.957069
-250.817490 -8.398347 63.043125
-242.847198 -8.285624 69.152061
-234.876846 -8.235718 75.261070
-226.302750 -8.221039 81.074364
-217.525711 -8.208094 86.404961
-208.931732 -8.197969 91.624329
-200.577179 -8.201059 97.166283
-193.870346 -5.975425 104.474022
-188.373779 -4.404590 112.772743
-182.190979 -3.511448 120.910934
-176.000061 -3.412232 128.845795
-169.683197 -3.409276 136.942062
-163.485260 -2.781042 145.049423
-157.723450 -2.412310 153.358475
-152.542770 -2.915567 162.001205
-147.693771 -2.162619 170.960358
-144.210098 -1.472028 180.673843
-141.312759 -0.042804 190.252991
-143.313568 1.530524 200.255051
-147.796814 2.610402 209.485413
-155.374771 4.270008 216.219772
-161.443573 5.837838 222.208969
-160.087692 7.118040 232.036713
-156.708176 9.424425 241.420044
-152.459457 11.862074 250.436005
-147.674713 9.635744 259.271667
-141.843582 9.261370 267.763794
-135.764801 9.387935 275.725433
-129.475739 8.397591 283.962524
-123.202171 8.156088 292.050568
-115.239120 8.416146 298.619293
-106.440910 9.665359 303.659943
-96.263222 9.286376 306.085999
-86.006042 9.936865 304.848328
-77.560524 9.604884 298.975983
-69.264656 10.598148 293.256531
-61.406898 9.660311 286.410980
-55.685616 9.712116 278.013794
-49.565464 10.483190 269.699066
-42.635849 9.646477 262.273071
-35.454811 9.657816 255.244324
-28.240948 9.749132 248.093155
-22.541613 7.305629 240.095352
-19.064463 3.457611 231.148773
-16.970301 0.236562 221.775467
-14.280699 -2.081351 212.405838
-6.242825 -3.814371 206.251663
4.081570 -4.573119 206.768234
13.490462 -4.800776 210.880707
22.905787 -5.112484 215.245682
32.727165 -5.806849 218.528870
42.068390 -8.740652 220.697357
50.415947 -14.627011 222.321365
57.885132 -21.238354 223.479553
65.942619 -27.756943 225.823090
71.709145 -36.025063 227.747559
76.363510 -44.948944 229.419327
85.589691 -48.217651 232.316086
95.317581 -48.186676 234.858124
105.179710 -46.809319 237.685989
114.959602 -46.344593 240.658813
124.584915 -45.455387 243.738205
134.021881 -45.177967 247.866562
143.314560 -46.263523 251.931824
152.751572 -47.012272 256.060181
162.015411 -45.877773 260.112793
171.358917 -47.047272 264.255798
179.808472 -46.037399 269.712891
187.884064 -45.762787 275.953644
195.822556 -45.994770 282.088531
203.947968 -45.692581 288.367859
211.986145 -46.958912 294.579712
220.011887 -47.288784 300.781830
227.987808 -47.289036 306.945465
236.313522 -47.505184 313.377655
245.027298 -48.276592 318.535248
254.185516 -47.529247 322.863556
260.049805 -47.565453 325.440582
269.261047 -48.045395 330.009277
Custom
ZoneDoor "Village of Shin"
276.193146 -48.084507 325.924500
-274.651123 6.087929 -173.528702
-266.549988 5.495440 -167.419266
-258.401031 4.914396 -161.486572
-253.572800 4.281671 -152.703934
-252.523239 2.812209 -142.474182
-251.480347 1.154344 -132.559540
-247.376755 -0.795865 -123.621162
-238.534775 -1.312077 -118.057732
-228.439209 -0.014586 -117.036873
-218.880676 1.488512 -120.268822
-209.809433 2.550388 -125.010971
-201.191620 2.831031 -130.539536
-193.402435 3.239174 -137.202896
-185.145157 3.100579 -142.947388
-176.351395 2.858038 -148.370377
-167.659088 4.449028 -153.628128
-158.926346 5.438613 -158.910309
-150.058807 5.883027 -164.274109
-141.339523 6.313051 -169.548172
-132.903061 9.628025 -174.650681
-123.276825 12.318759 -177.943878
-113.091766 13.608640 -178.197525
-103.611633 14.835982 -175.071884
-94.208595 15.622749 -171.444107
-84.317154 17.874271 -168.352112
-74.507416 17.393812 -165.002533
-65.260780 17.393812 -160.286667
-56.287563 17.393812 -155.557922
-47.222256 17.393812 -150.847916
-38.703888 17.613708 -145.071655
-30.825802 15.067345 -138.937271
-22.811346 16.404631 -132.491776
-14.934852 16.697435 -126.201561
-7.191711 14.985805 -120.021973
0.908427 14.736270 -113.557472
9.117812 14.736610 -107.108147
17.491957 14.734768 -101.506844
24.456263 14.733878 -96.045502
23.874517 14.729057 -85.888824
23.908974 14.726751 -75.490768
Custom
HailActor Kuabu 8
23.374205 14.726754 -75.327293
23.957472 14.728126 -85.381729
24.173769 14.733849 -95.488304
16.029312 14.735457 -101.516289
7.661742 14.736681 -107.698250
-0.934775 14.736175 -113.424057
-11.333706 13.553916 -113.598312
-20.114079 11.873284 -108.618263
-27.397762 11.654414 -101.719543
-34.613060 10.697721 -94.793892
-41.881462 8.590289 -87.497284
-48.136528 5.536410 -79.978630
-54.555965 3.203459 -72.207077
-61.095772 1.248364 -64.289795
-67.434952 -0.314536 -56.615379
-75.884529 -0.848101 -50.972958
-85.918831 -0.804186 -51.614693
-95.452042 -1.140886 -54.806000
-104.540657 -1.214906 -59.078964
-113.332672 -1.280173 -63.879036
-122.318115 -1.389318 -68.784943
-131.096237 -1.428272 -73.577637
-140.178467 -1.623488 -78.536392
-149.094833 -0.864109 -83.404579
-158.260025 -0.318133 -88.408638
-167.162598 -0.229641 -93.269295
-175.982193 -0.520143 -98.084648
-184.912369 -0.935401 -102.960381
-194.034836 -1.432731 -107.733406
-204.273346 -1.420706 -109.255325
-214.263397 -1.812465 -109.989449
-224.335114 -1.224753 -111.646210
-234.020248 -1.317236 -115.348709
-242.899475 -0.890966 -120.252174
-250.376099 -0.269980 -127.123245
-253.637878 2.109940 -136.317078
-255.188217 3.610638 -146.189117
-256.670166 4.708520 -156.265549
-261.871918 5.170504 -164.958481
-270.732666 5.815440 -169.982590
-279.163055 6.036745 -175.737518
Custom
ZoneDoor "to lake"
-280.971436 6.145042 -178.966339
272.606506 -48.131355 331.446045
263.078278 -47.456467 328.129669
254.034103 -47.544323 323.704651
244.920471 -48.233814 319.245575
235.484131 -47.498123 314.988068
226.552933 -47.313725 310.062500
219.581146 -47.182945 302.632568
212.605042 -46.992661 295.096893
205.757339 -45.875828 287.699829
197.995316 -45.777023 281.269165
189.801575 -45.368919 274.975189
181.582748 -46.013794 268.636475
173.704773 -47.047272 262.373901
166.088715 -45.911102 255.916473
158.596558 -46.094116 249.060684
151.520340 -46.969704 241.684250
144.955307 -46.001072 233.722168
140.620514 -46.170822 224.644089
137.012344 -47.047268 215.013077
133.515793 -47.047272 205.626144
129.903839 -46.188873 195.929260
127.205933 -46.773560 186.027649
124.739868 -47.009583 176.286514
121.012772 -47.030396 166.754044
115.935249 -46.988403 158.065460
110.579384 -46.986771 149.138046
105.811508 -46.968941 140.295914
100.917549 -47.086918 131.197006
95.718948 -47.974342 122.441055
91.804390 -43.722462 114.210037
84.827354 -40.415264 107.683182
79.653702 -39.398193 99.146042
74.247284 -38.449074 90.691147
67.218903 -37.840782 83.598831
59.734943 -37.589329 76.226669
50.576233 -37.510605 71.348213
41.033363 -37.673824 67.731537
Custom
ClimbLadder 360 -23
34.385590 -37.312363 60.550159
34.881390 -22.912024 52.371948
31.209015 -25.173904 43.163853
26.707535 -25.063791 33.998253
22.193077 -25.005463 24.818893
18.786551 -24.989649 15.402208
16.945837 -25.135746 5.174936
15.144049 -25.016363 -4.882446
Custom
ZoneDoor "Sepulcher of Zan Fi"
14.406738 -25.021847 -9.646525
23.994621 1.363180 35.043179
13.989879 1.406849 34.920761
4.444006 1.398036 31.737064
0.100880 1.401393 22.659061
-0.299281 1.663434 12.588521
0.094591 0.002500 2.610118
-0.499235 -0.001770 -7.413222
Custom
Target terracotta
-8.108424 0.382195 -9.742964
Wait
3600
-8.108424 0.382195 -9.742964
Wait
15
0.761620 -0.003201 -9.767189
Custom
ClickActor "plain grey sarcophagus" 1
1.379715 -0.006438 -15.085876
Custom
UseItem "Flute of Zan Fi"
1.379715 -0.006438 -15.085876
Wait
50
1.379715 -0.006438 -15.085876
-2.585865 -0.003357 -10.008424
Custom
ClickActor "The Mystic Lake"
-10.719834 0.379209 -33.548717
Custom
ExecuteCommand "ChoiceWindow:DoChoice1"
0 0 0
Custom
WaitForZoning
0 0 0
222.227249 -47.273693 301.476593
226.343170 -47.288433 310.708038
234.832596 -47.490929 316.327026
244.514603 -48.196709 319.056946
254.154617 -47.519970 322.500549
263.137695 -47.376949 327.139313
273.077454 -48.112453 329.671448
Custom
ZoneDoor "Village of Shin"
276.201569 -48.084953 325.929840
-276.662720 5.969933 -173.892075
-268.659851 5.578279 -167.463623
-258.856079 5.237975 -165.366272
-254.393982 4.585605 -156.369263
-253.392731 3.445926 -146.443192
-252.366943 1.993515 -136.495285
-250.958496 -0.368101 -126.738632
-246.898041 -1.494034 -117.646194
-238.813873 -1.558599 -111.324562
-229.659637 -1.572695 -106.840599
-219.687073 -2.445127 -104.538605
-209.257233 -2.290846 -105.614494
-199.097122 -1.953908 -106.149406
-189.195084 -1.604943 -102.877281
-179.864380 -0.873042 -98.820625
-170.114838 -0.176169 -95.870697
-159.952072 0.312452 -96.103951
-149.945801 0.863261 -98.220634
-140.205521 1.143884 -101.551201
-130.864334 1.508173 -105.844955
-121.483612 2.357856 -110.018188
-111.949570 3.981469 -113.298264
-101.778412 4.999477 -113.410393
-92.175362 5.417674 -109.944908
-83.822639 5.579575 -104.313828
-74.824181 5.864412 -99.204002
-64.899384 7.457050 -97.776978
-54.879818 8.407448 -97.384720
-45.121052 9.967402 -100.568611
-39.049515 11.767715 -108.529343
-38.737991 12.668229 -118.700394
-31.552797 12.577381 -125.673561
-21.615536 13.367615 -123.123199
-11.828941 13.438846 -120.134674
-9.386841 18.331964 -126.716850
-5.459467 18.331953 -136.011047
-4.983041 18.326029 -136.890610
0.872180 24.165794 -142.549576
6.846703 30.072824 -148.185928
13.272230 34.145485 -154.786911
Wait
20
17.952757 35.757198 -159.718063
Wait
20
26.533381 37.641903 -157.912064
Wait
20
28.663918 42.959103 -167.133347
23.614422 42.959103 -166.318741
Custom
HailActor Pang 3
20.524591 42.959106 -160.106308
