Gogas Afadin
Custom
HailActorMultiOption "Havras "Hack" Scutter" 2 1 1 1
-310.089111 11.567637 -49.030369
-309.866455 11.467687 -47.367695
Custom
ClickActor door_tavern_1
-310.982758 12.245771 -45.719254
-315.130798 12.803630 -38.837673
-321.444427 12.483499 -38.212616
-329.790100 12.535556 -44.116467
-338.046509 11.127794 -49.957245
-339.144928 61.383728 -50.734299
-298.332703 79.240700 -74.623344
-255.078857 79.240700 -99.941498
-211.922241 79.240700 -125.202835
-168.539017 79.240700 -150.596848
-125.091049 79.240700 -176.028625
-81.886215 79.240700 -201.318344
-38.454624 79.240700 -226.740753
2.961485 71.147491 -253.574112
38.137005 48.368774 -281.206390
Custom
FlyDown
53.522018 40.452915 -292.224274
57.606812 36.395409 -300.487762
Custom
ClickActor "Ulteran Spire Portal"
62.110764 36.652504 -306.586334
Wait
50
62.110764 36.652504 -306.586334
Custom
TravelMap "Nektulos Forest"
62.110764 36.652504 -306.586334
-337.607941 20.777161 -632.113220
-366.116089 48.018879 -662.974304
-406.101807 48.016262 -693.293030
-446.187836 48.013638 -723.688232
-486.258606 48.010975 -754.071960
-525.889954 53.775730 -784.122009
-563.415222 71.128395 -812.574341
-603.545715 71.125854 -843.002869
-643.452576 71.123329 -873.261230
-683.374390 71.120796 -903.530884
-723.475586 71.118271 -933.936584
-761.570007 86.203835 -962.821228
-797.514587 108.303131 -990.074890
-837.404541 108.300659 -1020.320923
-878.656555 108.300446 -1048.672485
-920.014526 108.300446 -1076.779297
-961.497314 108.300446 -1104.970581
-1003.135498 108.300446 -1133.266479
-1044.576782 108.300446 -1161.428223
-1086.002930 108.300446 -1189.577393
-1123.532715 129.487076 -1215.082642
-1162.806152 143.673294 -1242.661621
-1201.687744 143.673294 -1274.109253
-1240.875854 143.673294 -1305.806152
-1279.975952 143.673294 -1337.430664
-1315.160034 115.442604 -1359.207764
-1346.145630 77.983635 -1371.009521
-1379.919312 43.287319 -1384.700806
Custom
FlyDown
-1394.337769 27.059874 -1390.104858
Custom
HailActor "Gogas Afadin" 8
-1392.479004 25.477999 -1396.450684
-1392.479004 75.649925 -1396.450684
-1365.001465 106.171944 -1367.397583
-1331.997192 116.115631 -1330.728638
-1299.474121 116.115631 -1292.693481
-1266.769653 116.115631 -1254.443848
-1230.029907 116.115631 -1220.076782
-1186.103516 116.115631 -1196.100708
-1141.979248 116.115631 -1172.016602
-1097.971924 116.115631 -1147.993530
-1053.898315 116.115631 -1123.934814
-1009.643677 116.115631 -1099.777954
-965.602234 116.115631 -1075.737549
-921.511292 116.115631 -1051.670166
-877.519043 116.115631 -1027.657959
-833.428162 116.115631 -1003.592468
-789.419922 116.115631 -979.572205
-745.329529 116.115631 -955.506042
-701.288269 116.115631 -931.466431
-656.934326 116.115631 -907.256287
-612.597046 116.115631 -883.054810
-568.555603 116.115631 -859.015198
-524.580139 116.115631 -835.011658
-480.440002 116.115631 -810.918518
-436.118958 116.115631 -786.726257
-392.011902 116.115631 -762.650818
-365.124359 64.106430 -677.407043
-352.028259 24.498081 -654.104492
Custom
FlyDown
-352.028259 24.498081 -654.104492
-352.028259 1.700416 -654.111267
-347.376556 1.896961 -645.020935
-341.985443 2.144663 -636.452881
Custom
ClickActor "Ulteran Spire Portal"
-341.770020 2.144663 -636.138550
Wait
50
-341.770020 2.144663 -636.138550
Custom
TravelMap "Loping Plains"
-341.770020 2.144663 -636.138550
60.654938 63.262039 -306.305817
56.812374 104.482208 -278.148041
50.393551 120.829620 -231.111526
43.601665 120.829620 -181.341614
36.827545 120.829620 -131.701721
30.025534 120.829620 -81.857483
23.236210 120.829620 -32.106117
16.446878 120.829620 17.645250
9.642333 120.829620 67.508095
2.832712 120.829620 117.408073
-4.004797 120.829620 167.512451
-10.832166 120.829620 217.542496
-17.654461 120.829620 267.535400
-24.423510 120.829620 317.138031
8.374069 91.185318 340.827362
Custom
FlyDown
2.390300 66.798615 351.143677
Custom
PathKill 95 65 35 1 0 0 "a deep spawn consort" "Phosphorescent Pearl (6/6)" 1
2.386605 -4.069427 351.142059
3.084157 -4.058034 351.150177
13.008776 -4.184006 353.619385
22.851780 -4.174674 356.388031
32.954586 -3.837201 356.363342
41.762367 -3.822329 351.281982
47.688751 -3.816497 342.852448
51.234997 -3.967801 333.178619
51.315323 -4.082291 322.577606
55.547825 -3.931907 331.637756
59.617599 -3.974477 340.910126
63.717522 -3.761586 350.183350
70.833664 -3.510073 357.649109
80.467415 -3.408082 360.730225
89.877953 -3.696628 356.875031
97.005165 -3.918474 349.459503
101.780846 -4.046538 340.616669
103.732689 -3.912380 330.613556
101.799477 -3.132964 320.701355
99.727486 -2.417686 310.891571
107.223114 -2.700115 304.201172
116.778893 -3.009593 308.472900
123.952148 -3.461180 315.717987
128.859039 -4.008092 324.701569
135.664719 -4.048828 332.436737
143.769180 -3.985954 339.005920
151.661575 -3.832363 345.403137
158.382156 -3.403269 353.159973
163.134201 -3.075850 362.000183
165.807114 -2.859560 371.991302
163.796066 -2.968783 381.929565
157.675934 -3.676398 389.995697
148.547470 -3.938962 395.289856
138.671341 -3.741905 397.291687
128.349991 -3.507168 397.822662
118.184540 -3.581042 398.544159
108.442627 -3.659002 401.274200
98.681320 -3.497087 404.160126
88.806877 -3.075227 407.075958
80.947327 -3.503684 400.866699
77.286995 -4.023228 391.291290
73.753494 -4.093271 381.809692
69.869011 -3.754633 372.362213
62.938030 -3.696797 364.844482
52.855053 -3.567071 364.387207
44.987225 -4.208214 371.190674
39.964108 -4.168657 380.039642
35.876282 -4.108553 389.382660
31.975981 -3.977152 398.931885
29.099442 -3.656109 408.744659
30.789625 -3.692591 418.736877
39.302052 -3.831457 424.075714
48.383644 -4.042691 428.366608
39.453476 -4.001995 433.111115
29.610868 -3.290055 435.647400
19.773067 -3.212764 437.929626
9.799199 -3.572453 439.508240
-0.122458 -3.751312 440.929962
-10.256446 -3.700831 442.381989
-20.428560 -3.695863 443.843018
-30.343775 -4.068408 446.195129
-39.895607 -4.632355 449.290497
-49.584900 -4.267658 452.829529
-59.011040 -4.047682 456.293610
-68.692093 -3.778440 459.855560
-78.175766 -3.354236 463.709839
-87.487511 -3.467107 467.519928
-96.944519 -3.492278 470.897278
-106.458939 -3.385276 473.983765
-116.055687 -3.764920 476.875610
-125.731987 -3.942769 479.773590
-135.868896 -3.894846 481.507111
-145.749832 -3.195453 478.778503
-152.131592 -2.760869 470.838654
-152.319519 -3.483612 460.855438
-150.281693 -3.966990 450.889709
-144.891129 -4.069993 442.088135
-136.943848 -4.095841 435.770752
-127.599922 -4.108971 431.992615
-117.331856 -4.088541 433.897827
-108.496300 -4.154483 438.810852
-99.867004 -4.065586 443.947632
-90.949921 -4.199240 449.002136
-80.855370 -4.067832 450.023407
-72.109795 -4.169800 445.150543
-66.994041 -4.214089 436.170502
-61.522453 -3.988901 427.657318
-56.024231 -3.417163 419.207153
-50.579182 -2.785363 410.838654
-45.017162 -2.322602 402.290283
-39.620148 -2.790469 393.595734
-35.385120 -3.442271 384.257355
-31.238304 -3.935042 374.791565
-27.102753 -4.022878 365.597321
-22.436106 -4.018567 356.412903
-15.426947 -3.792765 349.278717
2.149202 -4.074932 350.956604
2.149202 -4.074932 350.956604
12.633127 -4.218698 351.780029
22.737572 -4.334468 352.603394
33.038868 -3.950324 353.442810
43.114662 -3.520941 354.263885
53.570702 -3.564349 355.115845
63.893196 -3.665613 356.034454
74.333199 -3.544285 357.230896
84.372314 -3.478465 359.114288
94.055962 -3.898248 361.841919
102.959267 -4.182585 366.605621
111.420593 -4.099536 372.993744
119.517662 -3.885779 379.106812
127.716385 -3.782647 385.296692
136.002045 -3.974370 391.552032
144.070358 -4.010159 397.643433
152.428986 -4.181101 403.286224
161.334000 -4.843474 408.479553
170.165726 -5.414801 413.473358
178.981628 -5.031425 418.458252
187.781754 -4.465228 423.434265
196.686630 -3.956481 428.482941
205.461609 -4.026593 433.751587
215.513840 -4.884880 436.277954
225.258057 -6.042124 438.695953
235.350891 -6.568285 441.203461
244.164307 -6.491882 436.438660
250.636459 -6.453531 428.361572
Custom
Zone 265 423
258.127960 -6.473111 423.139801
26.123865 -160.914856 -90.383690
22.127914 -160.869629 -81.177078
16.915300 -160.860947 -72.615761
10.194493 -160.852997 -65.160271
3.471142 -160.849365 -57.723969
-3.324542 -160.856735 -50.207645
-9.447447 -160.854874 -42.235584
-11.185116 -159.860962 -32.347878
-10.367207 -122.000000 -26.155533
-7.757986 -121.467903 -23.414461
-10.735750 -124.076515 -14.203930
-13.917864 -124.076538 -4.689804
-18.783329 -124.076538 4.103609
-26.654568 -124.076538 10.398757
-36.105911 -124.076538 13.999082
-46.096733 -123.905182 12.968092
-54.724426 -122.927322 7.980827
-63.490284 -123.567711 2.949844
-72.414162 -124.076538 -1.635979
-81.615242 -124.076538 -5.925865
-76.368721 -120.340836 -10.969641
-75.961472 -100.464073 -11.525955
-73.703461 -100.463531 -14.318087
-75.843048 -101.770851 -21.281298
-76.206223 -101.415359 -25.129864
-73.719223 -101.449165 -29.051981
-69.699333 -102.193092 -31.142542
-65.459236 -101.717796 -28.760536
-67.043793 -102.508675 -23.254791
-69.498421 -101.749695 -25.144190
-69.234924 -101.997452 -24.337042
-69.379051 -97.649414 -25.350067
-71.877518 -29.491241 -27.063620
Custom
JumpUp -71.877518 -29.491241 -27.063620 -27 50
-71.877518 -29.491241 -27.063620
-78.726135 -27.295624 -33.287262
-84.475945 -27.228836 -35.961472
-94.511536 -27.834705 -36.318840
-99.638840 -27.689959 -37.854641
-100.428795 -27.744743 -47.829071
-110.445656 -28.177513 -49.524033
-116.377380 -28.249968 -57.645042
-116.104233 -28.261293 -67.764442
-113.904747 -28.249685 -77.553085
-104.702110 -28.252352 -81.876999
-94.629883 -28.256474 -82.162811
-84.550522 -28.258482 -82.284866
-74.372963 -27.816925 -82.767128
-64.240547 -28.058229 -82.869629
-63.229908 -28.460167 -92.910095
Custom
ClickActor cazic_bonefetisha001
-57.365326 -30.050077 -97.422447
Wait
50
-57.365326 -30.050077 -97.422447
Custom
Target Kassar
-57.365326 -30.050077 -97.422447
Wait
50
-57.365326 -30.050077 -97.422447
-63.435913 -28.058229 -89.621117
-67.861633 -28.058229 -82.520111
-78.003090 -28.251295 -82.296066
-88.106873 -28.261312 -82.264786
-98.146545 -28.256212 -81.730103
-108.196083 -28.243526 -80.372566
-117.604858 -28.281815 -76.790314
-116.422783 -28.262405 -66.777260
-114.859756 -28.256952 -56.862236
-111.265823 -28.361055 -49.421543
-101.248619 -27.680515 -48.130871
-98.411850 -27.783216 -38.415943
-88.599800 -27.636080 -35.649250
-78.496979 -27.311354 -35.612579
-70.627037 -28.482450 -29.504059
-69.862595 -29.350157 -26.641518
-69.317940 -102.028206 -25.154432
-65.675941 -101.390312 -27.956274
-62.588806 -111.717377 -41.185436
-65.372879 -126.821365 -51.648960
-70.632576 -160.875092 -54.591412
-60.984890 -160.864761 -51.620159
-51.397774 -160.856400 -48.667686
-41.737919 -160.854218 -45.692814
-31.734320 -160.858047 -44.209160
-21.903873 -160.879868 -46.439613
-12.690392 -160.858948 -50.330334
-3.667976 -160.853134 -54.758434
4.255869 -160.860367 -60.920475
10.235081 -160.853241 -68.975197
15.922693 -160.852829 -77.203423
20.511967 -160.857971 -86.093414
24.781879 -160.852219 -95.291786
27.945440 -157.652954 -104.298164
Custom
Zone 29 -110
28.233824 -157.527191 -105.865852
246.942459 -6.478426 433.120483
239.338348 -6.452566 439.672089
231.605225 -6.431732 446.216095
221.688995 -6.419320 448.712891
212.955841 -5.610263 443.734253
204.986191 -4.663525 437.253571
202.916290 45.286964 435.541504
182.142044 70.935089 397.515808
165.100281 106.480408 366.322449
144.582657 112.751556 320.755524
139.179688 144.969086 282.542786
132.158813 148.283661 232.884583
125.142303 148.283661 183.259384
118.107590 148.283661 133.504272
112.254059 148.283661 83.710075
109.733849 148.283661 33.654644
107.209892 148.283661 -16.475590
104.684059 148.283661 -66.643372
102.154480 148.283661 -116.885902
99.639992 148.283661 -166.828796
90.803848 126.919640 -211.506134
76.235603 94.170288 -246.792175
62.334839 59.605343 -280.212738
Custom
FlyDown
61.343151 49.163162 -289.821930
61.002464 36.684540 -296.902222
Custom
ClickActor "Ulteran Spire Portal"
61.452042 36.652504 -305.382721
Wait
50
61.452042 36.652504 -305.382721
Custom
TravelMap "Nektulos Forest"
61.452042 36.652504 -305.382721
-341.546783 21.089607 -633.902710
-352.385254 33.360279 -654.223267
-379.446442 62.990269 -684.246338
-413.481354 57.866657 -720.872375
-456.568115 59.993538 -746.273376
-483.002472 93.572403 -772.324585
-517.521362 98.158020 -808.469482
-552.135315 93.024574 -844.713806
-586.547546 99.211571 -880.747498
-623.663818 99.211571 -914.383362
-662.179138 99.211571 -946.571411
-700.637329 99.211571 -978.711365
-738.955688 107.736618 -1009.870544
-773.571045 132.717804 -1035.946289
-813.537476 131.071228 -1065.964478
-853.696960 131.071228 -1096.072510
-893.766235 131.071228 -1126.113647
-933.850586 131.071228 -1156.167358
-973.889343 131.071228 -1186.186401
-1012.778625 143.414536 -1215.343018
-1052.815186 143.414536 -1245.359619
-1098.308350 143.414536 -1266.634644
-1144.690796 143.414536 -1285.862549
-1190.934814 143.414536 -1305.032227
-1237.369629 143.414536 -1324.280884
-1280.932983 128.066833 -1344.078979
-1315.031616 94.700256 -1360.139771
-1350.301514 61.916405 -1375.096924
-1387.725586 31.980728 -1390.403931
Custom
FlyDown
-1394.569336 26.656702 -1393.203979
Custom
HailActor "Gogas Afadin" 6
-1393.135986 25.598015 -1396.230225
